/*--------------------------------*- C++ -*----------------------------------*\
  =========                 |
  \\      /  F ield         | OpenFOAM: The Open Source CFD Toolbox
   \\    /   O peration     | Website:  https://openfoam.org
    \\  /    A nd           | Version:  8
     \\/     M anipulation  |
\*---------------------------------------------------------------------------*/
FoamFile
{
    version     2.0;
    format      ascii;
    class       volVectorField;
    location    "900";
    object      wallShearStress;
}
// * * * * * * * * * * * * * * * * * * * * * * * * * * * * * * * * * * * * * //

dimensions      [0 2 -2 0 0 0 0];

internalField   uniform (0 0 0);

boundaryField
{
    inlet
    {
        type            calculated;
        value           uniform (0 0 0);
    }
    outlet
    {
        type            calculated;
        value           uniform (0 0 0);
    }
    upperWall
    {
        type            calculated;
        value           nonuniform List<vector> 
223
(
(-0.582193 -0.392359 0)
(-0.977814 -0.219377 0)
(-0.939335 -0.0567746 0)
(-0.81071 -0.00585779 0)
(-0.734594 0.00331369 0)
(-0.695452 0.00231579 0)
(-0.670933 0.000424087 0)
(-0.653507 -0.00144946 0)
(-0.640532 -0.00256377 0)
(-0.629818 -0.00218243 0)
(-0.620062 -0.00131139 0)
(-0.610953 -0.0010835 0)
(-0.603066 -0.00141019 0)
(-0.596129 -0.00113969 0)
(-0.59023 -0.000816548 0)
(-0.585298 -0.000723534 0)
(-0.579938 0.000561738 0)
(-0.574701 0.00118444 0)
(-0.570629 0.000722159 0)
(-0.567755 0.000956281 4.23009e-22)
(-0.564942 0.00218919 0)
(-0.561906 0.00330129 0)
(-0.558466 0.00405959 0)
(-0.555175 0.00391304 4.51114e-22)
(-0.55234 0.00356101 0)
(-0.549697 0.00379988 0)
(-0.546952 0.0036597 0)
(-0.544185 0.00374154 -9.44078e-22)
(-0.541291 0.00359392 9.5326e-22)
(-0.538476 0.00310653 9.61652e-22)
(-0.535793 0.00262971 0)
(-0.533156 0.00225792 -9.79873e-22)
(-0.530526 0.00194357 0)
(-0.527909 0.00169942 1.00103e-21)
(-0.525282 0.00150951 1.01292e-21)
(-0.522644 0.0013705 -1.02577e-21)
(-0.519987 0.00126238 0)
(-0.517312 0.00118115 0)
(-0.514615 0.00112143 0)
(-0.511892 0.00107783 0)
(-0.50914 0.0010466 -1.09229e-21)
(-0.506357 0.00102508 0)
(-0.503539 0.00101111 0)
(-0.500686 0.00100322 1.13176e-21)
(-0.497794 0.00100036 0)
(-0.49486 0.00100169 1.1578e-21)
(-0.49188 0.00100638 -1.17064e-21)
(-0.488853 0.00101379 1.18329e-21)
(-0.485774 0.00102353 0)
(-0.482642 0.00103424 0)
(-0.479455 0.00104538 0)
(-0.476216 0.00105582 1.2307e-21)
(-0.472929 0.00106438 -1.24138e-21)
(-0.469606 0.00107128 0)
(-0.466262 0.00107761 0)
(-0.462912 0.00108392 0)
(-0.459567 0.00108935 0)
(-0.456233 0.00109283 0)
(-0.452908 0.00109359 0)
(-0.44959 0.00109171 0)
(-0.44627 0.00108803 0)
(-0.442937 0.0010834 1.29189e-21)
(-0.439581 0.00107899 -1.29166e-21)
(-0.436192 0.00107574 0)
(-0.432757 0.00107429 0)
(-0.429267 0.00107481 0)
(-0.425712 0.00107745 -1.2783e-21)
(-0.422083 0.001082 0)
(-0.418376 0.00108813 0)
(-0.414582 0.00109563 0)
(-0.410699 0.00110398 0)
(-0.406721 0.00111271 0)
(-0.402649 0.00112134 -2.43441e-21)
(-0.398481 0.00112936 0)
(-0.394218 0.0011362 0)
(-0.389862 0.00114133 0)
(-0.385421 0.00114458 0)
(-0.380901 0.00114581 0)
(-0.376316 0.00114488 0)
(-0.371677 0.0011416 0)
(-0.366996 0.00113561 2.09545e-21)
(-0.362282 0.00112675 0)
(-0.357546 0.00111521 0)
(-0.352789 0.00110129 0)
(-0.348016 0.00108541 -1.8398e-21)
(-0.343226 0.00106823 0)
(-0.338417 0.00105037 -1.69037e-21)
(-0.333586 0.00103245 0)
(-0.328727 0.00101538 0)
(-0.323832 0.000999885 0)
(-0.319022 0.000992065 -1.35118e-21)
(-0.316382 0.00100121 0)
(-0.313657 0.0010151 1.18069e-21)
(-0.310852 0.0010297 1.09e-21)
(-0.307972 0.00104292 0)
(-0.305027 0.00105381 8.96293e-22)
(-0.30203 0.00106263 0)
(-0.298994 0.00106984 0)
(-0.295931 0.0010776 0)
(-0.292859 0.00108353 -4.54796e-22)
(-0.289789 0.00109666 0)
(-0.286737 0.00109616 -2.05259e-22)
(-0.283705 0.00110483 7.32576e-23)
(-0.280724 0.00111199 0)
(-0.277783 0.00111202 0)
(-0.274908 0.00111195 0)
(-0.272094 0.00109266 0)
(-0.269324 0.00107537 0)
(-0.266667 0.000956133 0)
(-0.263909 0.000851337 0)
(-0.261513 0.000753705 1.15027e-21)
(-0.259128 0.000816559 0)
(-0.256846 0.00111314 0)
(-0.254668 0.00115077 0)
(-0.252606 0.00141474 0)
(-0.250644 0.00125314 0)
(-0.248372 0.000559183 0)
(-0.246189 0.000405861 0)
(-0.244141 0.000594854 0)
(-0.242162 0.000778725 0)
(-0.240157 0.00061594 0)
(-0.238442 0.000614177 0)
(-0.236643 0.000788119 0)
(-0.234922 0.000811579 7.19081e-21)
(-0.233419 0.00124545 0)
(-0.231894 0.00140869 0)
(-0.230626 0.00110405 0)
(-0.229347 0.000992164 -8.74141e-21)
(-0.228127 0.000948126 0)
(-0.226544 0.00110548 0)
(-0.22527 0.000501554 -9.98239e-21)
(-0.223369 -0.000247591 0)
(-0.221662 -0.0001358 1.09765e-20)
(-0.219931 0.000132554 0)
(-0.218539 0.000297358 0)
(-0.217436 0.00037545 0)
(-0.216258 0.000291299 -1.2619e-20)
(-0.215378 0.00024526 0)
(-0.214088 0.000452774 1.34569e-20)
(-0.21282 0.000442332 0)
(-0.211925 0.000378554 0)
(-0.210818 0.000477715 0)
(-0.209619 0.000367665 0)
(-0.208819 0.000294984 0)
(-0.207852 0.000382807 0)
(-0.207012 0.000382284 0)
(-0.206098 0.000381216 0)
(-0.205456 0.000367485 0)
(-0.204395 0.000299001 0)
(-0.203688 0.000377216 0)
(-0.203043 0.000423157 1.84479e-20)
(-0.202324 0.000529475 -1.8837e-20)
(-0.201592 0.000652002 0)
(-0.200773 0.000872612 0)
(-0.200572 0.000821369 0)
(-0.200095 0.000671346 0)
(-0.199396 0.000762897 -2.08816e-20)
(-0.199121 0.000602781 2.11949e-20)
(-0.198796 3.43119e-05 -2.16258e-20)
(-0.197454 -0.000462397 0)
(-0.19678 -0.000284977 -2.26856e-20)
(-0.195938 -6.34365e-05 -4.63504e-20)
(-0.19559 7.57512e-05 0)
(-0.194962 9.29925e-05 -4.78441e-20)
(-0.194707 5.11768e-05 4.8471e-20)
(-0.1945 0.000136862 0)
(-0.194097 0.000220478 0)
(-0.193913 0.000376678 0)
(-0.193487 0.00069261 0)
(-0.193108 0.000890762 0)
(-0.193036 0.000334731 -5.31278e-20)
(-0.192108 -0.000205832 0)
(-0.191242 -6.21521e-05 -5.56454e-20)
(-0.19096 -1.56669e-05 0)
(-0.190951 7.49388e-05 0)
(-0.190123 0.000252034 0)
(-0.189741 0.000334836 0)
(-0.189047 0.000543595 0)
(-0.188663 0.000730717 6.05878e-20)
(-0.188277 0.00059063 0)
(-0.188284 0.000447811 0)
(-0.187344 0.000448139 -6.38657e-20)
(-0.186901 0.000117961 0)
(-0.185279 -0.000100184 0)
(-0.184083 6.98039e-05 0)
(-0.183463 0.00030826 6.85332e-20)
(-0.182256 0.000733602 0)
(-0.18113 0.00074263 0)
(-0.180135 0.000555907 0)
(-0.178778 0.000575548 0)
(-0.176184 0.000572064 -7.70689e-20)
(-0.174041 0.000585174 0)
(-0.171057 0.000394026 0)
(-0.166659 0.000361519 0)
(-0.161521 0.000779126 8.89976e-20)
(-0.154501 0.00121395 0)
(-0.147412 0.00217931 0)
(-0.122964 0.00225413 -1.07891e-19)
(-0.140705 0.00684055 0)
(-0.169349 0.0134198 1.24642e-17)
(-0.187272 0.0172559 2.34294e-17)
(-0.193436 0.0190033 2.2709e-17)
(-0.197209 0.0197925 2.19134e-17)
(-0.200978 0.0203646 2.11767e-17)
(-0.2055 0.0210401 -2.02196e-17)
(-0.209754 0.0215238 -1.95074e-17)
(-0.214062 0.0219037 -6.01853e-36)
(-0.217795 0.0220244 -3.67663e-17)
(-0.219995 0.0221697 -1.80829e-17)
(-0.224598 0.02271 4.99538e-34)
(-0.227461 0.022903 0)
(-0.231068 0.0233654 -3.22693e-17)
(-0.235462 0.0239521 -3.06549e-17)
(-0.242445 0.024799 -2.84635e-17)
(-0.24963 0.0254578 -2.40741e-35)
(-0.256939 0.0260744 4.94007e-17)
(-0.263957 0.0266508 2.26458e-17)
(-0.272784 0.0274484 1.20371e-35)
(-0.282677 0.0283581 -3.48606e-17)
(-0.291237 0.029003 -1.58563e-20)
(-0.300807 0.0295582 -3.00927e-36)
(-0.305388 0.0305125 1.34123e-17)
(-0.332972 0.0322004 -7.62507e-18)
)
;
    }
    lowerWall
    {
        type            calculated;
        value           nonuniform List<vector> 
250
(
(-0.653909 0.466638 0)
(-1.14095 0.204678 0)
(-1.03492 0.0379587 0)
(-0.869573 -0.000935958 0)
(-0.786941 -0.00419158 0)
(-0.746063 -0.00160777 0)
(-0.719879 0.000416299 0)
(-0.700647 -0.000651688 0)
(-0.685091 -0.0040559 0)
(-0.671321 -0.00471216 0)
(-0.658937 -0.00298812 0)
(-0.647725 -0.000864079 0)
(-0.637523 0.00142652 0)
(-0.628199 0.0021046 0)
(-0.619334 0.00136862 0)
(-0.611539 0.00135974 0)
(-0.604614 0.00169633 0)
(-0.605081 0.00195966 0)
(-0.00423812 -0.0229294 0)
(-0.00277697 -0.0177669 0)
(-0.000720117 -0.0145885 0)
(0.00189208 -0.0138622 8.99972e-20)
(0.0052149 -0.0152413 -7.85273e-20)
(0.00890534 -0.0208406 6.2828e-20)
(0.0126763 -0.0200257 -4.84901e-20)
(0.0256451 -0.0632542 0)
(-0.0838916 -0.144689 0)
(0.000880576 -0.00384509 0)
(-0.00766484 0.00953265 0)
(-0.00852238 0.0328192 0)
(-0.0025574 0.0448695 0)
(0.00294818 0.0442897 1.82189e-20)
(0.00617918 0.0360972 -1.89582e-20)
(0.00818393 0.0242002 0)
(0.00945737 0.0102014 -5.41642e-20)
(0.00943189 -0.00400215 6.1141e-20)
(0.00793607 -0.0173831 0)
(0.00614423 -0.0291579 0)
(0.00438448 -0.0385293 0)
(0.0026897 -0.0451106 0)
(0.000988838 -0.0488547 0)
(-0.000882204 -0.0494963 0)
(-0.00281709 -0.0463966 0)
(-0.00437466 -0.0399054 0)
(-0.00490469 -0.0308425 0)
(0.00132977 -0.00151673 0)
(0.00134178 0.00652788 0)
(-0.00450656 0.00962158 0)
(-0.00959639 0.00976121 0)
(-0.0133848 0.00830497 0)
(-0.0158936 0.00624067 0)
(-0.0172709 0.00410256 1.49518e-21)
(-0.0177914 0.00201047 -1.52663e-21)
(-0.0173419 -3.40124e-06 0)
(-0.0160659 -0.00168428 -1.65222e-21)
(-0.0142009 -0.00283797 0)
(-0.0120616 -0.00329959 0)
(-0.0100589 -0.00304089 -0)
(-0.00855767 -0.00228493 2.56945e-21)
(-0.00761897 -0.00142462 0)
(-0.00694133 -0.000812058 0)
(-0.00612659 -0.000612448 -3.37565e-21)
(-0.00500304 -0.000979826 0)
(-0.0034302 -0.00235116 0)
(-0.000535713 -0.00503738 0)
(0.0043255 -0.00740003 3.0469e-21)
(0.00991226 -0.00889264 0)
(0.0158143 -0.00985143 1.47128e-21)
(0.0218631 -0.0106158 0)
(0.028068 -0.0112689 -0)
(0.0343802 -0.0115165 8.45108e-22)
(0.0405153 -0.0113576 0)
(0.0491083 -0.0116035 -7.54004e-22)
(0.0588999 -0.011757 -0)
(0.0685965 -0.0115854 7.70661e-22)
(0.0780081 -0.0111722 0)
(0.0869843 -0.0105877 0)
(0.0954318 -0.00989372 0)
(0.103293 -0.00914008 -0)
(0.110542 -0.00836405 0)
(0.117178 -0.00759259 -8.11134e-22)
(0.123213 -0.0068431 -0)
(0.128672 -0.00612507 1.63306e-21)
(0.133579 -0.00544254 0)
(0.137963 -0.00479596 -1.63494e-21)
(0.14185 -0.00418357 -0)
(0.145263 -0.00360274 -0)
(0.148225 -0.00305068 1.62104e-21)
(0.150752 -0.00252508 0)
(0.152858 -0.00202491 1.60083e-21)
(0.154557 -0.00155099 -1.58752e-21)
(0.155859 -0.0011068 -0)
(0.156778 -0.000699272 -1.5549e-21)
(0.157325 -0.000338168 -1.53587e-21)
(0.157511 -4.00551e-05 -0)
(0.157406 0.000194622 0)
(0.157074 0.000391438 0)
(0.15652 0.000568099 0)
(0.155759 0.000731026 -0)
(0.154798 0.000884161 1.37581e-21)
(0.153646 0.00102829 0)
(0.15231 0.00116399 -1.30703e-21)
(0.150797 0.00129165 -0)
(0.149114 0.00141131 -0)
(0.147269 0.00152288 1.19058e-21)
(0.14527 0.00162642 0)
(0.143124 0.00172193 -1.10488e-21)
(0.140841 0.00180937 -0)
(0.138427 0.00188866 0)
(0.135893 0.00195988 -0)
(0.133248 0.00202316 9.16858e-22)
(0.130499 0.00207852 0)
(0.127657 0.00212607 -0)
(0.124731 0.00216602 7.63817e-22)
(0.12173 0.00219851 0)
(0.118663 0.00222372 6.57282e-22)
(0.11554 0.00224192 0)
(0.112368 0.00225337 0)
(0.109158 0.00225835 0)
(0.105917 0.00225712 -4.36202e-22)
(0.102654 0.00224994 -0)
(0.0993779 0.00223714 0)
(0.0960953 0.00221918 -2.65601e-22)
(0.0928139 0.00219624 -2.08154e-22)
(0.0895413 0.00216872 -0)
(0.0862836 0.00213701 -9.26884e-23)
(0.0830478 0.0021014 -0)
(0.0798396 0.00206239 4.653e-23)
(0.0766643 0.00202027 -0)
(0.0735275 0.00197549 2.78943e-22)
(0.0704335 0.00192861 0)
(0.0673867 0.00188009 -5.11623e-22)
(0.0643912 0.00183075 -0)
(0.0614496 0.00178157 0)
(0.0585649 0.00173375 -0)
(0.0557391 0.00168915 9.78382e-22)
(0.0529734 0.00164989 0)
(0.050268 0.00161809 -1.21382e-21)
(0.0476219 0.0015948 0)
(0.0457838 0.00160345 1.47558e-21)
(0.0442414 0.001621 1.63409e-21)
(0.0427023 0.0016259 1.79901e-21)
(0.041175 0.00161299 0)
(0.0396647 0.00158965 0)
(0.038171 0.00156398 0)
(0.0366928 0.00153817 0)
(0.0352299 0.00151245 0)
(0.0337828 0.00148682 0)
(0.0323519 0.00146135 0)
(0.0309378 0.00143612 0)
(0.0295409 0.00141127 -3.69173e-21)
(0.0281616 0.00138707 -3.96737e-21)
(0.0268 0.00136366 0)
(0.0254561 0.00134067 0)
(0.0241307 0.0013166 0)
(0.0228249 0.00129169 -5.26728e-21)
(0.0215388 0.00126748 0)
(0.0202722 0.00124382 0)
(0.0190253 0.00122074 0)
(0.017798 0.00119831 0)
(0.0165905 0.00117658 7.53576e-21)
(0.0154026 0.00115562 0)
(0.0142345 0.00113553 0)
(0.013086 0.00111641 -9.45445e-21)
(0.011957 0.00109829 1.02319e-20)
(0.0108475 0.00108128 0)
(0.00975743 0.00106566 1.20681e-20)
(0.00868667 0.00105206 0)
(0.00763486 0.00104168 -1.44063e-20)
(0.00660133 0.00103479 0)
(0.00558575 0.00103039 0)
(0.00458808 0.00102817 0)
(0.00360788 0.00102846 0)
(0.00264471 0.0010315 0)
(0.00169902 0.00103722 5.57041e-20)
(0.000772306 0.00104281 6.42125e-20)
(-0.000137457 0.00103014 0)
(-0.0010347 0.00098735 0)
(-0.00191649 0.000934979 0)
(-0.00278279 0.000885496 -5.28946e-20)
(-0.00363346 0.000840588 0)
(-0.00446835 0.000799851 0)
(-0.00528782 0.000762796 0)
(-0.00609245 0.00072893 -4.04189e-20)
(-0.00688281 0.000697795 3.83685e-20)
(-0.00765939 0.000669009 0)
(-0.00842266 0.000642267 0)
(-0.00917304 0.000617329 3.362e-20)
(-0.00991103 0.000593991 3.23795e-20)
(-0.010637 0.00057209 0)
(-0.0113514 0.000551496 0)
(-0.0120546 0.00053209 -2.9354e-20)
(-0.0127471 0.000513773 2.85262e-20)
(-0.0134293 0.00049647 0)
(-0.0141017 0.00048011 0)
(-0.0147646 0.000464626 2.64363e-20)
(-0.0154185 0.00044997 0)
(-0.0160638 0.000436096 0)
(-0.0167011 0.000422959 2.47908e-20)
(-0.0173307 0.000410524 0)
(-0.0179531 0.000398763 2.38747e-20)
(-0.0185688 0.000387636 0)
(-0.0191782 0.000377117 0)
(-0.0197818 0.000367176 0)
(-0.02038 0.000357785 -2.23589e-20)
(-0.0209734 0.000348897 0)
(-0.0215623 0.00034047 0)
(-0.0221469 0.000332492 0)
(-0.022728 0.000324843 0)
(-0.0233052 0.000317463 0)
(-0.023879 0.00031027 0)
(-0.0244491 0.000303089 -2.03855e-20)
(-0.0250153 0.000295708 -2.01552e-20)
(-0.0255764 0.000287867 0)
(-0.0261312 0.0002792 0)
(-0.0266774 0.000269165 0)
(-0.0272118 0.000257014 1.93604e-20)
(-0.0277289 0.000241538 0)
(-0.0282209 0.000221315 -3.81348e-20)
(-0.0286778 0.000192246 3.79286e-20)
(-0.0290708 0.000152622 3.78195e-20)
(-0.029402 7.78898e-05 -3.7858e-20)
(-0.0294837 -3.94e-05 3.80452e-20)
(-0.0295082 -0.000356566 -3.83974e-20)
(-0.0279736 -0.000616884 0)
(-0.0293462 -0.000516207 -2.43317e-18)
(-0.0327699 -0.00134238 -2.26976e-18)
(-0.0364134 -0.00203337 0)
(-0.0395341 -0.00257607 -4.06085e-18)
(-0.0424841 -0.00301856 -7.7578e-18)
(-0.0455567 -0.00342178 -3.71955e-18)
(-0.0487809 -0.00381837 3.56824e-18)
(-0.052111 -0.00430619 -3.00927e-35)
(-0.0556005 -0.00472191 3.00927e-36)
(-0.0593115 -0.00503087 3.15075e-18)
(-0.063229 -0.00544021 3.03247e-18)
(-0.0674311 -0.00584441 3.00927e-36)
(-0.0719193 -0.00623332 0)
(-0.0767322 -0.00669134 0)
(-0.0819206 -0.00719877 -4.64085e-35)
(-0.0875377 -0.00774725 -5.97621e-35)
(-0.0936551 -0.00835027 1.71528e-34)
(-0.100325 -0.00901448 -4.15829e-18)
(-0.107689 -0.00973531 -3.81231e-18)
(-0.116748 -0.0106274 1.80556e-35)
(-0.127565 -0.0116303 6.13671e-18)
(-0.13842 -0.0127366 1.03492e-17)
(-0.153645 -0.0139294 6.01853e-36)
(-0.162846 -0.0152958 -5.09804e-18)
(-0.19196 -0.0169831 -6.01853e-36)
)
;
    }
    frontAndBack
    {
        type            empty;
    }
}


// ************************************************************************* //
