/*--------------------------------*- C++ -*----------------------------------*\
  =========                 |
  \\      /  F ield         | OpenFOAM: The Open Source CFD Toolbox
   \\    /   O peration     | Website:  https://openfoam.org
    \\  /    A nd           | Version:  8
     \\/     M anipulation  |
\*---------------------------------------------------------------------------*/
FoamFile
{
    version     2.0;
    format      ascii;
    class       volVectorField;
    location    "4900";
    object      wallShearStress;
}
// * * * * * * * * * * * * * * * * * * * * * * * * * * * * * * * * * * * * * //

dimensions      [0 2 -2 0 0 0 0];

internalField   uniform (0 0 0);

boundaryField
{
    inlet
    {
        type            calculated;
        value           uniform (0 0 0);
    }
    outlet
    {
        type            calculated;
        value           uniform (0 0 0);
    }
    upperWall
    {
        type            calculated;
        value           nonuniform List<vector> 
223
(
(-0.582193 -0.392359 0)
(-0.977814 -0.219377 0)
(-0.939335 -0.0567746 0)
(-0.81071 -0.00585788 0)
(-0.734594 0.00331366 0)
(-0.695452 0.00231537 0)
(-0.67094 0.000424068 0)
(-0.653508 -0.00144908 0)
(-0.640533 -0.0025638 0)
(-0.629819 -0.00218245 0)
(-0.620063 -0.00131142 0)
(-0.610955 -0.00108355 0)
(-0.603068 -0.00141059 0)
(-0.596128 -0.0011389 0)
(-0.590229 -0.000828783 0)
(-0.585438 -0.000755769 0)
(-0.580234 0.000753741 0)
(-0.574816 0.00274898 0)
(-0.570787 0.00183733 0)
(-0.567966 0.00149053 4.23054e-22)
(-0.564783 0.00318185 0)
(-0.561363 0.00293713 0)
(-0.558327 0.00230468 0)
(-0.555556 0.00222209 4.46165e-22)
(-0.552844 0.00233297 0)
(-0.550125 0.00330496 0)
(-0.547032 0.00386685 0)
(-0.544025 0.00358809 -9.37928e-22)
(-0.541248 0.00309879 9.47579e-22)
(-0.538553 0.00299716 9.58484e-22)
(-0.535798 0.00267234 0)
(-0.53314 0.00233829 -9.79424e-22)
(-0.530509 0.00205427 0)
(-0.527888 0.00182855 1.00239e-21)
(-0.525259 0.00163857 1.01441e-21)
(-0.522619 0.00149385 -1.02693e-21)
(-0.519957 0.00137764 0)
(-0.51728 0.00128591 0)
(-0.51458 0.00121515 0)
(-0.511856 0.00116086 0)
(-0.509104 0.00111961 -1.09135e-21)
(-0.506322 0.00108884 0)
(-0.503507 0.00106667 0)
(-0.500656 0.00105157 1.13133e-21)
(-0.497766 0.00104226 0)
(-0.494835 0.00103784 1.15774e-21)
(-0.491859 0.00103759 -1.1707e-21)
(-0.488835 0.00104067 1.18343e-21)
(-0.485759 0.00104659 0)
(-0.48263 0.0010541 0)
(-0.479445 0.00106248 0)
(-0.476207 0.00107046 1.23089e-21)
(-0.472922 0.00107692 -1.24155e-21)
(-0.4696 0.00108213 0)
(-0.466258 0.00108708 0)
(-0.462909 0.00109218 0)
(-0.459565 0.00109668 0)
(-0.456231 0.00109933 0)
(-0.452907 0.00109939 0)
(-0.449589 0.00109692 0)
(-0.44627 0.00109261 0)
(-0.442938 0.00108747 1.2921e-21)
(-0.439583 0.0010826 -1.29187e-21)
(-0.436194 0.00107892 0)
(-0.432761 0.00107704 0)
(-0.429271 0.00107726 0)
(-0.425716 0.00107946 -1.2785e-21)
(-0.422088 0.00108359 0)
(-0.418381 0.00108949 0)
(-0.414587 0.00109668 0)
(-0.410704 0.00110471 0)
(-0.406728 0.00111321 0)
(-0.402656 0.00112169 -2.43463e-21)
(-0.398487 0.00112954 0)
(-0.394224 0.00113619 0)
(-0.389869 0.00114127 0)
(-0.385427 0.00114444 0)
(-0.380908 0.00114558 0)
(-0.376323 0.00114471 0)
(-0.371683 0.00114138 0)
(-0.367002 0.00113535 2.09558e-21)
(-0.362289 0.00112655 0)
(-0.357552 0.00111502 0)
(-0.352796 0.00110112 0)
(-0.348023 0.00108526 -1.83991e-21)
(-0.343233 0.00106811 0)
(-0.338424 0.00105031 -1.69049e-21)
(-0.333592 0.0010324 0)
(-0.328732 0.00101528 0)
(-0.323838 0.000999795 0)
(-0.319026 0.000992007 -1.35128e-21)
(-0.316385 0.00100112 0)
(-0.313661 0.00101501 1.18081e-21)
(-0.310856 0.00102968 1.09012e-21)
(-0.307976 0.00104286 0)
(-0.305032 0.00105373 8.96435e-22)
(-0.302035 0.0010625 0)
(-0.298998 0.00106984 0)
(-0.295937 0.00107688 0)
(-0.292865 0.0010844 -4.55029e-22)
(-0.289797 0.00109321 0)
(-0.286745 0.00110107 -2.05653e-22)
(-0.283724 0.00111101 7.36513e-23)
(-0.280741 0.00110965 0)
(-0.277807 0.00110971 0)
(-0.274927 0.00110703 0)
(-0.272112 0.00108797 0)
(-0.269352 0.00104296 0)
(-0.266682 0.000959122 0)
(-0.264134 0.000868081 0)
(-0.261577 0.000944856 1.15169e-21)
(-0.259321 0.00109837 0)
(-0.257036 0.00138569 0)
(-0.254934 0.00142532 0)
(-0.252826 0.000822568 0)
(-0.250546 0.000571055 0)
(-0.248438 0.000707689 0)
(-0.246494 0.00123904 0)
(-0.244664 0.00146944 0)
(-0.243031 0.00117137 0)
(-0.241398 0.00111461 0)
(-0.239918 0.00102775 0)
(-0.238317 0.00101593 0)
(-0.236715 0.000993439 7.11064e-21)
(-0.235153 0.000926867 0)
(-0.233642 0.000637596 0)
(-0.231926 0.000145813 0)
(-0.229977 0.000396036 -8.82153e-21)
(-0.22829 0.000818076 0)
(-0.22682 0.000694761 0)
(-0.225561 0.000610035 -9.98192e-21)
(-0.224249 0.000609215 0)
(-0.222721 0.000730193 1.08355e-20)
(-0.221297 0.000204544 0)
(-0.219491 -0.000392621 0)
(-0.217798 -0.000146891 0)
(-0.216512 0.000189588 -1.2622e-20)
(-0.215323 0.000319359 0)
(-0.214137 0.000290679 1.34498e-20)
(-0.212962 0.000766342 0)
(-0.21182 0.00093079 0)
(-0.211001 0.000460721 0)
(-0.209885 0.000610851 0)
(-0.209201 0.000836924 0)
(-0.208677 0.000682979 0)
(-0.207888 0.000514405 0)
(-0.20714 0.000608969 0)
(-0.206181 0.000639058 0)
(-0.205527 0.000451759 0)
(-0.20462 0.000491315 0)
(-0.204019 -0.000111976 1.83395e-20)
(-0.202857 -0.000616347 -1.89723e-20)
(-0.20171 -0.000328743 0)
(-0.201188 -0.000105345 0)
(-0.200305 4.84098e-05 0)
(-0.199781 8.26159e-05 0)
(-0.199157 0.000123778 -2.09287e-20)
(-0.198573 0.00017802 2.1368e-20)
(-0.19814 0.000173762 -2.174e-20)
(-0.197563 0.000179525 0)
(-0.197212 0.00031281 -2.2543e-20)
(-0.196573 0.000344644 -4.60107e-20)
(-0.196056 0.000609181 0)
(-0.195767 0.000836542 -4.73086e-20)
(-0.195312 0.000523462 4.8347e-20)
(-0.19518 0.00037805 0)
(-0.194882 0.000340298 0)
(-0.194551 0.00049473 0)
(-0.194328 0.0006371 0)
(-0.193667 0.000438276 0)
(-0.193508 0.000304396 -5.31064e-20)
(-0.193572 0.000177883 0)
(-0.192677 0.00024354 -5.51272e-20)
(-0.192251 5.39375e-05 0)
(-0.191306 -0.000318334 0)
(-0.190259 -0.000217282 0)
(-0.189794 -7.5302e-05 0)
(-0.189235 -8.60977e-07 0)
(-0.188967 9.52825e-05 6.08296e-20)
(-0.188109 0.00018373 0)
(-0.187369 0.000226249 0)
(-0.186642 0.000219138 -6.4061e-20)
(-0.186132 0.000300202 0)
(-0.18487 0.000386622 0)
(-0.183897 0.000477053 0)
(-0.183177 0.000782648 6.85083e-20)
(-0.182271 0.000546124 0)
(-0.180653 0.000278799 0)
(-0.179246 0.000673764 0)
(-0.177847 0.000794742 0)
(-0.175933 0.000732674 -7.67949e-20)
(-0.173865 0.000431404 0)
(-0.170358 0.000244338 0)
(-0.166129 0.000553155 0)
(-0.161749 0.000898819 8.84673e-20)
(-0.154239 0.00128249 0)
(-0.147383 0.00218935 0)
(-0.122964 0.00225823 -1.07782e-19)
(-0.140645 0.00684806 6.01853e-36)
(-0.169227 0.0134314 1.24637e-17)
(-0.187126 0.0172587 2.34373e-17)
(-0.193299 0.0190007 2.2716e-17)
(-0.19709 0.0197883 2.19202e-17)
(-0.200893 0.020361 2.1179e-17)
(-0.205388 0.0210405 -2.02293e-17)
(-0.209642 0.0215449 -1.95208e-17)
(-0.213846 0.0218866 -6.01853e-36)
(-0.218087 0.0220278 -3.66529e-17)
(-0.220226 0.0221886 -1.8074e-17)
(-0.224694 0.0227264 5.23612e-34)
(-0.227517 0.0229082 -1.20371e-35)
(-0.231056 0.0233664 -3.22781e-17)
(-0.235338 0.0239368 -3.06855e-17)
(-0.242335 0.0247797 -2.84659e-17)
(-0.249515 0.0254448 -2.40741e-35)
(-0.256858 0.0260679 4.94047e-17)
(-0.263908 0.0266476 2.26466e-17)
(-0.272751 0.0274463 1.20371e-35)
(-0.282656 0.0283572 -3.48624e-17)
(-0.291215 0.0289994 -1.58057e-20)
(-0.300881 0.0295777 0)
(-0.304436 0.0304166 1.34855e-17)
(-0.332561 0.0321495 -7.62904e-18)
)
;
    }
    lowerWall
    {
        type            calculated;
        value           nonuniform List<vector> 
250
(
(-0.653909 0.466638 0)
(-1.14095 0.204678 0)
(-1.03492 0.0379587 0)
(-0.869573 -0.000935979 0)
(-0.786941 -0.00419161 0)
(-0.746063 -0.00160781 0)
(-0.719878 0.00041618 0)
(-0.700645 -0.000651792 0)
(-0.685088 -0.00405592 0)
(-0.671318 -0.0047122 0)
(-0.658932 -0.00298821 0)
(-0.64772 -0.000864252 0)
(-0.637516 0.00142603 0)
(-0.628189 0.00210385 0)
(-0.61932 0.00136788 0)
(-0.611521 0.00135745 0)
(-0.60458 0.00169583 0)
(-0.605069 0.00194291 0)
(-0.00426047 -0.0228581 0)
(-0.00275889 -0.0176427 0)
(-0.000676882 -0.0144933 0)
(0.00194474 -0.0137779 9.02202e-20)
(0.00526926 -0.0151985 -7.86138e-20)
(0.00896221 -0.0208215 6.28452e-20)
(0.0127409 -0.0200874 -4.84706e-20)
(0.0256275 -0.0633163 0)
(-0.0840668 -0.144715 0)
(0.000872202 -0.00384029 0)
(-0.00766549 0.00954771 0)
(-0.00851594 0.0328223 0)
(-0.00254911 0.0448558 0)
(0.00295365 0.0442615 1.82215e-20)
(0.00618299 0.0360628 -1.89651e-20)
(0.00818751 0.0241606 0)
(0.00946078 0.0101599 -5.42273e-20)
(0.00943179 -0.00404328 6.11402e-20)
(0.00793335 -0.0174234 0)
(0.00614122 -0.0291959 0)
(0.0043817 -0.0385633 0)
(0.00268719 -0.0451405 0)
(0.000985971 -0.0488805 0)
(-0.000885221 -0.0495152 0)
(-0.00282057 -0.0464088 0)
(-0.00437908 -0.0399033 0)
(-0.00492626 -0.0308272 0)
(0.00132873 -0.0015119 0)
(0.00133791 0.0065275 0)
(-0.00450939 0.00961884 0)
(-0.00959739 0.00975663 0)
(-0.0133833 0.00829959 0)
(-0.0158895 0.00623526 0)
(-0.0172645 0.00409764 1.49568e-21)
(-0.0177831 0.00200611 -1.52728e-21)
(-0.0173316 -7.02433e-06 0)
(-0.0160539 -0.00168627 -1.65303e-21)
(-0.0141885 -0.00283755 0)
(-0.0120504 -0.00329641 0)
(-0.0100508 -0.00303582 -0)
(-0.00855317 -0.00228021 2.5702e-21)
(-0.00761653 -0.00142301 0)
(-0.00693822 -0.000815844 0)
(-0.00612064 -0.000623448 -3.37807e-21)
(-0.00499296 -0.00100053 0)
(-0.00340847 -0.00238612 0)
(-0.000488322 -0.00505784 0)
(0.00436121 -0.00740384 3.03287e-21)
(0.00994624 -0.00889528 0)
(0.0158473 -0.00985009 1.46907e-21)
(0.0218928 -0.0106171 0)
(0.0280986 -0.011269 -0)
(0.034409 -0.0115143 8.44672e-22)
(0.0405415 -0.0113546 0)
(0.0491497 -0.0116034 -7.5403e-22)
(0.05894 -0.0117553 -0)
(0.0686341 -0.0115827 7.70692e-22)
(0.0780432 -0.011169 0)
(0.0870161 -0.0105841 0)
(0.0954604 -0.00989004 0)
(0.103318 -0.00913649 -0)
(0.110565 -0.00836061 0)
(0.117198 -0.0075895 -8.11148e-22)
(0.123231 -0.00684039 -0)
(0.128687 -0.00612263 1.63308e-21)
(0.133592 -0.00544036 0)
(0.137974 -0.00479413 -1.63495e-21)
(0.14186 -0.00418198 -0)
(0.145272 -0.00360138 -0)
(0.148233 -0.00304953 1.62105e-21)
(0.150759 -0.00252406 0)
(0.152864 -0.00202408 1.60083e-21)
(0.154562 -0.00155026 -1.58751e-21)
(0.155864 -0.00110622 -0)
(0.156782 -0.000698861 -1.5549e-21)
(0.157329 -0.000337774 -1.53587e-21)
(0.157514 -3.98157e-05 -0)
(0.157409 0.000194733 0)
(0.157077 0.000391594 0)
(0.156523 0.000568235 0)
(0.155762 0.000731072 -0)
(0.154801 0.000884196 1.37581e-21)
(0.153649 0.00102832 0)
(0.152313 0.00116407 -1.30702e-21)
(0.1508 0.00129172 -0)
(0.149117 0.00141125 -0)
(0.147272 0.00152281 1.19058e-21)
(0.145273 0.00162647 0)
(0.143127 0.00172197 -1.10488e-21)
(0.140843 0.00180927 -0)
(0.13843 0.00188855 0)
(0.135896 0.00195987 -0)
(0.13325 0.00202308 9.16858e-22)
(0.130502 0.00207837 0)
(0.12766 0.00212595 -0)
(0.124734 0.00216589 7.63818e-22)
(0.121733 0.00219837 0)
(0.118666 0.00222358 6.57287e-22)
(0.115542 0.00224181 0)
(0.112371 0.00225334 0)
(0.109161 0.00225844 0)
(0.10592 0.00225735 -4.36213e-22)
(0.102657 0.00225043 -0)
(0.0993805 0.00223788 0)
(0.0960975 0.00221979 -2.65607e-22)
(0.092816 0.00219636 -2.08154e-22)
(0.0895429 0.00216781 -0)
(0.0862854 0.00213456 -9.26966e-23)
(0.0830506 0.00209774 -0)
(0.0798436 0.00205885 4.64851e-23)
(0.07667 0.00201914 -0)
(0.0735331 0.00197879 2.79042e-22)
(0.0704366 0.00193543 0)
(0.0673863 0.00188549 -5.1166e-22)
(0.0643895 0.00182968 -0)
(0.0614511 0.00177577 0)
(0.0585698 0.00173071 -0)
(0.0557432 0.00169199 9.78601e-22)
(0.0529743 0.00165254 0)
(0.0502691 0.00161665 -1.21367e-21)
(0.0476246 0.00159402 0)
(0.0457852 0.00160409 1.47558e-21)
(0.0442424 0.00162081 1.63402e-21)
(0.0427037 0.0016258 1.79897e-21)
(0.0411763 0.00161301 0)
(0.0396658 0.00158964 0)
(0.0381721 0.00156396 0)
(0.0366939 0.00153814 0)
(0.035231 0.00151243 0)
(0.0337839 0.0014868 0)
(0.0323531 0.00146134 0)
(0.0309389 0.00143614 0)
(0.0295418 0.00141129 -3.69169e-21)
(0.0281626 0.00138709 -3.96733e-21)
(0.0268007 0.00136369 0)
(0.0254569 0.00134068 0)
(0.0241314 0.00131661 0)
(0.0228257 0.00129174 -5.26728e-21)
(0.0215394 0.00126753 0)
(0.0202728 0.00124388 0)
(0.0190257 0.00122083 0)
(0.0177983 0.0011984 0)
(0.0165906 0.00117667 7.53593e-21)
(0.0154027 0.00115572 0)
(0.0142345 0.00113564 0)
(0.0130859 0.00111654 -9.45482e-21)
(0.0119568 0.00109843 1.02324e-20)
(0.0108472 0.00108143 0)
(0.00975693 0.00106582 1.20688e-20)
(0.00868605 0.00105224 0)
(0.00763414 0.00104187 -1.44075e-20)
(0.0066005 0.00103499 0)
(0.00558482 0.0010306 0)
(0.00458703 0.0010284 0)
(0.00360672 0.0010287 0)
(0.00264345 0.00103174 0)
(0.00169765 0.00103748 5.57151e-20)
(0.000770863 0.00104307 6.42272e-20)
(-0.000138988 0.00103035 0)
(-0.00103633 0.00098751 0)
(-0.00191822 0.000935126 0)
(-0.0027846 0.00088564 -5.2884e-20)
(-0.00363537 0.000840721 0)
(-0.00447032 0.000799972 0)
(-0.00528985 0.000762907 0)
(-0.00609453 0.000729029 -4.04128e-20)
(-0.00688491 0.000697882 3.83632e-20)
(-0.00766151 0.000669087 0)
(-0.00842481 0.000642335 0)
(-0.00917522 0.000617384 3.36162e-20)
(-0.00991318 0.000594032 3.23762e-20)
(-0.0106391 0.00057212 0)
(-0.0113535 0.000551513 0)
(-0.0120567 0.000532095 -2.93516e-20)
(-0.0127492 0.00051377 2.8524e-20)
(-0.0134314 0.000496458 0)
(-0.0141036 0.000480085 0)
(-0.0147665 0.000464596 2.64347e-20)
(-0.0154203 0.000449933 0)
(-0.0160656 0.000436051 0)
(-0.0167027 0.00042291 2.47896e-20)
(-0.0173323 0.000410469 0)
(-0.0179546 0.000398698 2.38739e-20)
(-0.0185701 0.00038757 0)
(-0.0191795 0.000377048 0)
(-0.019783 0.000367102 0)
(-0.0203812 0.000357706 -2.23583e-20)
(-0.0209745 0.000348826 0)
(-0.0215633 0.000340406 0)
(-0.0221479 0.000332392 0)
(-0.0227286 0.000324761 0)
(-0.023306 0.000317399 0)
(-0.0238796 0.00031019 0)
(-0.0244497 0.000303011 -2.03855e-20)
(-0.0250157 0.000295633 -2.01552e-20)
(-0.0255768 0.000287795 0)
(-0.0261314 0.000279132 0)
(-0.0266776 0.000269118 0)
(-0.027212 0.00025697 1.93605e-20)
(-0.0277291 0.000241482 0)
(-0.0282209 0.000221263 -3.8135e-20)
(-0.0286778 0.000192215 3.79288e-20)
(-0.0290708 0.000152595 3.78197e-20)
(-0.029402 7.78472e-05 -3.78583e-20)
(-0.0294835 -3.94266e-05 3.80454e-20)
(-0.0295082 -0.000356575 -3.83978e-20)
(-0.0279736 -0.000616909 0)
(-0.0293462 -0.000516243 -2.43317e-18)
(-0.0327697 -0.00134242 -2.26976e-18)
(-0.0364134 -0.00203338 -3.00927e-36)
(-0.0395341 -0.00257607 -4.06087e-18)
(-0.0424841 -0.0030186 -7.75782e-18)
(-0.0455564 -0.0034218 -3.7196e-18)
(-0.0487808 -0.0038177 3.56815e-18)
(-0.0521113 -0.00430799 -5.41668e-35)
(-0.0556006 -0.00472807 0)
(-0.0592936 -0.00503614 3.15579e-18)
(-0.0632356 -0.00542825 3.02815e-18)
(-0.067416 -0.00584485 3.00927e-36)
(-0.0719117 -0.00626347 0)
(-0.0767329 -0.0067139 0)
(-0.0819274 -0.00720542 9.78011e-36)
(-0.0875471 -0.00774515 -1.06453e-34)
(-0.0936639 -0.00834447 1.625e-34)
(-0.100333 -0.00900747 -4.15794e-18)
(-0.107696 -0.0097283 -3.81221e-18)
(-0.116756 -0.0106218 1.80556e-35)
(-0.127572 -0.0116256 6.13667e-18)
(-0.138426 -0.0127328 1.03491e-17)
(-0.153651 -0.0139264 -6.01853e-36)
(-0.16285 -0.0152935 -5.09796e-18)
(-0.191964 -0.0169815 -2.10649e-35)
)
;
    }
    frontAndBack
    {
        type            empty;
    }
}


// ************************************************************************* //
