/*--------------------------------*- C++ -*----------------------------------*\
  =========                 |
  \\      /  F ield         | OpenFOAM: The Open Source CFD Toolbox
   \\    /   O peration     | Website:  https://openfoam.org
    \\  /    A nd           | Version:  8
     \\/     M anipulation  |
\*---------------------------------------------------------------------------*/
FoamFile
{
    version     2.0;
    format      ascii;
    class       volVectorField;
    location    "1800";
    object      wallShearStress;
}
// * * * * * * * * * * * * * * * * * * * * * * * * * * * * * * * * * * * * * //

dimensions      [0 2 -2 0 0 0 0];

internalField   uniform (0 0 0);

boundaryField
{
    inlet
    {
        type            calculated;
        value           uniform (0 0 0);
    }
    outlet
    {
        type            calculated;
        value           uniform (0 0 0);
    }
    upperWall
    {
        type            calculated;
        value           nonuniform List<vector> 
223
(
(-0.444103 0.0029331 0)
(-0.473771 0.0053999 0)
(-0.49821 0.00685113 0)
(-0.504172 0.00741127 0)
(-0.500575 0.00740742 0)
(-0.490353 0.00703833 0)
(-0.478531 0.00652135 0)
(-0.466473 0.00594246 0)
(-0.454041 0.0053385 0)
(-0.44232 0.00475558 0)
(-0.431555 0.00421033 0)
(-0.4218 0.00370878 0)
(-0.41306 0.00325331 0)
(-0.405263 0.0028444 0)
(-0.398345 0.0024818 0)
(-0.392201 0.00217513 0)
(-0.386704 0.00192865 0)
(-0.381807 0.00178183 0)
(-0.377879 0.00170629 0)
(-0.374778 0.00165868 5.7673e-22)
(-0.37175 0.00159101 0)
(-0.368803 0.0015121 0)
(-0.365937 0.00142819 0)
(-0.363151 0.00134231 5.89201e-22)
(-0.36045 0.00125691 0)
(-0.357836 0.00117298 0)
(-0.355308 0.00109228 0)
(-0.352865 0.00101483 -1.20075e-21)
(-0.350504 0.000941424 1.20611e-21)
(-0.348224 0.000871417 1.21139e-21)
(-0.346026 0.00080528 0)
(-0.343904 0.000742007 -1.22177e-21)
(-0.341863 0.000681722 0)
(-0.339897 0.000623693 1.23193e-21)
(-0.338012 0.000567843 1.23693e-21)
(-0.336202 0.000513763 -1.24188e-21)
(-0.334475 0.000461613 0)
(-0.332824 0.000411611 0)
(-0.331254 0.000364064 0)
(-0.329758 0.000319107 0)
(-0.328341 0.000276391 -1.26597e-21)
(-0.326995 0.00023588 0)
(-0.325724 0.000198558 0)
(-0.324517 0.000164711 1.27976e-21)
(-0.323378 0.000134244 0)
(-0.322295 0.000107015 1.28878e-21)
(-0.321272 8.29631e-05 -1.29326e-21)
(-0.3203 6.2233e-05 1.29772e-21)
(-0.319378 4.47322e-05 0)
(-0.318498 3.04688e-05 0)
(-0.317659 1.91203e-05 0)
(-0.316855 1.06211e-05 1.31549e-21)
(-0.316083 4.79808e-06 -1.31995e-21)
(-0.315339 1.4406e-06 0)
(-0.314619 2.61687e-07 0)
(-0.31392 1.25488e-06 0)
(-0.313238 4.12375e-06 0)
(-0.312571 8.7489e-06 0)
(-0.311911 1.50367e-05 0)
(-0.311266 2.27031e-05 0)
(-0.310613 3.19273e-05 0)
(-0.309981 4.22077e-05 1.36076e-21)
(-0.309316 5.35994e-05 -1.36522e-21)
(-0.308689 6.55802e-05 0)
(-0.308017 7.83932e-05 0)
(-0.30734 9.27631e-05 0)
(-0.306718 0.000105187 -1.3832e-21)
(-0.305913 0.000122337 0)
(-0.305269 0.000127565 0)
(-0.304397 0.000165227 0)
(-0.303756 0.000398631 0)
(-0.304908 0.000554288 0)
(-0.304945 0.00065262 -2.84026e-21)
(-0.304743 0.000673071 0)
(-0.30966 0.000456123 0)
(-0.310744 0.000227122 0)
(-0.307689 8.56242e-05 0)
(-0.303272 0.000346238 0)
(-0.303239 0.000448528 0)
(-0.302242 0.000364215 0)
(-0.301333 0.000374424 2.95984e-21)
(-0.304645 0.000169715 0)
(-0.305693 0.000115719 0)
(-0.300555 0.000389614 0)
(-0.306309 0.000548099 -3.09039e-21)
(-0.30023 0.00035556 0)
(-0.303638 0.000230285 -3.1065e-21)
(-0.298308 3.38563e-05 0)
(-0.335387 0.000112267 0)
(-0.32271 0.000903974 0)
(-0.308946 0.00100732 -3.19287e-21)
(-0.313647 0.000435844 0)
(-0.312229 0.00018659 3.28359e-21)
(-0.300003 0.000398296 3.1791e-21)
(-0.296422 0.000441994 0)
(-0.299621 0.000320138 3.20346e-21)
(-0.304634 0.000331268 0)
(-0.295285 1.52076e-05 0)
(-0.331083 0.000295053 0)
(-0.314198 0.000601055 -3.39448e-21)
(-0.309766 0.000164993 0)
(-0.298508 2.77867e-05 -3.25214e-21)
(-0.293659 0.000305022 3.20888e-21)
(-0.293186 0.00020488 0)
(-0.302322 -5.49942e-05 0)
(-0.347785 0.000427663 0)
(-0.325223 0.000801 0)
(-0.293923 0.00109088 0)
(-0.306245 0.00161084 0)
(-0.289803 0.00113138 0)
(-0.289326 0.000977375 -3.08225e-21)
(-0.298687 0.00143815 0)
(-0.287729 0.00122464 0)
(-0.287059 0.000454534 0)
(-0.287181 -0.000314015 0)
(-0.28642 -3.00822e-05 0)
(-0.285631 0.000225421 0)
(-0.285059 -0.000136242 0)
(-0.329245 0.000256656 0)
(-0.308594 0.000831286 0)
(-0.282791 0.000595808 0)
(-0.281878 7.74041e-05 0)
(-0.310694 2.62756e-05 0)
(-0.310822 8.62868e-05 -6.45594e-21)
(-0.323538 0.000598539 0)
(-0.299136 0.00113861 0)
(-0.276381 0.000952898 0)
(-0.27513 0.000714682 5.37247e-21)
(-0.273979 0.000691034 0)
(-0.27263 0.000482487 0)
(-0.271792 1.39397e-06 5.0796e-21)
(-0.28902 0.000552196 0)
(-0.269377 0.000729105 -4.80272e-21)
(-0.297886 0.000998785 0)
(-0.267138 0.000861691 0)
(-0.300049 0.000881902 0)
(-0.264848 0.000700691 4.17389e-21)
(-0.297119 0.000720809 0)
(-0.262352 0.000621539 -3.84851e-21)
(-0.29124 0.000657226 0)
(-0.259603 0.000598213 0)
(-0.283615 0.00076866 0)
(-0.256465 0.00120055 0)
(-0.254792 0.000464203 0)
(-0.266585 -9.84126e-05 0)
(-0.266012 0.000554203 0)
(-0.249336 0.0013209 0)
(-0.247353 0.000584034 0)
(-0.24511 -0.000268679 0)
(-0.24812 -2.62954e-05 0)
(-0.240264 0.000133161 -1.25296e-21)
(-0.236995 0.000937428 9.81413e-22)
(-0.251403 0.00168087 0)
(-0.263881 0.000833331 0)
(-0.257354 0.0012731 0)
(-0.231548 0.00231001 0)
(-0.230477 0.0019803 -6.14645e-22)
(-0.229301 0.00057369 9.7408e-22)
(-0.227055 0.000199787 -1.39109e-21)
(-0.233686 0.000384523 0)
(-0.234533 -8.72504e-05 -2.30895e-21)
(-0.223635 0.00013873 -5.32552e-21)
(-0.225538 0.00203522 0)
(-0.216482 0.00138432 -6.47135e-21)
(-0.213965 0.000180234 7.79786e-21)
(-0.227361 0.00165864 0)
(-0.21174 0.000822708 0)
(-0.20803 -4.38488e-05 0)
(-0.205228 0.000959142 0)
(-0.204091 0.00136549 0)
(-0.202874 0.00118491 -1.33106e-20)
(-0.202042 0.00134314 0)
(-0.201198 0.00112748 -1.51604e-20)
(-0.200166 -0.000134391 0)
(-0.194984 -0.00082208 0)
(-0.191165 -0.000813605 0)
(-0.186236 -0.00141358 0)
(-0.181436 -0.000191718 0)
(-0.180496 0.00156595 2.37668e-20)
(-0.180208 0.00159869 0)
(-0.179251 0.00185423 0)
(-0.17941 0.000928202 -2.66017e-20)
(-0.175495 -0.001604 0)
(-0.168981 -0.00120691 0)
(-0.167297 0.00140726 0)
(-0.168362 0.00205755 3.31004e-20)
(-0.167322 0.00144725 0)
(-0.162995 0.000877294 0)
(-0.154803 0.000651678 0)
(-0.143074 0.000897579 0)
(-0.128912 0.00132692 -5.62706e-20)
(-0.114031 0.00168521 0)
(-0.100186 0.00175811 0)
(-0.0880851 0.00157996 0)
(-0.0784628 0.00137796 9.44239e-20)
(-0.0681907 0.00128409 0)
(-0.0632272 0.00171518 0)
(-0.0346451 0.00142004 -1.39135e-19)
(-0.0670661 0.000381967 0)
(-0.100887 0.00568705 1.18531e-17)
(-0.124048 0.0100762 2.12696e-17)
(-0.13635 0.0126405 1.99923e-17)
(-0.143615 0.014047 1.92195e-17)
(-0.149032 0.0149108 1.8605e-17)
(-0.153298 0.015521 -1.80845e-17)
(-0.156298 0.0159539 -1.76095e-17)
(-0.158653 0.0162503 6.01853e-36)
(-0.160739 0.0164832 -3.36321e-17)
(-0.162883 0.016691 -1.64355e-17)
(-0.165024 0.0168952 9.08798e-34)
(-0.167503 0.0171001 -1.20371e-35)
(-0.170384 0.0173454 -3.02464e-17)
(-0.173921 0.0176374 -2.91252e-17)
(-0.178038 0.0179963 -2.78036e-17)
(-0.182945 0.0184191 -2.40741e-35)
(-0.188535 0.0189168 4.90965e-17)
(-0.195079 0.0194963 2.25499e-17)
(-0.202294 0.0201503 2.40741e-35)
(-0.211017 0.0209313 -3.52062e-17)
(-0.219369 0.0217152 -1.2395e-20)
(-0.232918 0.0228766 -3.00927e-36)
(-0.237352 0.0236072 1.32562e-17)
(-0.263012 0.0251809 -7.0943e-18)
)
;
    }
    lowerWall
    {
        type            calculated;
        value           nonuniform List<vector> 
250
(
(-0.623066 -0.00610231 0)
(-0.594317 -0.00991172 0)
(-0.633738 -0.0112726 0)
(-0.693918 -0.0114389 0)
(-0.686134 -0.00993462 0)
(-0.655403 -0.00929269 0)
(-0.567181 -0.00898395 0)
(-0.5102 -0.00827504 0)
(-0.460401 -0.00642728 0)
(-0.46208 -0.00482227 0)
(-0.445514 -0.00399077 0)
(-0.439183 -0.00281804 0)
(-0.434774 -0.00176267 0)
(-0.430957 -0.00208359 0)
(-0.426431 -0.00148429 0)
(-0.422728 -0.000651887 0)
(-0.420141 -0.000141657 0)
(-0.418581 0.00124168 0)
(0.00207634 0.0001026 0)
(0.00230288 -0.0027624 0)
(0.00252974 -0.00569581 0)
(0.00279594 -0.00874226 1.16346e-19)
(0.00308355 -0.0116981 -9.73522e-20)
(0.00321007 -0.0152425 8.55314e-20)
(0.00272996 -0.0145596 -7.70068e-20)
(0.00957211 -0.0332658 0)
(-0.0430841 -0.105404 0)
(0.000220916 -0.000276304 0)
(5.5529e-05 -0.000789677 0)
(-1.05121e-05 -0.0008756 0)
(5.41795e-05 -0.000875757 0)
(3.34152e-05 -0.000848795 1.54156e-19)
(-0.000138926 -0.000291978 -1.50363e-19)
(-0.000573393 0.00113156 0)
(-0.00117229 0.0038142 -1.7306e-19)
(-0.00155462 0.00724151 1.32314e-19)
(-0.00150451 0.0104811 0)
(-0.00111497 0.0128725 0)
(-0.000584758 0.0141276 0)
(-7.69208e-05 0.0142202 0)
(0.000323464 0.0133416 0)
(0.000655402 0.0117746 0)
(0.000978334 0.0095641 0)
(0.0013316 0.00674851 0)
(0.00173142 0.00337135 0)
(-0.000144027 -0.000277751 0)
(0.000168132 -0.000447638 0)
(0.00047635 -0.000500966 0)
(0.000797388 -0.00043346 0)
(0.00105458 -0.000201562 -0)
(0.0011043 0.000184768 -0)
(0.000860808 0.000649256 1.44487e-20)
(0.000352272 0.00108664 -1.64052e-20)
(-0.000355538 0.00140679 0)
(-0.00116907 0.00156829 -9.3936e-21)
(-0.00200834 0.00158406 0)
(-0.00280925 0.00148432 0)
(-0.00352615 0.00130518 0)
(-0.00413389 0.00107738 4.60509e-21)
(-0.00462076 0.000821901 0)
(-0.00498248 0.000550585 0)
(-0.00521645 0.000271841 -3.99097e-21)
(-0.0053271 -2.01106e-05 -0)
(-0.00528989 -0.000322852 0)
(-0.00510285 -0.00061535 -0)
(-0.00477475 -0.00087721 4.29378e-21)
(-0.00431751 -0.00108821 -0)
(-0.00374925 -0.00122703 5.0852e-21)
(-0.00309753 -0.00127445 0)
(-0.00240048 -0.00121608 -0)
(-0.00170736 -0.00104932 8.26263e-21)
(-0.00107574 -0.000790674 0)
(-0.000562286 -0.000485107 -1.37087e-20)
(-0.000199867 -0.000204016 0)
(2.77492e-05 -9.94994e-06 2.36193e-20)
(0.000171036 0.000103079 0)
(0.000254325 0.000196272 0)
(0.000247468 0.000306727 0)
(0.000138027 0.000456123 0)
(-0.000107201 0.000655473 0)
(-0.000516223 0.000864849 -1.49898e-20)
(-0.00106986 0.00100699 0)
(-0.00168099 0.00100872 1.77598e-20)
(-0.00223125 0.000857579 0)
(-0.00262228 0.000601407 -1.41177e-20)
(-0.00281438 0.000326178 0)
(-0.0028362 0.000105986 0)
(-0.00274433 -1.36682e-05 1.39324e-20)
(-0.00261368 -8.10215e-06 0)
(-0.00251246 0.000119316 1.44425e-20)
(-0.00245296 0.000313121 -1.45159e-20)
(-0.00238141 0.000428458 0)
(-0.00215708 0.00022675 -1.57041e-20)
(-0.00152189 -0.000432385 -1.82746e-20)
(-0.000209005 -0.00113623 0)
(0.0015618 -0.00172559 0)
(0.00345852 -0.00236001 0)
(0.00561674 -0.00304242 0)
(0.00801265 -0.00361965 -0)
(0.0105649 -0.00391366 3.39405e-21)
(0.0131202 -0.00393932 0)
(0.0155873 -0.00387309 -2.70298e-21)
(0.0183095 -0.00378122 -0)
(0.0213418 -0.00361294 -0)
(0.0223594 -0.00317952 2.13834e-21)
(0.0251683 -0.00307943 0)
(0.027943 -0.00285164 -2.05795e-21)
(0.0284235 -0.00246027 -0)
(0.0311626 -0.00235548 0)
(0.0332095 -0.00217589 -0)
(0.0352548 -0.00202907 1.82662e-21)
(0.0371918 -0.0018934 0)
(0.0390703 -0.00177358 -0)
(0.0408493 -0.00166608 1.77958e-21)
(0.0425916 -0.00157087 0)
(0.0442537 -0.00148555 1.75914e-21)
(0.0458809 -0.00140885 0)
(0.0474489 -0.00133911 0)
(0.0489811 -0.00127489 0)
(0.0504664 -0.0012155 -1.72949e-21)
(0.0519168 -0.00115954 -0)
(0.0533267 -0.00110667 0)
(0.0547021 -0.0010559 -1.71072e-21)
(0.0560401 -0.00100713 -1.70443e-21)
(0.0573435 -0.000959704 -0)
(0.0586108 -0.000913585 -1.69135e-21)
(0.0598428 -0.000868296 0)
(0.0610391 -0.000823919 -3.3542e-21)
(0.0621991 -0.000780099 -0)
(0.0633229 -0.00073688 -3.32249e-21)
(0.0644092 -0.000694025 -0)
(0.0654583 -0.000651433 3.28691e-21)
(0.0664683 -0.000609088 0)
(0.0674398 -0.000566919 0)
(0.068371 -0.000524332 0)
(0.0692609 -0.000481467 -3.20203e-21)
(0.0701077 -0.00043777 -0)
(0.0709099 -0.000393057 3.15164e-21)
(0.0716652 -0.000347045 0)
(0.0723723 -0.000299209 -3.09535e-21)
(0.0730279 -0.000249481 -3.06502e-21)
(0.0736306 -0.000197743 -3.03331e-21)
(0.074178 -0.000144727 -0)
(0.0746694 -9.21234e-05 0)
(0.0751053 -4.42631e-05 0)
(0.0754906 -5.09255e-06 0)
(0.0758313 2.8882e-05 0)
(0.0761283 6.25003e-05 0)
(0.076381 9.54109e-05 0)
(0.076589 0.000128346 0)
(0.0767516 0.000161115 2.68119e-21)
(0.0768683 0.000193848 2.63336e-21)
(0.0769386 0.0002265 0)
(0.0769616 0.000259016 0)
(0.0769377 0.000291421 0)
(0.0768657 0.000323745 2.4229e-21)
(0.0767455 0.000355921 0)
(0.0765767 0.000387821 0)
(0.0763595 0.000419646 0)
(0.0760927 0.000451121 0)
(0.0757774 0.000482419 -2.11339e-21)
(0.0754125 0.000513335 0)
(0.0749988 0.000543961 0)
(0.0745361 0.000574094 1.90028e-21)
(0.0740248 0.000604 -1.82429e-21)
(0.0734645 0.000633274 0)
(0.0728566 0.000662103 -1.66452e-21)
(0.0722009 0.000690323 0)
(0.0714981 0.000718021 1.49389e-21)
(0.0707492 0.000744948 0)
(0.0699547 0.000771353 0)
(0.0691151 0.000796868 0)
(0.0682329 0.000821633 0)
(0.0673104 0.000845331 0)
(0.0663505 0.000868386 -1.82314e-21)
(0.0653334 0.000889877 -1.60674e-21)
(0.0642946 0.000910422 0)
(0.0632032 0.000928991 0)
(0.0620883 0.000943837 0)
(0.0609406 0.000953002 6.75335e-22)
(0.0597619 0.00095322 0)
(0.0585572 0.000945837 0)
(0.0573182 0.000949966 0)
(0.0560495 0.000965362 -3.70598e-22)
(0.0547496 0.000976588 6.52294e-22)
(0.0534261 0.000986882 0)
(0.0520796 0.000995928 0)
(0.0507127 0.00100414 1.55017e-21)
(0.0493268 0.00101131 1.86802e-21)
(0.0479242 0.00101774 0)
(0.0465054 0.00102319 0)
(0.0450727 0.00102788 -2.88252e-21)
(0.0436271 0.00103178 3.24268e-21)
(0.0421701 0.001035 0)
(0.0407033 0.00103756 0)
(0.0392267 0.00103938 4.398e-21)
(0.0377431 0.00104067 0)
(0.0362522 0.00104118 0)
(0.0347579 0.00104134 5.68226e-21)
(0.0332594 0.00104106 0)
(0.0317593 0.00104059 6.62403e-21)
(0.0302579 0.00104008 0)
(0.028756 0.00103969 0)
(0.0272544 0.00103953 0)
(0.0257534 0.00103982 -8.76726e-21)
(0.0242528 0.0010406 0)
(0.0227526 0.00104201 0)
(0.0212527 0.00104397 0)
(0.0197528 0.00104658 0)
(0.0182529 0.0010498 0)
(0.0167529 0.00105381 0)
(0.0152526 0.00105866 -1.37907e-20)
(0.0137517 0.00106455 -1.47085e-20)
(0.0122496 0.0010715 0)
(0.010746 0.00107962 0)
(0.00924018 0.00108869 0)
(0.00773212 0.00109857 1.91893e-20)
(0.00622215 0.00110913 0)
(0.00471184 0.00111974 -4.42117e-20)
(0.00320503 0.00112754 4.75996e-20)
(0.0017102 0.00112744 5.13673e-20)
(0.000232807 0.00110132 -5.44715e-20)
(-0.00113672 0.00104168 5.43844e-20)
(-0.00266194 0.000879275 -5.23671e-20)
(-0.00300217 0.000497737 0)
(-0.00497499 0.00112265 -3.11823e-18)
(-0.00806718 0.000898874 -2.82273e-18)
(-0.0111349 0.000557347 3.00927e-36)
(-0.0143084 0.000236963 -4.79391e-18)
(-0.0176983 -0.000101354 -8.90965e-18)
(-0.0213067 -0.000459708 -4.15529e-18)
(-0.0251447 -0.000838573 3.88635e-18)
(-0.0292331 -0.00124209 -5.41668e-35)
(-0.0335976 -0.0016732 3.00927e-36)
(-0.0382533 -0.00213566 3.21322e-18)
(-0.0432187 -0.00263183 3.02093e-18)
(-0.0485106 -0.00312313 3.00927e-36)
(-0.0541341 -0.00363922 0)
(-0.0601531 -0.00423567 0)
(-0.0666192 -0.00489417 -3.44655e-35)
(-0.0735397 -0.00560678 -1.40589e-35)
(-0.0810607 -0.00637484 1.11343e-34)
(-0.0890461 -0.00720335 -3.74658e-18)
(-0.0980517 -0.00810257 -3.41388e-18)
(-0.107164 -0.00907576 6.01853e-36)
(-0.11875 -0.0101456 5.37395e-18)
(-0.128368 -0.0113189 8.92194e-18)
(-0.145788 -0.0125562 6.01853e-36)
(-0.153296 -0.0140706 -4.30475e-18)
(-0.187857 -0.0164264 3.00927e-36)
)
;
    }
    frontAndBack
    {
        type            empty;
    }
}


// ************************************************************************* //
