/*--------------------------------*- C++ -*----------------------------------*\
  =========                 |
  \\      /  F ield         | OpenFOAM: The Open Source CFD Toolbox
   \\    /   O peration     | Website:  https://openfoam.org
    \\  /    A nd           | Version:  8
     \\/     M anipulation  |
\*---------------------------------------------------------------------------*/
FoamFile
{
    version     2.0;
    format      ascii;
    class       volVectorField;
    location    "3200";
    object      wallShearStress;
}
// * * * * * * * * * * * * * * * * * * * * * * * * * * * * * * * * * * * * * //

dimensions      [0 2 -2 0 0 0 0];

internalField   uniform (0 0 0);

boundaryField
{
    inlet
    {
        type            calculated;
        value           uniform (0 0 0);
    }
    outlet
    {
        type            calculated;
        value           uniform (0 0 0);
    }
    upperWall
    {
        type            calculated;
        value           nonuniform List<vector> 
223
(
(-0.582193 -0.392359 0)
(-0.977814 -0.219377 0)
(-0.939336 -0.0567761 0)
(-0.810722 -0.00585968 0)
(-0.734617 0.0033127 0)
(-0.695455 0.00232004 0)
(-0.670877 0.000448536 0)
(-0.6534 -0.00143767 0)
(-0.640477 -0.00260681 0)
(-0.62984 -0.00217265 0)
(-0.620051 -0.00131126 0)
(-0.610994 -0.00112285 0)
(-0.603181 -0.00146192 0)
(-0.596291 -0.00122314 0)
(-0.590403 -0.000998455 0)
(-0.585564 -0.000670058 0)
(-0.580288 0.0010162 0)
(-0.574795 0.00241359 0)
(-0.570494 0.00199731 0)
(-0.567569 0.00288605 4.35467e-22)
(-0.564576 0.00281745 0)
(-0.561872 0.00262118 0)
(-0.559222 0.00379925 0)
(-0.555969 0.00413648 4.58627e-22)
(-0.55281 0.00403573 0)
(-0.549827 0.00341177 0)
(-0.547079 0.00294761 0)
(-0.544281 0.00289691 -9.44192e-22)
(-0.541409 0.00268093 9.52492e-22)
(-0.538634 0.00228258 9.60975e-22)
(-0.535971 0.00197538 0)
(-0.533323 0.00174454 -9.8106e-22)
(-0.530673 0.00156056 0)
(-0.528021 0.00141821 1.00387e-21)
(-0.525363 0.00130766 1.01602e-21)
(-0.522696 0.00122177 -1.02852e-21)
(-0.520016 0.00115646 0)
(-0.517321 0.00110792 0)
(-0.514606 0.00107224 0)
(-0.51187 0.00104654 0)
(-0.509108 0.00102873 -1.09366e-21)
(-0.506319 0.00101715 0)
(-0.503499 0.00101056 0)
(-0.500646 0.0010081 1.13327e-21)
(-0.497755 0.00100906 0)
(-0.494823 0.00101282 1.1593e-21)
(-0.491846 0.00101907 -1.17209e-21)
(-0.488822 0.00102734 1.18465e-21)
(-0.485746 0.00103703 0)
(-0.482617 0.00104768 0)
(-0.479433 0.00105843 0)
(-0.476195 0.00106809 1.23164e-21)
(-0.472911 0.00107577 -1.24222e-21)
(-0.46959 0.00108187 0)
(-0.466248 0.00108744 0)
(-0.462899 0.00109295 0)
(-0.459556 0.0010977 0)
(-0.456222 0.00110048 0)
(-0.452898 0.00110057 0)
(-0.449581 0.00109808 0)
(-0.446262 0.00109373 0)
(-0.44293 0.00108848 1.29248e-21)
(-0.439577 0.00108349 -1.29224e-21)
(-0.436188 0.00107975 0)
(-0.432754 0.0010777 0)
(-0.429265 0.00107774 0)
(-0.425711 0.00107994 -1.27882e-21)
(-0.422083 0.00108396 0)
(-0.418377 0.00108967 0)
(-0.414584 0.00109682 0)
(-0.410701 0.00110483 0)
(-0.406724 0.00111322 0)
(-0.402653 0.00112165 -2.43519e-21)
(-0.398484 0.0011295 0)
(-0.394221 0.00113612 0)
(-0.389867 0.00114114 0)
(-0.385425 0.00114428 0)
(-0.380906 0.0011455 0)
(-0.376321 0.00114457 0)
(-0.371682 0.00114119 0)
(-0.367001 0.00113521 2.09601e-21)
(-0.362288 0.00112641 0)
(-0.357551 0.00111489 0)
(-0.352794 0.00110096 0)
(-0.348022 0.00108514 -1.84029e-21)
(-0.343231 0.00106804 0)
(-0.338422 0.00105018 -1.69083e-21)
(-0.33359 0.00103228 0)
(-0.328731 0.00101524 0)
(-0.323837 0.00099976 0)
(-0.319025 0.000991946 -1.35158e-21)
(-0.316384 0.00100106 0)
(-0.31366 0.00101496 1.18108e-21)
(-0.310855 0.00102965 1.09038e-21)
(-0.307975 0.00104287 0)
(-0.30503 0.00105377 8.96673e-22)
(-0.302033 0.00106246 0)
(-0.298996 0.00107004 0)
(-0.295935 0.00107661 0)
(-0.292863 0.00108551 -4.55188e-22)
(-0.289794 0.00109167 0)
(-0.28674 0.00110611 -2.05754e-22)
(-0.283716 0.00110398 7.36597e-23)
(-0.280726 0.00110771 0)
(-0.277796 0.00111418 0)
(-0.274914 0.00110715 0)
(-0.272099 0.00109428 0)
(-0.269348 0.00106866 0)
(-0.266662 0.00102415 0)
(-0.264035 0.000903533 0)
(-0.26151 0.000748308 1.15348e-21)
(-0.258983 0.000736973 0)
(-0.256864 0.000904998 0)
(-0.254707 0.00107225 0)
(-0.252547 0.00115631 0)
(-0.250621 0.00093116 0)
(-0.248624 0.00107954 0)
(-0.246576 0.00162672 0)
(-0.244688 0.00106317 0)
(-0.242454 0.00029231 0)
(-0.24045 0.000278088 0)
(-0.238468 0.00041238 0)
(-0.236907 0.000683376 0)
(-0.23516 0.000736759 7.19268e-21)
(-0.23352 0.000677695 0)
(-0.231747 0.00099471 0)
(-0.230271 0.00126907 0)
(-0.229049 0.00121051 -8.72829e-21)
(-0.227551 0.00111642 0)
(-0.226363 0.000870244 0)
(-0.22502 0.000783309 -9.98796e-21)
(-0.223815 0.000799935 0)
(-0.22269 0.000676085 1.0783e-20)
(-0.221329 0.000374256 0)
(-0.220004 0.000478534 0)
(-0.218571 0.000749834 0)
(-0.217381 0.000566677 -1.2505e-20)
(-0.216126 0.000514303 0)
(-0.214975 0.000400366 1.33723e-20)
(-0.213752 0.000121251 0)
(-0.212439 0.000359757 0)
(-0.211563 0.000736616 0)
(-0.21046 0.000709212 0)
(-0.20963 5.45945e-05 0)
(-0.20832 -0.000513285 0)
(-0.207075 -0.000204883 0)
(-0.206003 7.95177e-05 0)
(-0.205389 0.000160466 0)
(-0.204619 0.00024789 0)
(-0.203699 0.000631827 0)
(-0.202975 0.000689901 1.8449e-20)
(-0.202354 0.000716454 -1.88632e-20)
(-0.201847 0.000800444 0)
(-0.201404 0.00041642 0)
(-0.201077 0.000214407 0)
(-0.200139 0.000222487 0)
(-0.199625 0.000152497 -2.08825e-20)
(-0.198992 0.000379078 2.13244e-20)
(-0.198682 0.000590848 -2.15945e-20)
(-0.198563 0.000485966 0)
(-0.198073 0.000344811 -2.24263e-20)
(-0.197843 0.000347176 -4.5565e-20)
(-0.197069 0.000382096 0)
(-0.196721 8.67797e-05 -4.72448e-20)
(-0.196136 0.000121971 4.82888e-20)
(-0.195762 0.000314121 0)
(-0.195342 0.00026126 0)
(-0.194694 0.000221364 0)
(-0.194427 0.000236796 0)
(-0.194355 0.000112318 0)
(-0.193894 0.000167004 -5.31257e-20)
(-0.19308 0.000319583 0)
(-0.192847 0.000118436 -5.48048e-20)
(-0.19233 0.000185566 0)
(-0.192004 0.00030937 0)
(-0.191731 0.000209409 0)
(-0.191217 0.000114085 0)
(-0.190665 0.000277465 0)
(-0.189721 0.000383152 6.0608e-20)
(-0.189251 0.000153545 0)
(-0.188804 0.000101847 0)
(-0.187651 0.000338584 -6.39265e-20)
(-0.186741 0.000359608 0)
(-0.185993 0.000257144 0)
(-0.18544 0.000269549 0)
(-0.184185 0.000319212 6.86583e-20)
(-0.183242 6.69079e-05 0)
(-0.181194 -0.00017829 0)
(-0.179116 3.97837e-05 0)
(-0.177611 0.000300547 0)
(-0.17502 0.000516293 -7.77066e-20)
(-0.172692 0.000771156 0)
(-0.170038 0.00100997 0)
(-0.166555 0.00104459 0)
(-0.162156 0.00117009 8.8066e-20)
(-0.155831 0.00118627 0)
(-0.148271 0.0019404 0)
(-0.12301 0.00214381 -1.08603e-19)
(-0.14084 0.00676196 -6.01853e-36)
(-0.169204 0.0133779 1.25101e-17)
(-0.186611 0.01717 2.35846e-17)
(-0.19324 0.0189085 2.27082e-17)
(-0.196841 0.019717 2.19707e-17)
(-0.200775 0.0203254 2.12003e-17)
(-0.205318 0.0210141 -2.02569e-17)
(-0.209591 0.0215286 -1.95312e-17)
(-0.213814 0.021882 -1.20371e-35)
(-0.218068 0.0220259 -3.66595e-17)
(-0.220225 0.0221879 -1.80755e-17)
(-0.224684 0.0227281 8.1852e-34)
(-0.227493 0.022908 0)
(-0.231072 0.0233633 -3.22728e-17)
(-0.235461 0.023947 -3.0658e-17)
(-0.242448 0.0247948 -2.84653e-17)
(-0.249609 0.0254555 -2.40741e-35)
(-0.256921 0.0260694 4.94001e-17)
(-0.263934 0.0266574 2.2652e-17)
(-0.271704 0.0273477 2.40741e-35)
(-0.281063 0.0281731 -3.5125e-17)
(-0.290371 0.0289039 -1.52846e-20)
(-0.300193 0.0295005 0)
(-0.305113 0.0304915 1.34174e-17)
(-0.332478 0.0321549 -7.64198e-18)
)
;
    }
    lowerWall
    {
        type            calculated;
        value           nonuniform List<vector> 
250
(
(-0.653909 0.466638 0)
(-1.14095 0.204679 0)
(-1.03493 0.037959 0)
(-0.869585 -0.000936137 0)
(-0.786955 -0.00419148 0)
(-0.746097 -0.00160968 0)
(-0.719923 0.000414824 0)
(-0.700643 -0.000605843 0)
(-0.684957 -0.00397064 0)
(-0.67106 -0.00464727 0)
(-0.658611 -0.00295668 0)
(-0.647404 -0.000866095 0)
(-0.637258 0.00140502 0)
(-0.628012 0.00207887 0)
(-0.619228 0.00133808 0)
(-0.611515 0.00131787 0)
(-0.604652 0.00163669 0)
(-0.605062 0.00186693 0)
(-0.00423525 -0.0228337 0)
(-0.00275879 -0.0176493 0)
(-0.000682528 -0.0145001 0)
(0.00193886 -0.013805 9.00078e-20)
(0.00526632 -0.015208 -7.84691e-20)
(0.00898776 -0.0208314 6.26726e-20)
(0.0127812 -0.0202146 -4.83834e-20)
(0.0255041 -0.0636315 0)
(-0.0847105 -0.144839 0)
(0.000874349 -0.00384049 0)
(-0.0076656 0.00954344 0)
(-0.00851785 0.0328196 0)
(-0.00255186 0.0448569 0)
(0.00295126 0.0442672 1.82196e-20)
(0.00618062 0.0360717 -1.89621e-20)
(0.00818475 0.0241729 0)
(0.00945788 0.0101751 -5.42073e-20)
(0.00943032 -0.00402588 6.11395e-20)
(0.00793315 -0.0174047 0)
(0.00614154 -0.0291768 0)
(0.00438231 -0.0385447 0)
(0.00268784 -0.0451231 0)
(0.000987146 -0.0488631 0)
(-0.000885447 -0.0495008 0)
(-0.0028178 -0.0463876 0)
(-0.00439662 -0.0399025 0)
(-0.00491286 -0.0307465 0)
(0.00132926 -0.00151225 0)
(0.00133765 0.00652754 0)
(-0.00450896 0.00961826 0)
(-0.00959648 0.00975667 0)
(-0.0133827 0.00830015 0)
(-0.0158894 0.00623613 0)
(-0.017265 0.00409858 1.49547e-21)
(-0.0177842 0.00200705 -1.52703e-21)
(-0.0173333 -6.19119e-06 0)
(-0.0160562 -0.00168579 -1.65275e-21)
(-0.014191 -0.00283767 0)
(-0.0120528 -0.00329717 0)
(-0.0100526 -0.00303703 -0)
(-0.00855437 -0.0022815 2.57009e-21)
(-0.00761685 -0.00142482 0)
(-0.00693488 -0.000817347 0)
(-0.00611378 -0.000624222 -3.37414e-21)
(-0.00498273 -0.000996902 0)
(-0.0033994 -0.00237499 0)
(-0.000490839 -0.00504626 0)
(0.00435235 -0.00739888 3.03503e-21)
(0.00993506 -0.00889355 0)
(0.0158352 -0.00984957 1.46946e-21)
(0.0218807 -0.0106163 0)
(0.0280867 -0.0112687 -0)
(0.0343977 -0.0115147 8.44775e-22)
(0.0405311 -0.0113553 0)
(0.049133 -0.0116029 -7.53986e-22)
(0.0589234 -0.0117555 -0)
(0.0686184 -0.0115833 7.70658e-22)
(0.0780281 -0.0111698 0)
(0.087002 -0.0105852 0)
(0.0954474 -0.00989129 0)
(0.103306 -0.00913777 -0)
(0.110554 -0.00836182 0)
(0.117188 -0.00759071 -8.11133e-22)
(0.123222 -0.00684143 -0)
(0.128679 -0.00612358 1.63305e-21)
(0.133585 -0.00544129 0)
(0.137968 -0.00479493 -1.63494e-21)
(0.141854 -0.00418282 -0)
(0.145267 -0.0036021 -0)
(0.148228 -0.00305006 1.62105e-21)
(0.150754 -0.00252463 0)
(0.152861 -0.0020246 1.60084e-21)
(0.154559 -0.00155067 -1.58753e-21)
(0.155861 -0.00110667 -0)
(0.15678 -0.000699191 -1.55493e-21)
(0.157326 -0.000338051 -1.5359e-21)
(0.157512 -4.00378e-05 -0)
(0.157407 0.000194617 0)
(0.157076 0.000391419 0)
(0.156522 0.00056807 0)
(0.15576 0.000730992 -0)
(0.1548 0.000884121 1.37586e-21)
(0.153648 0.00102825 0)
(0.152312 0.00116394 -1.30708e-21)
(0.150799 0.0012916 -0)
(0.149116 0.00141119 -0)
(0.147271 0.00152275 1.19064e-21)
(0.145272 0.00162634 0)
(0.143126 0.00172185 -1.10494e-21)
(0.140842 0.00180927 -0)
(0.138429 0.00188854 0)
(0.135895 0.00195973 -0)
(0.133249 0.00202299 9.16924e-22)
(0.130501 0.00207832 0)
(0.127659 0.00212583 -0)
(0.124733 0.00216574 7.63886e-22)
(0.121732 0.00219819 0)
(0.118665 0.00222336 6.57353e-22)
(0.115541 0.00224153 0)
(0.11237 0.00225297 0)
(0.10916 0.00225795 0)
(0.105919 0.00225676 -4.36279e-22)
(0.102656 0.00224965 -0)
(0.0993796 0.00223696 0)
(0.0960971 0.00221914 -2.65678e-22)
(0.0928156 0.0021964 -2.08226e-22)
(0.0895427 0.00216899 -0)
(0.0862852 0.00213741 -9.27539e-23)
(0.0830491 0.00210193 -0)
(0.0798407 0.00206291 4.64124e-23)
(0.0766654 0.0020208 -0)
(0.0735283 0.00197594 2.78831e-22)
(0.0704343 0.00192887 0)
(0.0673877 0.00188027 -5.11508e-22)
(0.0643919 0.00183085 -0)
(0.0614504 0.00178158 0)
(0.0585658 0.0017338 -0)
(0.0557398 0.00168919 9.78268e-22)
(0.052974 0.00164989 0)
(0.0502687 0.00161809 -1.21371e-21)
(0.0476225 0.00159479 0)
(0.0457842 0.00160343 1.47547e-21)
(0.0442418 0.00162099 1.63397e-21)
(0.0427027 0.0016259 1.79889e-21)
(0.0411754 0.00161298 0)
(0.0396651 0.00158966 0)
(0.0381714 0.00156398 0)
(0.0366932 0.00153817 0)
(0.0352302 0.00151246 0)
(0.0337832 0.00148686 0)
(0.0323521 0.00146137 0)
(0.0309381 0.00143611 0)
(0.0295412 0.00141132 -3.69164e-21)
(0.0281618 0.00138713 -3.96728e-21)
(0.0268002 0.00136369 0)
(0.0254563 0.0013407 0)
(0.0241308 0.00131664 0)
(0.0228251 0.00129173 -5.26718e-21)
(0.021539 0.00126755 0)
(0.0202723 0.00124389 0)
(0.0190253 0.00122081 0)
(0.017798 0.00119838 0)
(0.0165904 0.00117665 7.53574e-21)
(0.0154025 0.0011557 0)
(0.0142344 0.00113562 0)
(0.0130858 0.0011165 -9.45451e-21)
(0.0119568 0.00109839 1.0232e-20)
(0.0108473 0.00108138 0)
(0.00975714 0.00106576 1.20683e-20)
(0.00868634 0.00105217 0)
(0.00763451 0.0010418 -1.44066e-20)
(0.00660094 0.00103491 0)
(0.00558534 0.00103051 0)
(0.00458763 0.0010283 0)
(0.0036074 0.00102859 0)
(0.00264421 0.00103163 0)
(0.00169849 0.00103736 5.57078e-20)
(0.000771762 0.00104295 6.42176e-20)
(-0.000138022 0.00103025 0)
(-0.0010353 0.000987445 0)
(-0.00191712 0.000935064 0)
(-0.00278344 0.000885576 -5.28897e-20)
(-0.00363415 0.00084066 0)
(-0.00446906 0.000799916 0)
(-0.00528855 0.000762851 0)
(-0.00609319 0.000728975 -4.04161e-20)
(-0.00688354 0.00069783 3.83659e-20)
(-0.00766012 0.000669033 0)
(-0.00842337 0.000642282 0)
(-0.00917374 0.000617332 3.36184e-20)
(-0.00991171 0.000593987 3.23782e-20)
(-0.0106377 0.000572073 0)
(-0.011352 0.000551467 0)
(-0.0120552 0.00053205 -2.9353e-20)
(-0.0127477 0.00051373 2.85254e-20)
(-0.0134298 0.00049642 0)
(-0.0141021 0.000480053 0)
(-0.0147649 0.000464564 2.64359e-20)
(-0.0154188 0.000449908 0)
(-0.0160641 0.000436031 0)
(-0.0167012 0.000422893 2.47906e-20)
(-0.0173307 0.000410462 0)
(-0.0179531 0.000398699 2.38747e-20)
(-0.0185687 0.000387574 0)
(-0.019178 0.00037706 0)
(-0.0197816 0.000367122 0)
(-0.0203798 0.000357727 -2.23591e-20)
(-0.020973 0.000348848 0)
(-0.0215619 0.000340437 0)
(-0.0221465 0.000332444 0)
(-0.0227274 0.000324817 0)
(-0.0233048 0.000317458 0)
(-0.0238786 0.000310251 0)
(-0.0244487 0.000303056 -2.03859e-20)
(-0.0250147 0.000295678 -2.01555e-20)
(-0.0255757 0.000287857 0)
(-0.0261306 0.000279193 0)
(-0.0266768 0.000269161 0)
(-0.0272112 0.000257011 1.93609e-20)
(-0.0277283 0.000241536 0)
(-0.0282203 0.000221314 -3.81358e-20)
(-0.0286772 0.00019225 3.79296e-20)
(-0.0290701 0.000152629 3.78205e-20)
(-0.0294014 7.78983e-05 -3.78593e-20)
(-0.0294829 -3.94092e-05 3.80462e-20)
(-0.0295074 -0.000356585 -3.83984e-20)
(-0.0279728 -0.000616901 0)
(-0.0293455 -0.000516258 -2.43324e-18)
(-0.032769 -0.00134243 -2.26983e-18)
(-0.0364126 -0.00203343 0)
(-0.0395332 -0.0025761 -4.061e-18)
(-0.0424831 -0.0030186 -7.75814e-18)
(-0.0455556 -0.00342149 -3.71976e-18)
(-0.0487788 -0.00381813 3.56847e-18)
(-0.0521155 -0.00429931 -2.40741e-35)
(-0.0555948 -0.00475722 3.00927e-36)
(-0.0592925 -0.00507139 3.14975e-18)
(-0.063231 -0.00539512 3.03038e-18)
(-0.067422 -0.005812 0)
(-0.0719115 -0.00626023 0)
(-0.0767309 -0.00671121 0)
(-0.0819258 -0.00720313 -6.85548e-35)
(-0.087546 -0.00774552 -5.75522e-35)
(-0.0936631 -0.00834654 1.35417e-34)
(-0.100333 -0.00901022 -4.15758e-18)
(-0.107695 -0.0097311 -3.81183e-18)
(-0.116757 -0.0106243 1.20371e-35)
(-0.127573 -0.0116276 6.13606e-18)
(-0.138428 -0.0127343 1.0348e-17)
(-0.153652 -0.0139275 6.01853e-36)
(-0.162852 -0.0152944 -5.09719e-18)
(-0.191966 -0.016982 -1.20371e-35)
)
;
    }
    frontAndBack
    {
        type            empty;
    }
}


// ************************************************************************* //
