/*--------------------------------*- C++ -*----------------------------------*\
  =========                 |
  \\      /  F ield         | OpenFOAM: The Open Source CFD Toolbox
   \\    /   O peration     | Website:  https://openfoam.org
    \\  /    A nd           | Version:  8
     \\/     M anipulation  |
\*---------------------------------------------------------------------------*/
FoamFile
{
    version     2.0;
    format      ascii;
    class       volVectorField;
    location    "4300";
    object      wallShearStress;
}
// * * * * * * * * * * * * * * * * * * * * * * * * * * * * * * * * * * * * * //

dimensions      [0 2 -2 0 0 0 0];

internalField   uniform (0 0 0);

boundaryField
{
    inlet
    {
        type            calculated;
        value           uniform (0 0 0);
    }
    outlet
    {
        type            calculated;
        value           uniform (0 0 0);
    }
    upperWall
    {
        type            calculated;
        value           nonuniform List<vector> 
223
(
(-0.582193 -0.392359 0)
(-0.977814 -0.219377 0)
(-0.939335 -0.0567746 0)
(-0.81071 -0.00585788 0)
(-0.734594 0.00331366 0)
(-0.695452 0.00231537 0)
(-0.67094 0.000424077 0)
(-0.653508 -0.00144907 0)
(-0.640533 -0.00256381 0)
(-0.629819 -0.00218244 0)
(-0.620063 -0.00131141 0)
(-0.610955 -0.00108353 0)
(-0.603068 -0.00141058 0)
(-0.596128 -0.00113888 0)
(-0.590229 -0.000828766 0)
(-0.585437 -0.000755752 0)
(-0.580234 0.000753751 0)
(-0.574816 0.00274899 0)
(-0.570787 0.00183733 0)
(-0.567966 0.00149054 4.23083e-22)
(-0.564783 0.00318185 0)
(-0.561363 0.00293714 0)
(-0.558327 0.00230468 0)
(-0.555556 0.00222209 4.46191e-22)
(-0.552844 0.00233297 0)
(-0.550125 0.00330496 0)
(-0.547032 0.00386685 0)
(-0.544025 0.00358809 -9.37975e-22)
(-0.541248 0.00309879 9.4762e-22)
(-0.538553 0.00299716 9.58526e-22)
(-0.535798 0.00267233 0)
(-0.53314 0.00233828 -9.79466e-22)
(-0.530509 0.00205426 0)
(-0.527888 0.00182854 1.00243e-21)
(-0.525259 0.00163856 1.01445e-21)
(-0.522619 0.00149384 -1.02698e-21)
(-0.519957 0.0013777 0)
(-0.517279 0.0012859 0)
(-0.51458 0.00121508 0)
(-0.511856 0.00116086 0)
(-0.509104 0.00111961 -1.09138e-21)
(-0.506322 0.00108891 0)
(-0.503506 0.00106674 0)
(-0.500655 0.00105151 1.13137e-21)
(-0.497766 0.0010422 0)
(-0.494835 0.00103785 1.15778e-21)
(-0.491859 0.0010376 -1.17074e-21)
(-0.488835 0.00104067 1.18346e-21)
(-0.485759 0.00104666 0)
(-0.482629 0.00105411 0)
(-0.479445 0.00106243 0)
(-0.476207 0.00107047 1.23091e-21)
(-0.472922 0.00107698 -1.24158e-21)
(-0.4696 0.0010822 0)
(-0.466257 0.00108708 0)
(-0.462909 0.00109219 0)
(-0.459564 0.00109668 0)
(-0.45623 0.00109934 0)
(-0.452906 0.00109934 0)
(-0.449589 0.00109692 0)
(-0.446269 0.00109262 0)
(-0.442938 0.00108742 1.29211e-21)
(-0.439583 0.00108261 -1.29189e-21)
(-0.436194 0.00107898 0)
(-0.43276 0.0010771 0)
(-0.42927 0.00107721 0)
(-0.425716 0.00107947 -1.27851e-21)
(-0.422088 0.00108365 0)
(-0.41838 0.0010895 0)
(-0.414587 0.00109664 0)
(-0.410704 0.00110472 0)
(-0.406727 0.00111321 0)
(-0.402655 0.00112165 -2.43465e-21)
(-0.398487 0.00112955 0)
(-0.394224 0.00113624 0)
(-0.389868 0.00114129 0)
(-0.385427 0.00114445 0)
(-0.380907 0.00114564 0)
(-0.376322 0.00114472 0)
(-0.371683 0.00114139 0)
(-0.367001 0.00113536 2.09559e-21)
(-0.362288 0.00112656 0)
(-0.357551 0.00111503 0)
(-0.352795 0.00110113 0)
(-0.348022 0.00108531 -1.83993e-21)
(-0.343231 0.00106812 0)
(-0.338423 0.00105029 -1.6905e-21)
(-0.333591 0.00103242 0)
(-0.328732 0.00101533 0)
(-0.323837 0.000999814 0)
(-0.319025 0.000992027 -1.35129e-21)
(-0.316384 0.00100118 0)
(-0.31366 0.00101503 1.18082e-21)
(-0.310855 0.00102971 1.09012e-21)
(-0.307975 0.00104288 0)
(-0.305031 0.0010538 8.96436e-22)
(-0.302033 0.0010625 0)
(-0.298997 0.00106994 0)
(-0.295936 0.00107676 0)
(-0.292863 0.00108497 -4.55015e-22)
(-0.289796 0.00109195 0)
(-0.286743 0.00110427 -2.05619e-22)
(-0.28372 0.00110334 7.35457e-23)
(-0.280733 0.00110618 0)
(-0.277801 0.00111416 0)
(-0.274919 0.00111762 0)
(-0.272111 0.00111447 0)
(-0.269358 0.00108093 0)
(-0.26673 0.000941869 0)
(-0.264123 0.000928198 0)
(-0.261696 0.00119184 1.14784e-21)
(-0.259347 0.00117895 0)
(-0.257019 0.000970537 0)
(-0.254691 0.00124905 0)
(-0.252685 0.00141764 0)
(-0.25076 0.000800194 0)
(-0.248635 0.000310822 0)
(-0.246614 0.000502274 0)
(-0.244587 0.000683151 0)
(-0.242541 0.000857709 0)
(-0.240687 0.000823866 0)
(-0.238713 0.00107727 0)
(-0.237192 0.00141941 0)
(-0.235689 0.00118706 7.12008e-21)
(-0.234079 0.00108831 0)
(-0.232709 0.00101585 0)
(-0.231216 0.000911228 0)
(-0.229798 0.000791627 -8.73578e-21)
(-0.22854 0.000687674 0)
(-0.227172 0.000642978 0)
(-0.225658 0.00075268 -9.99713e-21)
(-0.224153 0.000727754 0)
(-0.222805 0.000287814 1.08186e-20)
(-0.221393 0.000300918 0)
(-0.220168 0.000748619 0)
(-0.218678 0.000711271 0)
(-0.217524 0.000553282 -1.24883e-20)
(-0.216567 0.000497574 0)
(-0.215529 0.000461759 1.33095e-20)
(-0.214281 0.000445016 0)
(-0.213041 0.000390708 0)
(-0.212017 0.000144385 0)
(-0.210806 0.000202991 0)
(-0.209832 0.000474548 0)
(-0.208718 0.000526344 0)
(-0.207848 -4.52565e-06 0)
(-0.206413 -0.000460658 0)
(-0.205209 -0.00028415 0)
(-0.20457 -0.000120368 0)
(-0.203592 0.000136816 0)
(-0.20271 0.000134375 1.85434e-20)
(-0.202201 3.41295e-05 -1.88758e-20)
(-0.201544 0.000171054 0)
(-0.200882 0.000342909 0)
(-0.200016 0.000234345 0)
(-0.199811 0.000146923 0)
(-0.199053 0.000294508 -2.09706e-20)
(-0.198359 0.000246112 2.13659e-20)
(-0.198127 0.000202721 -2.16691e-20)
(-0.197483 0.000282162 0)
(-0.197015 0.00038388 -2.25487e-20)
(-0.196531 0.000362786 -4.59346e-20)
(-0.196145 0.000344185 0)
(-0.195862 0.00071887 -4.73253e-20)
(-0.195381 0.000902153 4.8304e-20)
(-0.194938 0.000679022 0)
(-0.194792 0.000398261 0)
(-0.194399 0.000365799 0)
(-0.194502 0.00050735 0)
(-0.193908 2.18664e-05 0)
(-0.192753 -0.00042599 -5.38007e-20)
(-0.192151 -0.000220376 0)
(-0.191645 -1.39277e-05 -5.54004e-20)
(-0.191541 0.000180485 0)
(-0.190767 0.000315328 0)
(-0.190177 0.000360152 0)
(-0.189535 0.000655313 0)
(-0.18908 0.000771938 0)
(-0.188874 0.000576762 6.05933e-20)
(-0.188793 0.000454206 0)
(-0.188567 5.87745e-05 0)
(-0.187004 -0.000185188 -6.45061e-20)
(-0.185925 0.00016438 0)
(-0.185047 0.000423954 0)
(-0.184656 0.000625954 0)
(-0.183683 0.000626055 6.8671e-20)
(-0.183091 0.000397107 0)
(-0.182185 0.000423079 0)
(-0.180312 0.000141232 0)
(-0.17786 -4.59202e-05 0)
(-0.175208 0.000189074 -7.77316e-20)
(-0.173031 0.000426242 0)
(-0.169566 0.000589989 0)
(-0.166444 0.000937683 0)
(-0.16207 0.00142734 8.7937e-20)
(-0.155452 0.00164456 0)
(-0.14901 0.00241957 0)
(-0.124023 0.00229708 -1.07586e-19)
(-0.141683 0.00669302 1.20371e-35)
(-0.169756 0.0132107 1.25309e-17)
(-0.187045 0.0170765 2.35682e-17)
(-0.19352 0.0188726 2.26935e-17)
(-0.197001 0.0197064 2.20058e-17)
(-0.200552 0.0202788 2.12568e-17)
(-0.205206 0.0209773 -2.02585e-17)
(-0.20961 0.021514 -1.95364e-17)
(-0.213873 0.0218742 0)
(-0.218131 0.0220213 -3.66634e-17)
(-0.220266 0.022184 -1.80769e-17)
(-0.224724 0.0227224 5.05557e-34)
(-0.227536 0.0229049 -1.20371e-35)
(-0.23107 0.0233638 -3.22791e-17)
(-0.235348 0.0239354 -3.06859e-17)
(-0.242344 0.024779 -2.8466e-17)
(-0.249522 0.0254448 -2.40741e-35)
(-0.256864 0.0260682 4.94044e-17)
(-0.263913 0.0266479 2.26463e-17)
(-0.272755 0.0274467 1.20371e-35)
(-0.28266 0.0283576 -3.48619e-17)
(-0.291218 0.0289997 -1.58061e-20)
(-0.300884 0.029578 3.00927e-36)
(-0.30444 0.0304168 1.34852e-17)
(-0.332564 0.0321498 -7.62892e-18)
)
;
    }
    lowerWall
    {
        type            calculated;
        value           nonuniform List<vector> 
250
(
(-0.653909 0.466638 0)
(-1.14095 0.204678 0)
(-1.03492 0.0379587 0)
(-0.869573 -0.000935989 0)
(-0.786941 -0.00419162 0)
(-0.746063 -0.00160782 0)
(-0.719878 0.000416171 0)
(-0.700645 -0.000651812 0)
(-0.685088 -0.00405595 0)
(-0.671318 -0.00471223 0)
(-0.658932 -0.00298824 0)
(-0.64772 -0.00086427 0)
(-0.637516 0.00142603 0)
(-0.628189 0.00210386 0)
(-0.61932 0.0013679 0)
(-0.611521 0.00135746 0)
(-0.60458 0.00169584 0)
(-0.605069 0.00194279 0)
(-0.00426043 -0.0228579 0)
(-0.00275883 -0.0176425 0)
(-0.000676813 -0.0144932 0)
(0.00194484 -0.0137779 9.0227e-20)
(0.00526938 -0.0151985 -7.86195e-20)
(0.00896243 -0.0208216 6.28497e-20)
(0.0127412 -0.020088 -4.8474e-20)
(0.0256274 -0.0633165 0)
(-0.0840673 -0.144716 0)
(0.000872706 -0.00384064 0)
(-0.00766525 0.00954619 0)
(-0.00851615 0.032821 0)
(-0.00254957 0.044855 0)
(0.00295322 0.0442615 1.8223e-20)
(0.00618259 0.036063 -1.89665e-20)
(0.00818706 0.024161 0)
(0.0094604 0.0101606 -5.42315e-20)
(0.00943153 -0.00404243 6.11459e-20)
(0.00793319 -0.0174224 0)
(0.00614116 -0.029195 0)
(0.00438169 -0.0385625 0)
(0.00268721 -0.0451398 0)
(0.000986036 -0.0488797 0)
(-0.000885147 -0.0495149 0)
(-0.00282053 -0.0464084 0)
(-0.00437905 -0.0399029 0)
(-0.00492622 -0.0308268 0)
(0.00132856 -0.00151223 0)
(0.00133791 0.00652701 0)
(-0.00450916 0.00961835 0)
(-0.00959706 0.00975628 0)
(-0.013383 0.00829936 0)
(-0.0158893 0.00623507 0)
(-0.0172642 0.00409748 1.49579e-21)
(-0.0177829 0.00200597 -1.5274e-21)
(-0.0173313 -7.1625e-06 0)
(-0.0160537 -0.00168642 -1.65315e-21)
(-0.0141882 -0.00283772 0)
(-0.0120501 -0.00329659 0)
(-0.0100504 -0.00303598 -0)
(-0.00855275 -0.00228033 2.57044e-21)
(-0.0076161 -0.00142307 0)
(-0.00693784 -0.000815845 0)
(-0.00612038 -0.000623409 -3.37841e-21)
(-0.0049928 -0.00100044 0)
(-0.00340846 -0.00238591 0)
(-0.000488616 -0.00505755 0)
(0.00436071 -0.00740362 3.03321e-21)
(0.00994565 -0.00889514 0)
(0.0158467 -0.00984997 1.4692e-21)
(0.0218921 -0.0106169 0)
(0.0280977 -0.0112689 -0)
(0.0344083 -0.0115143 8.44728e-22)
(0.0405407 -0.0113546 0)
(0.0491485 -0.0116032 -7.54065e-22)
(0.0589386 -0.0117553 -0)
(0.0686327 -0.0115827 7.70726e-22)
(0.0780417 -0.0111689 0)
(0.0870146 -0.0105841 0)
(0.0954589 -0.00989005 0)
(0.103317 -0.00913657 -0)
(0.110563 -0.00836067 0)
(0.117196 -0.00758961 -8.11177e-22)
(0.12323 -0.00684044 -0)
(0.128686 -0.00612264 1.63313e-21)
(0.133591 -0.00544045 0)
(0.137973 -0.00479416 -1.63501e-21)
(0.141859 -0.00418202 -0)
(0.145271 -0.00360142 -0)
(0.148232 -0.00304957 1.6211e-21)
(0.150758 -0.0025241 0)
(0.152863 -0.00202411 1.60088e-21)
(0.154561 -0.00155037 -1.58757e-21)
(0.155863 -0.00110626 -0)
(0.156782 -0.000698822 -1.55495e-21)
(0.157328 -0.000337877 -1.53592e-21)
(0.157514 -3.9842e-05 -0)
(0.157408 0.000194783 0)
(0.157076 0.000391573 0)
(0.156522 0.000568215 0)
(0.155761 0.000731054 -0)
(0.1548 0.000884178 1.37585e-21)
(0.153648 0.0010283 0)
(0.152312 0.00116405 -1.30707e-21)
(0.150799 0.00129164 -0)
(0.149116 0.00141123 -0)
(0.147271 0.00152286 1.19062e-21)
(0.145272 0.00162638 0)
(0.143126 0.00172189 -1.10492e-21)
(0.140842 0.00180931 -0)
(0.138429 0.00188859 0)
(0.135895 0.00195979 -0)
(0.13325 0.00202306 9.16896e-22)
(0.130501 0.0020784 0)
(0.127659 0.00212592 -0)
(0.124733 0.00216585 7.63855e-22)
(0.121732 0.00219832 0)
(0.118665 0.0022235 6.57321e-22)
(0.115541 0.00224169 0)
(0.11237 0.00225316 0)
(0.10916 0.00225811 0)
(0.105919 0.00225696 -4.36242e-22)
(0.102656 0.00224995 -0)
(0.09938 0.00223736 0)
(0.0960972 0.00221952 -2.65639e-22)
(0.0928158 0.00219666 -2.08187e-22)
(0.0895429 0.00216912 -0)
(0.0862851 0.00213703 -9.27172e-23)
(0.0830492 0.00210087 -0)
(0.0798411 0.00206132 4.64647e-23)
(0.0766666 0.00201924 -0)
(0.0735302 0.00197546 2.78908e-22)
(0.0704359 0.00192996 0)
(0.0673884 0.00188222 -5.1163e-22)
(0.0643915 0.00183187 -0)
(0.0614503 0.00178065 0)
(0.0585667 0.00173232 -0)
(0.0557413 0.0016892 9.78393e-22)
(0.0529748 0.00165083 0)
(0.0502691 0.00161808 -1.21376e-21)
(0.0476234 0.00159447 0)
(0.0457846 0.0016036 1.47556e-21)
(0.0442421 0.00162104 1.63405e-21)
(0.0427031 0.00162588 1.79897e-21)
(0.0411757 0.00161303 0)
(0.0396654 0.00158968 0)
(0.0381718 0.00156402 0)
(0.0366935 0.00153821 0)
(0.0352306 0.00151253 0)
(0.0337833 0.0014869 0)
(0.0323525 0.00146141 0)
(0.0309383 0.00143619 0)
(0.0295414 0.00141138 -3.69173e-21)
(0.028162 0.00138718 -3.96737e-21)
(0.0268003 0.00136375 0)
(0.0254565 0.00134077 0)
(0.024131 0.00131671 0)
(0.0228253 0.00129183 -5.2673e-21)
(0.021539 0.00126763 0)
(0.0202724 0.00124396 0)
(0.0190254 0.00122091 0)
(0.017798 0.00119849 0)
(0.0165904 0.00117676 7.53586e-21)
(0.0154025 0.00115581 0)
(0.0142343 0.00113573 0)
(0.0130858 0.00111661 -9.45463e-21)
(0.0119567 0.00109851 1.02322e-20)
(0.0108472 0.0010815 0)
(0.00975699 0.00106589 1.20684e-20)
(0.00868614 0.00105231 0)
(0.00763428 0.00104193 -1.44068e-20)
(0.00660069 0.00103504 0)
(0.00558505 0.00103065 0)
(0.00458732 0.00102843 0)
(0.00360707 0.00102873 0)
(0.00264384 0.00103176 0)
(0.00169808 0.00103749 5.5708e-20)
(0.00077132 0.00104307 6.42176e-20)
(-0.000138492 0.00103037 0)
(-0.00103578 0.000987542 0)
(-0.0019176 0.00093515 0)
(-0.00278391 0.000885652 -5.28883e-20)
(-0.0036346 0.000840732 0)
(-0.00446952 0.000799977 0)
(-0.00528899 0.000762907 0)
(-0.00609362 0.000729026 -4.04155e-20)
(-0.00688396 0.000697876 3.83655e-20)
(-0.00766052 0.000669076 0)
(-0.00842375 0.000642322 0)
(-0.00917412 0.000617368 3.3618e-20)
(-0.00991205 0.00059402 3.23778e-20)
(-0.010638 0.000572105 0)
(-0.0113523 0.000551495 0)
(-0.0120556 0.000532076 -2.93528e-20)
(-0.012748 0.00051375 2.85252e-20)
(-0.0134302 0.000496437 0)
(-0.0141025 0.000480063 0)
(-0.0147653 0.000464574 2.64355e-20)
(-0.0154192 0.000449913 0)
(-0.0160645 0.000436031 0)
(-0.0167017 0.000422891 2.47902e-20)
(-0.0173312 0.000410457 0)
(-0.0179535 0.000398692 2.38743e-20)
(-0.0185691 0.000387565 0)
(-0.0191784 0.000377047 0)
(-0.0197819 0.000367106 0)
(-0.0203801 0.000357716 -2.23587e-20)
(-0.0209734 0.000348819 0)
(-0.0215621 0.000340397 0)
(-0.0221467 0.000332421 0)
(-0.0227276 0.000324791 0)
(-0.023305 0.000317413 0)
(-0.0238786 0.000310204 0)
(-0.0244487 0.000303026 -2.03856e-20)
(-0.0250147 0.000295647 -2.01553e-20)
(-0.0255757 0.000287827 0)
(-0.0261306 0.000279163 0)
(-0.0266768 0.000269116 0)
(-0.027211 0.000256984 1.93607e-20)
(-0.0277283 0.000241512 0)
(-0.0282201 0.000221276 -3.81354e-20)
(-0.028677 0.000192245 3.79292e-20)
(-0.0290701 0.000152608 3.78201e-20)
(-0.0294012 7.78626e-05 -3.78587e-20)
(-0.0294829 -3.9391e-05 3.80458e-20)
(-0.0295076 -0.000356553 -3.8398e-20)
(-0.027973 -0.000616876 0)
(-0.0293457 -0.000516208 -2.43319e-18)
(-0.0327693 -0.00134239 -2.26978e-18)
(-0.0364128 -0.00203337 0)
(-0.0395336 -0.00257604 -4.06089e-18)
(-0.0424836 -0.00301859 -7.75787e-18)
(-0.045556 -0.00342178 -3.71962e-18)
(-0.0487803 -0.00381762 3.56817e-18)
(-0.0521109 -0.00430793 -7.82409e-35)
(-0.0555997 -0.00472831 6.01853e-36)
(-0.0592941 -0.0050367 3.15543e-18)
(-0.0632353 -0.00542869 3.02819e-18)
(-0.0674155 -0.00584504 3.00927e-36)
(-0.0719119 -0.00626347 0)
(-0.0767328 -0.00671358 0)
(-0.0819272 -0.00720489 -9.57323e-35)
(-0.0875469 -0.00774491 -1.00058e-34)
(-0.0936636 -0.00834463 5.11575e-35)
(-0.100333 -0.00900777 -4.15797e-18)
(-0.107695 -0.00972852 -3.81224e-18)
(-0.116755 -0.0106218 1.20371e-35)
(-0.127571 -0.0116254 6.13673e-18)
(-0.138425 -0.0127324 1.03492e-17)
(-0.153649 -0.0139259 0)
(-0.162848 -0.015293 -5.09801e-18)
(-0.191963 -0.0169809 -2.40741e-35)
)
;
    }
    frontAndBack
    {
        type            empty;
    }
}


// ************************************************************************* //
