/*--------------------------------*- C++ -*----------------------------------*\
  =========                 |
  \\      /  F ield         | OpenFOAM: The Open Source CFD Toolbox
   \\    /   O peration     | Website:  https://openfoam.org
    \\  /    A nd           | Version:  8
     \\/     M anipulation  |
\*---------------------------------------------------------------------------*/
FoamFile
{
    version     2.0;
    format      ascii;
    class       volVectorField;
    location    "2800";
    object      wallShearStress;
}
// * * * * * * * * * * * * * * * * * * * * * * * * * * * * * * * * * * * * * //

dimensions      [0 2 -2 0 0 0 0];

internalField   uniform (0 0 0);

boundaryField
{
    inlet
    {
        type            calculated;
        value           uniform (0 0 0);
    }
    outlet
    {
        type            calculated;
        value           uniform (0 0 0);
    }
    upperWall
    {
        type            calculated;
        value           nonuniform List<vector> 
223
(
(-0.582193 -0.392359 0)
(-0.977814 -0.219377 0)
(-0.939335 -0.0567745 0)
(-0.81071 -0.00585779 0)
(-0.734594 0.00331372 0)
(-0.695452 0.00231544 0)
(-0.670941 0.000424207 0)
(-0.653508 -0.00144931 0)
(-0.640539 -0.00256274 0)
(-0.629823 -0.00218357 0)
(-0.62006 -0.00130464 0)
(-0.610989 -0.00107762 0)
(-0.603027 -0.00138366 0)
(-0.596192 -0.00127576 0)
(-0.590436 -0.00102583 0)
(-0.585076 -0.000255602 0)
(-0.579805 0.00173238 0)
(-0.5752 0.00141916 0)
(-0.571306 0.00163162 0)
(-0.567737 0.0031624 4.27164e-22)
(-0.564153 0.00272189 0)
(-0.561062 0.00174655 0)
(-0.558441 0.00146005 0)
(-0.555861 0.00180189 4.47312e-22)
(-0.553126 0.0033719 0)
(-0.549973 0.00412071 0)
(-0.546952 0.00406937 0)
(-0.544004 0.00384983 -9.40593e-22)
(-0.541149 0.0033157 9.48864e-22)
(-0.538455 0.00279702 9.5923e-22)
(-0.535816 0.00261741 0)
(-0.533126 0.00233199 -9.80831e-22)
(-0.530483 0.00206626 0)
(-0.527855 0.0018489 1.0033e-21)
(-0.525223 0.00166293 1.01508e-21)
(-0.522579 0.00152005 -1.02733e-21)
(-0.519914 0.00140351 0)
(-0.517234 0.00130959 0)
(-0.514536 0.00123624 0)
(-0.511812 0.00117949 0)
(-0.509061 0.00113591 -1.09118e-21)
(-0.50628 0.00110314 0)
(-0.503467 0.00107905 0)
(-0.500618 0.00106221 1.13135e-21)
(-0.497731 0.00105144 0)
(-0.494803 0.00104587 1.15787e-21)
(-0.491829 0.00104459 -1.17086e-21)
(-0.488808 0.00104668 1.18361e-21)
(-0.485734 0.00105188 0)
(-0.482607 0.00105871 0)
(-0.479425 0.00106629 0)
(-0.47619 0.00107383 1.23105e-21)
(-0.472906 0.00107985 -1.24168e-21)
(-0.469586 0.00108457 0)
(-0.466246 0.0010892 0)
(-0.462898 0.00109398 0)
(-0.459556 0.0010982 0)
(-0.456223 0.00110068 0)
(-0.4529 0.00110054 0)
(-0.449582 0.00109792 0)
(-0.446264 0.00109348 0)
(-0.442933 0.00108821 1.29204e-21)
(-0.439579 0.00108325 -1.29182e-21)
(-0.436192 0.00107953 0)
(-0.432758 0.00107756 0)
(-0.429269 0.00107764 0)
(-0.425715 0.00107982 -1.27844e-21)
(-0.422088 0.00108391 0)
(-0.41838 0.00108969 0)
(-0.414587 0.00109677 0)
(-0.410705 0.00110484 0)
(-0.406728 0.00111328 0)
(-0.402656 0.00112167 -2.4345e-21)
(-0.398488 0.00112953 0)
(-0.394225 0.00113615 0)
(-0.38987 0.00114117 0)
(-0.385429 0.00114437 0)
(-0.380909 0.00114555 0)
(-0.376324 0.00114458 0)
(-0.371685 0.00114125 0)
(-0.367004 0.00113527 2.09552e-21)
(-0.362291 0.00112648 0)
(-0.357554 0.00111496 0)
(-0.352798 0.00110107 0)
(-0.348024 0.00108523 -1.8399e-21)
(-0.343235 0.00106809 0)
(-0.338425 0.0010503 -1.69049e-21)
(-0.333593 0.00103236 0)
(-0.328735 0.00101529 0)
(-0.32384 0.000999851 0)
(-0.319027 0.000992031 -1.35135e-21)
(-0.316386 0.00100115 0)
(-0.313662 0.00101504 1.1809e-21)
(-0.310857 0.00102972 1.09023e-21)
(-0.307977 0.0010429 0)
(-0.305033 0.00105382 8.96574e-22)
(-0.302035 0.00106253 0)
(-0.298999 0.00106993 0)
(-0.295937 0.00107681 0)
(-0.292865 0.00108484 -4.55226e-22)
(-0.289797 0.00109225 0)
(-0.286746 0.00110299 -2.0587e-22)
(-0.283725 0.00110737 7.38508e-23)
(-0.280743 0.00111551 0)
(-0.277807 0.00111157 0)
(-0.274932 0.00110459 0)
(-0.272112 0.00113524 0)
(-0.269381 0.00111004 0)
(-0.266707 0.00103819 0)
(-0.264113 0.00102176 0)
(-0.261688 0.000955758 1.14683e-21)
(-0.259282 0.00133545 0)
(-0.257151 0.00152225 0)
(-0.254964 0.000897456 0)
(-0.252729 0.000500448 0)
(-0.25048 0.000422642 0)
(-0.248439 0.000527293 0)
(-0.246295 0.000636825 0)
(-0.244472 0.000599902 0)
(-0.242486 0.000720127 0)
(-0.240632 0.000782538 0)
(-0.239061 0.000728863 0)
(-0.237341 0.000670587 0)
(-0.235519 0.000505926 7.18255e-21)
(-0.233755 0.000411111 0)
(-0.232001 0.000704504 0)
(-0.230347 0.00090382 0)
(-0.228653 0.000920675 -8.80336e-21)
(-0.2271 0.000863254 0)
(-0.22543 0.00109008 0)
(-0.224279 0.00123178 -9.98753e-21)
(-0.222985 0.00103235 0)
(-0.221872 0.00111914 1.0808e-20)
(-0.220641 0.000711582 0)
(-0.2193 0.000689436 0)
(-0.218159 0.0009163 0)
(-0.217105 0.000432089 -1.249e-20)
(-0.215983 0.000526507 0)
(-0.214964 0.000857264 1.33307e-20)
(-0.21368 0.000626769 0)
(-0.212696 0.000473892 0)
(-0.211628 0.00018492 0)
(-0.210692 0.000310192 0)
(-0.209641 0.000560087 0)
(-0.209004 0.000223641 0)
(-0.207783 0.000293535 0)
(-0.206961 0.000538301 0)
(-0.205989 0.000511523 0)
(-0.205333 -9.01473e-05 0)
(-0.204162 -0.000541364 0)
(-0.20303 -0.000268068 1.85953e-20)
(-0.202464 -9.42446e-06 -1.88795e-20)
(-0.201677 0.000149055 0)
(-0.200977 0.000180243 0)
(-0.200454 0.000618863 0)
(-0.199885 0.000693732 0)
(-0.199352 0.000587208 -2.0907e-20)
(-0.19908 0.000728403 2.12174e-20)
(-0.198533 0.000541036 -2.16609e-20)
(-0.198198 0.000357392 0)
(-0.198055 0.000342279 -2.23727e-20)
(-0.197542 0.000438504 -4.56706e-20)
(-0.196969 -0.000126283 0)
(-0.195977 -0.000548137 -4.78841e-20)
(-0.195109 -0.000232559 4.87495e-20)
(-0.194703 2.95123e-05 0)
(-0.194269 9.54516e-05 0)
(-0.193996 0.000375235 0)
(-0.193742 0.00063663 0)
(-0.193661 0.000561403 0)
(-0.193136 0.000138359 -5.33845e-20)
(-0.19226 -0.00020746 0)
(-0.191565 -8.79164e-05 -5.5502e-20)
(-0.191437 -3.55179e-06 0)
(-0.190901 8.85826e-05 0)
(-0.190355 0.000134615 0)
(-0.189735 0.000193979 0)
(-0.18908 0.000210067 0)
(-0.188694 0.00017846 6.06662e-20)
(-0.188229 0.000230488 0)
(-0.187228 0.000310202 0)
(-0.186338 0.000346056 -6.40966e-20)
(-0.185361 0.000277201 0)
(-0.184992 0.00025301 0)
(-0.183977 0.000328369 0)
(-0.182985 0.000371536 6.8809e-20)
(-0.181734 0.000387797 0)
(-0.180668 0.000430061 0)
(-0.178806 0.00050002 0)
(-0.176751 0.000442782 0)
(-0.175401 0.000514374 -7.6699e-20)
(-0.172463 0.000662707 0)
(-0.169345 0.000763791 0)
(-0.165642 0.000977125 0)
(-0.161321 0.00134806 8.79973e-20)
(-0.154572 0.00169228 0)
(-0.148593 0.0024883 0)
(-0.123682 0.00236932 -1.07592e-19)
(-0.141493 0.00674935 0)
(-0.169629 0.0132622 1.25282e-17)
(-0.186932 0.0170996 2.35734e-17)
(-0.19346 0.0188838 2.27027e-17)
(-0.196897 0.0196951 2.19961e-17)
(-0.201002 0.020325 2.11617e-17)
(-0.205466 0.0210201 -2.02532e-17)
(-0.209694 0.0215272 -1.953e-17)
(-0.213871 0.0218742 -6.01853e-36)
(-0.218095 0.0220187 -3.66635e-17)
(-0.220228 0.022182 -1.80774e-17)
(-0.224694 0.0227224 4.75464e-34)
(-0.227501 0.0229053 -1.20371e-35)
(-0.231076 0.0233622 -3.22684e-17)
(-0.235461 0.0239482 -3.06542e-17)
(-0.242441 0.0247962 -2.84629e-17)
(-0.249622 0.0254555 -2.40741e-35)
(-0.25693 0.0260726 4.94013e-17)
(-0.263948 0.0266494 2.26462e-17)
(-0.272774 0.0274473 2.40741e-35)
(-0.282668 0.0283572 -3.48615e-17)
(-0.291229 0.0290022 -1.58551e-20)
(-0.3008 0.0295575 0)
(-0.305381 0.0305118 1.34125e-17)
(-0.332967 0.0321998 -7.62519e-18)
)
;
    }
    lowerWall
    {
        type            calculated;
        value           nonuniform List<vector> 
250
(
(-0.653909 0.466638 0)
(-1.14095 0.204678 0)
(-1.03492 0.0379587 0)
(-0.869573 -0.000935979 0)
(-0.786941 -0.00419162 0)
(-0.746063 -0.00160781 0)
(-0.719878 0.000416211 0)
(-0.700646 -0.000651816 0)
(-0.685088 -0.00405602 0)
(-0.671318 -0.00471232 0)
(-0.658932 -0.00298834 0)
(-0.64772 -0.00086433 0)
(-0.637517 0.00142599 0)
(-0.62819 0.0021038 0)
(-0.619321 0.00136776 0)
(-0.611521 0.00135754 0)
(-0.604582 0.00169551 0)
(-0.605065 0.00194384 0)
(-0.00423443 -0.0228309 0)
(-0.00275627 -0.0176469 0)
(-0.000681409 -0.0144988 0)
(0.001937 -0.013806 9.02125e-20)
(0.00525834 -0.0152206 -7.86092e-20)
(0.00895379 -0.0208372 6.28301e-20)
(0.0127331 -0.0200902 -4.84597e-20)
(0.0256304 -0.0633117 0)
(-0.0840394 -0.144718 0)
(0.000872925 -0.00384063 0)
(-0.00766523 0.009546 0)
(-0.00851637 0.0328213 0)
(-0.0025499 0.0448558 0)
(0.00295292 0.044263 1.8221e-20)
(0.00618232 0.0360651 -1.89643e-20)
(0.0081868 0.0241636 0)
(0.00946011 0.0101635 -5.42209e-20)
(0.0094315 -0.0040394 6.11394e-20)
(0.00793332 -0.0174193 0)
(0.0061413 -0.0291917 0)
(0.00438185 -0.0385591 0)
(0.00268717 -0.0451364 0)
(0.000986169 -0.0488749 0)
(-0.000886632 -0.0495106 0)
(-0.00281903 -0.046394 0)
(-0.00439732 -0.0399059 0)
(-0.00491382 -0.0307472 0)
(0.00132874 -0.00151229 0)
(0.00133816 0.00652728 0)
(-0.00450907 0.00961874 0)
(-0.00959707 0.00975668 0)
(-0.0133831 0.00829975 0)
(-0.0158894 0.00623545 0)
(-0.0172645 0.00409783 1.49562e-21)
(-0.0177833 0.00200629 -1.52721e-21)
(-0.0173318 -6.87876e-06 0)
(-0.0160543 -0.0016862 -1.65295e-21)
(-0.0141889 -0.00283759 0)
(-0.0120508 -0.00329656 0)
(-0.010051 -0.00303604 -0)
(-0.00855322 -0.00228043 2.57013e-21)
(-0.00761651 -0.00142313 0)
(-0.00693829 -0.000815839 0)
(-0.00612091 -0.000623321 -3.3779e-21)
(-0.00499339 -0.00100018 0)
(-0.00340923 -0.0023852 0)
(-0.00049003 -0.0050566 0)
(0.00435884 -0.007403 3.03346e-21)
(0.00994367 -0.00889474 0)
(0.0158446 -0.00984968 1.4692e-21)
(0.0218899 -0.0106166 0)
(0.0280957 -0.0112688 -0)
(0.0344061 -0.0115143 8.44691e-22)
(0.0405387 -0.0113547 0)
(0.0491453 -0.0116032 -7.54007e-22)
(0.0589356 -0.0117553 -0)
(0.0686298 -0.0115828 7.7067e-22)
(0.0780389 -0.0111691 0)
(0.0870119 -0.0105842 0)
(0.0954564 -0.00989031 0)
(0.103315 -0.00913687 -0)
(0.110561 -0.00836093 0)
(0.117195 -0.00758978 -8.11132e-22)
(0.123228 -0.00684066 -0)
(0.128684 -0.00612294 1.63304e-21)
(0.13359 -0.00544069 0)
(0.137972 -0.00479431 -1.63492e-21)
(0.141858 -0.00418224 -0)
(0.145271 -0.00360172 -0)
(0.148231 -0.00304972 1.62102e-21)
(0.150757 -0.00252424 0)
(0.152863 -0.00202432 1.60081e-21)
(0.154561 -0.0015505 -1.58749e-21)
(0.155863 -0.00110646 -0)
(0.156782 -0.000699078 -1.55488e-21)
(0.157329 -0.00033797 -1.53585e-21)
(0.157514 -3.99129e-05 -0)
(0.157409 0.000194653 0)
(0.157078 0.000391448 0)
(0.156524 0.000568091 0)
(0.155763 0.000731004 -0)
(0.154802 0.00088413 1.3758e-21)
(0.15365 0.00102825 0)
(0.152314 0.00116394 -1.30702e-21)
(0.150801 0.00129159 -0)
(0.149118 0.00141118 -0)
(0.147273 0.00152274 1.19058e-21)
(0.145274 0.00162633 0)
(0.143128 0.00172183 -1.10489e-21)
(0.140844 0.0018092 -0)
(0.138431 0.00188847 0)
(0.135898 0.00195973 -0)
(0.133252 0.00202299 9.16871e-22)
(0.130503 0.00207833 0)
(0.127662 0.00212584 -0)
(0.124736 0.00216576 7.63834e-22)
(0.121734 0.00219817 0)
(0.118668 0.00222334 6.57308e-22)
(0.115544 0.00224158 0)
(0.112373 0.00225303 0)
(0.109162 0.00225802 0)
(0.105922 0.00225678 -4.36234e-22)
(0.102659 0.00224971 -0)
(0.0993822 0.00223706 0)
(0.0960997 0.00221913 -2.65636e-22)
(0.0928183 0.00219637 -2.08186e-22)
(0.0895455 0.00216903 -0)
(0.0862877 0.00213738 -9.27167e-23)
(0.0830517 0.00210187 -0)
(0.0798431 0.00206285 4.64829e-23)
(0.076668 0.00202071 -0)
(0.0735309 0.00197593 2.789e-22)
(0.0704368 0.00192894 0)
(0.0673899 0.00188037 -5.11577e-22)
(0.0643941 0.00183092 -0)
(0.0614526 0.00178165 0)
(0.0585678 0.00173387 -0)
(0.0557418 0.00168925 9.78331e-22)
(0.052976 0.00164995 0)
(0.0502706 0.00161814 -1.21377e-21)
(0.0476244 0.00159484 0)
(0.0457853 0.00160346 1.4755e-21)
(0.0442429 0.00162103 1.63401e-21)
(0.0427038 0.00162598 1.79892e-21)
(0.0411763 0.00161307 0)
(0.039666 0.00158972 0)
(0.0381723 0.00156408 0)
(0.0366939 0.00153824 0)
(0.0352312 0.00151253 0)
(0.0337839 0.00148693 0)
(0.0323531 0.00146144 0)
(0.0309389 0.00143621 0)
(0.029542 0.00141139 -3.69162e-21)
(0.0281626 0.00138719 -3.96726e-21)
(0.0268009 0.00136378 0)
(0.0254569 0.0013408 0)
(0.0241314 0.0013167 0)
(0.0228257 0.0012918 -5.26713e-21)
(0.0215396 0.00126761 0)
(0.0202728 0.00124395 0)
(0.0190259 0.00122086 0)
(0.0177985 0.00119844 0)
(0.0165909 0.0011767 7.53557e-21)
(0.0154031 0.00115574 0)
(0.0142349 0.00113566 0)
(0.0130864 0.00111653 -9.4542e-21)
(0.0119574 0.00109841 1.02317e-20)
(0.0108478 0.00108139 0)
(0.00975766 0.00106577 1.20678e-20)
(0.00868686 0.00105217 0)
(0.00763503 0.00104178 -1.44059e-20)
(0.00660146 0.00103489 0)
(0.00558586 0.00103048 0)
(0.00458816 0.00102826 0)
(0.00360792 0.00102854 0)
(0.00264473 0.00103157 0)
(0.001699 0.00103729 5.57031e-20)
(0.000772259 0.00104287 6.42117e-20)
(-0.000137526 0.00103018 0)
(-0.00103478 0.000987386 0)
(-0.00191657 0.000935003 0)
(-0.00278287 0.000885513 -5.28942e-20)
(-0.00363356 0.000840601 0)
(-0.00446845 0.000799856 0)
(-0.00528792 0.000762799 0)
(-0.00609257 0.00072893 -4.04183e-20)
(-0.00688293 0.000697787 3.83681e-20)
(-0.00765951 0.000668998 0)
(-0.00842278 0.000642256 0)
(-0.00917318 0.000617313 3.36196e-20)
(-0.00991115 0.000593972 3.23791e-20)
(-0.0106371 0.000572073 0)
(-0.0113515 0.000551474 0)
(-0.0120548 0.000532066 -2.93536e-20)
(-0.0127473 0.000513752 2.85258e-20)
(-0.0134295 0.000496448 0)
(-0.0141019 0.000480089 0)
(-0.0147648 0.000464609 2.64359e-20)
(-0.0154187 0.000449957 0)
(-0.016064 0.000436085 0)
(-0.0167013 0.000422952 2.47904e-20)
(-0.0173309 0.000410523 0)
(-0.0179533 0.000398762 2.38743e-20)
(-0.018569 0.000387638 0)
(-0.0191784 0.000377119 0)
(-0.019782 0.00036718 0)
(-0.0203803 0.000357782 -2.23585e-20)
(-0.0209736 0.000348912 0)
(-0.0215627 0.000340493 0)
(-0.0221473 0.00033248 0)
(-0.0227282 0.000324851 0)
(-0.0233056 0.00031749 0)
(-0.0238794 0.000310298 0)
(-0.0244497 0.000303101 -2.03851e-20)
(-0.0250157 0.000295705 -2.01547e-20)
(-0.0255768 0.000287883 0)
(-0.0261316 0.000279236 0)
(-0.026678 0.000269186 0)
(-0.0272122 0.000257036 1.93599e-20)
(-0.0277296 0.000241578 0)
(-0.0282215 0.000221339 -3.81335e-20)
(-0.0286785 0.000192287 3.79273e-20)
(-0.0290716 0.000152647 3.78182e-20)
(-0.0294027 7.78973e-05 -3.78566e-20)
(-0.0294844 -3.9363e-05 3.80437e-20)
(-0.0295091 -0.000356541 -3.83959e-20)
(-0.0279745 -0.000616892 0)
(-0.029347 -0.000516235 -2.43307e-18)
(-0.0327708 -0.00134247 -2.26965e-18)
(-0.0364143 -0.00203347 3.00927e-36)
(-0.0395352 -0.00257616 -4.06069e-18)
(-0.0424852 -0.00301868 -7.75746e-18)
(-0.0455577 -0.00342197 -3.71946e-18)
(-0.0487803 -0.00381955 3.56783e-18)
(-0.0521106 -0.0042966 -6.62038e-35)
(-0.0556087 -0.00469701 3.00927e-36)
(-0.0593007 -0.0050964 3.15261e-18)
(-0.0632495 -0.0055024 3.01607e-18)
(-0.0674485 -0.00581496 3.00927e-36)
(-0.0719319 -0.00622243 0)
(-0.0767413 -0.00669109 0)
(-0.0819281 -0.00719377 -7.06237e-35)
(-0.087545 -0.00774075 -5.97621e-35)
(-0.0936614 -0.00834375 6.92131e-35)
(-0.100331 -0.00900852 -4.15814e-18)
(-0.107694 -0.00973018 -3.81223e-18)
(-0.116755 -0.0106236 6.01853e-36)
(-0.127572 -0.0116274 6.13671e-18)
(-0.138426 -0.0127343 1.03492e-17)
(-0.153651 -0.0139277 0)
(-0.162851 -0.0152946 -5.09807e-18)
(-0.191965 -0.0169825 1.80556e-35)
)
;
    }
    frontAndBack
    {
        type            empty;
    }
}


// ************************************************************************* //
