/*--------------------------------*- C++ -*----------------------------------*\
  =========                 |
  \\      /  F ield         | OpenFOAM: The Open Source CFD Toolbox
   \\    /   O peration     | Website:  https://openfoam.org
    \\  /    A nd           | Version:  8
     \\/     M anipulation  |
\*---------------------------------------------------------------------------*/
FoamFile
{
    version     2.0;
    format      ascii;
    class       volVectorField;
    location    "500";
    object      wallShearStress;
}
// * * * * * * * * * * * * * * * * * * * * * * * * * * * * * * * * * * * * * //

dimensions      [0 2 -2 0 0 0 0];

internalField   uniform (0 0 0);

boundaryField
{
    inlet
    {
        type            calculated;
        value           uniform (0 0 0);
    }
    outlet
    {
        type            calculated;
        value           uniform (0 0 0);
    }
    upperWall
    {
        type            calculated;
        value           nonuniform List<vector> 
223
(
(-0.444208 0.00287725 0)
(-0.469603 0.00553885 0)
(-0.49915 0.00691556 0)
(-0.505474 0.00737614 0)
(-0.501141 0.00733254 0)
(-0.490524 0.00696944 0)
(-0.478621 0.0064673 0)
(-0.466335 0.0059009 0)
(-0.45385 0.00531431 0)
(-0.442109 0.00474785 0)
(-0.431314 0.00421659 0)
(-0.421516 0.00372462 0)
(-0.412719 0.00327656 0)
(-0.40485 0.00287291 0)
(-0.397848 0.0025134 0)
(-0.391625 0.00220805 0)
(-0.386039 0.00196303 0)
(-0.381047 0.0018209 0)
(-0.377013 0.00174584 0)
(-0.373814 0.00169828 5.85658e-22)
(-0.370691 0.00162738 0)
(-0.36766 0.00154295 0)
(-0.364724 0.00145098 0)
(-0.361889 0.00135578 5.97214e-22)
(-0.359159 0.00125994 0)
(-0.356537 0.0011661 0)
(-0.354018 0.00107543 0)
(-0.351601 0.000989172 -1.21489e-21)
(-0.349282 0.000907258 1.21966e-21)
(-0.347056 0.00083027 1.22432e-21)
(-0.344922 0.000757566 0)
(-0.342875 0.000689448 -1.23334e-21)
(-0.340914 0.000625364 0)
(-0.339037 0.000565283 1.2421e-21)
(-0.337241 0.000508799 1.24642e-21)
(-0.335524 0.000456122 -1.2507e-21)
(-0.333884 0.000406885 0)
(-0.332319 0.000361194 0)
(-0.330824 0.000319009 0)
(-0.3294 0.000280219 0)
(-0.328039 0.000244768 -1.27196e-21)
(-0.326742 0.000212457 0)
(-0.325502 0.000183248 0)
(-0.32432 0.000156999 1.28476e-21)
(-0.323189 0.000133628 0)
(-0.322109 0.000112946 1.29338e-21)
(-0.321073 9.47612e-05 -1.29773e-21)
(-0.320083 7.90335e-05 1.3021e-21)
(-0.319131 6.58004e-05 0)
(-0.318219 5.48364e-05 0)
(-0.317338 4.61025e-05 0)
(-0.316493 3.95403e-05 1.31999e-21)
(-0.315672 3.49998e-05 -1.32458e-21)
(-0.31488 3.23478e-05 0)
(-0.314106 3.14867e-05 0)
(-0.313358 3.22335e-05 0)
(-0.312619 3.45393e-05 0)
(-0.311904 3.82619e-05 0)
(-0.311188 4.32512e-05 0)
(-0.310495 4.93308e-05 0)
(-0.309791 5.64816e-05 0)
(-0.309112 6.44476e-05 1.36838e-21)
(-0.308413 7.3348e-05 -1.3735e-21)
(-0.307732 8.32057e-05 0)
(-0.307036 9.29539e-05 0)
(-0.30635 0.000104634 0)
(-0.305615 0.000128302 -1.39477e-21)
(-0.304983 0.000124992 0)
(-0.304106 0.000104966 0)
(-0.30382 0.000146014 0)
(-0.302905 0.00017842 0)
(-0.302159 0.000249938 0)
(-0.301779 0.000317742 -2.86578e-21)
(-0.30315 0.000318022 0)
(-0.301273 0.00035178 0)
(-0.300638 0.000307023 0)
(-0.303323 0.000193627 0)
(-0.300261 0.00011631 0)
(-0.317875 0.000102286 0)
(-0.363148 0.000296072 0)
(-0.340331 0.00108665 3.33316e-21)
(-0.342529 0.00156318 0)
(-0.322926 0.00102082 0)
(-0.325562 0.000605784 0)
(-0.322775 0.000393156 -3.23742e-21)
(-0.309383 0.000501867 0)
(-0.304245 0.000301919 -3.11389e-21)
(-0.304919 2.18423e-06 0)
(-0.297421 0.000257393 0)
(-0.297152 0.000287879 0)
(-0.296992 3.355e-05 -3.12529e-21)
(-0.296898 5.38189e-05 0)
(-0.296722 1.44351e-05 3.14951e-21)
(-0.329995 0.00010215 3.51297e-21)
(-0.318992 0.000898191 0)
(-0.303951 0.000893597 3.20748e-21)
(-0.310361 0.000205275 0)
(-0.296535 0.000220904 0)
(-0.295115 0.00031023 0)
(-0.294735 0.000289121 -3.17298e-21)
(-0.303019 0.000269976 0)
(-0.294019 -7.88813e-05 -3.19867e-21)
(-0.341063 -0.000327764 3.72358e-21)
(-0.358804 -0.000128848 0)
(-0.368209 0.000407181 0)
(-0.336444 0.000316999 0)
(-0.328072 3.12697e-05 0)
(-0.357104 0.000488169 0)
(-0.326733 0.000621196 0)
(-0.305763 0.000568142 0)
(-0.291625 0.000392932 -3.1595e-21)
(-0.322874 0.00062117 0)
(-0.310443 0.00100164 0)
(-0.288708 0.00113842 0)
(-0.289112 0.00153599 0)
(-0.298983 0.00146449 0)
(-0.285807 0.000746495 0)
(-0.285131 2.7156e-05 0)
(-0.284682 -0.000256909 0)
(-0.284133 -0.000265676 0)
(-0.291918 -0.000289116 0)
(-0.315092 0.000550202 0)
(-0.288408 0.000981621 0)
(-0.280422 0.000294808 -5.66181e-21)
(-0.304552 -3.69374e-05 0)
(-0.308656 2.51676e-05 0)
(-0.300647 0.000164291 0)
(-0.310413 0.00081395 6.03153e-21)
(-0.288144 0.0012434 0)
(-0.274523 0.00120998 0)
(-0.273217 0.000886804 4.9494e-21)
(-0.272287 0.000317594 0)
(-0.277575 9.20424e-05 -4.88848e-21)
(-0.288567 0.00075623 0)
(-0.268064 0.00136031 0)
(-0.266551 0.00114104 0)
(-0.26501 0.000672683 4.16121e-21)
(-0.276761 0.000299308 0)
(-0.277792 0.000162845 -4.11401e-21)
(-0.268811 0.00101386 0)
(-0.257934 0.00120898 0)
(-0.271892 0.0011324 0)
(-0.25501 0.00134436 0)
(-0.253557 0.000608715 0)
(-0.259481 7.67914e-05 0)
(-0.259761 -0.000200487 0)
(-0.247561 0.000795219 0)
(-0.246275 0.00233839 0)
(-0.244206 0.00256895 0)
(-0.24273 0.00213678 0)
(-0.240953 0.00194845 -1.14503e-21)
(-0.23979 0.000487224 8.47856e-22)
(-0.238494 -0.000850103 0)
(-0.250441 -0.0011004 0)
(-0.233188 -0.000178174 0)
(-0.232179 0.000702334 0)
(-0.229503 0.000572319 -7.46943e-22)
(-0.237038 0.000739504 1.14071e-21)
(-0.238922 0.000366602 -1.56444e-21)
(-0.237595 0.000244351 0)
(-0.227634 0.000109939 -2.33205e-21)
(-0.217828 0.000840645 -5.34291e-21)
(-0.22747 0.0015335 0)
(-0.235798 0.000553025 -7.52865e-21)
(-0.212653 0.000763683 7.94404e-21)
(-0.237168 0.00225232 0)
(-0.21168 0.00207966 0)
(-0.210617 0.00176136 0)
(-0.208776 0.00132379 0)
(-0.206604 0.000625366 0)
(-0.20402 0.000828429 -1.35419e-20)
(-0.202847 0.00148339 0)
(-0.201739 0.000293127 -1.54057e-20)
(-0.197973 -0.000284729 0)
(-0.196413 -0.000760641 0)
(-0.191882 -0.000191817 0)
(-0.192681 0.00043633 0)
(-0.187996 0.000479459 0)
(-0.186225 0.0012013 2.32015e-20)
(-0.181992 0.000338856 0)
(-0.176323 -0.000292 0)
(-0.169841 -0.000499065 -3.0331e-20)
(-0.166592 0.00102573 0)
(-0.168445 0.00208077 0)
(-0.170583 0.00175539 0)
(-0.169539 0.000971631 3.33705e-20)
(-0.164839 0.000173518 0)
(-0.156993 2.88894e-05 0)
(-0.147061 0.000349172 0)
(-0.135945 0.000812586 0)
(-0.123945 0.00128585 -5.84829e-20)
(-0.111559 0.00157915 0)
(-0.0998572 0.00163423 0)
(-0.0888522 0.00151493 0)
(-0.0796281 0.00135243 9.38832e-20)
(-0.069224 0.00130511 0)
(-0.0640882 0.00174975 0)
(-0.0353051 0.00146725 -1.38939e-19)
(-0.0676566 0.000451118 0)
(-0.101598 0.00576623 1.18658e-17)
(-0.124865 0.0101675 2.1281e-17)
(-0.137232 0.0127415 1.99954e-17)
(-0.144567 0.0141532 1.92147e-17)
(-0.15008 0.0150228 1.85913e-17)
(-0.154416 0.0156403 -1.80669e-17)
(-0.157496 0.0160808 -1.75881e-17)
(-0.159876 0.0163834 6.01853e-36)
(-0.16202 0.016619 -3.35788e-17)
(-0.16415 0.0168272 -1.64096e-17)
(-0.166331 0.0170288 4.81482e-34)
(-0.168817 0.0172384 -1.20371e-35)
(-0.171751 0.0174834 -3.01899e-17)
(-0.175273 0.0177789 -2.90615e-17)
(-0.179445 0.0181365 -2.77491e-17)
(-0.184335 0.0185631 0)
(-0.189966 0.01906 4.89947e-17)
(-0.196473 0.0196411 2.24912e-17)
(-0.203697 0.0202929 2.40741e-35)
(-0.21238 0.0210727 -3.51151e-17)
(-0.220701 0.0218534 -1.23389e-20)
(-0.234248 0.0230135 -3.00927e-36)
(-0.238569 0.0237393 1.32303e-17)
(-0.264264 0.0253031 -7.1046e-18)
)
;
    }
    lowerWall
    {
        type            calculated;
        value           nonuniform List<vector> 
250
(
(-0.623031 -0.00631048 0)
(-0.656358 -0.0118421 0)
(-0.594086 -0.0114018 0)
(-0.576985 -0.00933678 0)
(-0.520769 -0.00750645 0)
(-0.616308 -0.00844985 0)
(-0.538237 -0.00654787 0)
(-0.47407 -0.0041516 0)
(-0.557457 -0.00390234 0)
(-0.494081 -0.0030433 0)
(-0.50082 -0.00261139 0)
(-0.503345 -0.00260528 0)
(-0.480474 -0.00188796 0)
(-0.500787 -0.00126412 0)
(-0.517314 -0.00110849 0)
(-0.491349 -0.000404041 0)
(-0.451348 0.000482918 0)
(-0.47396 0.000393515 0)
(0.00211665 0.000305264 0)
(0.0023518 -0.00247471 0)
(0.00261481 -0.00534504 0)
(0.00295331 -0.0083825 1.12777e-19)
(0.0033324 -0.0114156 -9.50252e-20)
(0.00352309 -0.0150902 8.43669e-20)
(0.00326405 -0.0145945 -7.53956e-20)
(0.00971271 -0.0331054 0)
(-0.0407295 -0.105835 0)
(0.000219006 -0.000275562 0)
(5.12971e-05 -0.00078552 0)
(-1.372e-05 -0.000865393 0)
(5.28585e-05 -0.000860226 0)
(3.20671e-05 -0.000826275 1.53786e-19)
(-0.000143586 -0.000257044 -1.49418e-19)
(-0.000579615 0.00118617 0)
(-0.00117439 0.00388409 -1.71521e-19)
(-0.00154872 0.00731417 1.3129e-19)
(-0.00149162 0.010547 0)
(-0.00109814 0.0129277 0)
(-0.000566277 0.0141726 0)
(-5.77763e-05 0.0142572 0)
(0.000344769 0.013378 0)
(0.000678692 0.0118143 0)
(0.00100538 0.0096167 0)
(0.00136421 0.00682559 0)
(0.00176871 0.00349604 0)
(-0.000143878 -0.000276339 0)
(0.0001671 -0.000445867 0)
(0.000474128 -0.000498405 0)
(0.000794079 -0.000429229 0)
(0.00104796 -0.000194929 -0)
(0.00109232 0.000193056 -0)
(0.000843169 0.000658093 1.43845e-20)
(0.000328452 0.00109345 -1.63132e-20)
(-0.000382201 0.00140848 0)
(-0.00119449 0.00156583 -9.33928e-21)
(-0.00203212 0.00157894 0)
(-0.00283024 0.00147708 0)
(-0.00354371 0.0012965 0)
(-0.00414745 0.0010677 4.58841e-21)
(-0.00463004 0.000811422 0)
(-0.00498711 0.000539439 0)
(-0.00521619 0.000260069 -3.98326e-21)
(-0.00532174 -3.28954e-05 -0)
(-0.00527799 -0.00033641 0)
(-0.00508431 -0.000628505 -0)
(-0.00474985 -0.000889187 4.29878e-21)
(-0.00428662 -0.00109789 -0)
(-0.00371312 -0.00123337 5.10774e-21)
(-0.0030576 -0.00127601 0)
(-0.0023587 -0.00121161 -0)
(-0.00166692 -0.00103747 8.37104e-21)
(-0.00104088 -0.000771275 0)
(-0.000538855 -0.000460527 -1.40095e-20)
(-0.000191196 -0.000181037 0)
(2.5706e-05 6.27886e-06 2.36895e-20)
(0.000165361 0.00011758 0)
(0.000243845 0.000216397 0)
(0.000225454 0.00033531 0)
(0.000102646 0.000493597 0)
(-0.000161274 0.000701563 0)
(-0.000591746 0.000913406 -1.44162e-20)
(-0.00116343 0.00104786 0)
(-0.00178179 0.00103447 1.72307e-20)
(-0.00232633 0.00086844 0)
(-0.00270277 0.000604022 -1.38452e-20)
(-0.00287905 0.000329808 0)
(-0.00288997 0.000115882 0)
(-0.00279185 2.01882e-06 1.36973e-20)
(-0.00265586 1.3741e-05 0)
(-0.00254877 0.000144952 1.4213e-20)
(-0.0024788 0.00033352 -1.4338e-20)
(-0.00238838 0.000417899 0)
(-0.00211725 0.000165316 -1.58086e-20)
(-0.00141631 -0.00051904 -1.87014e-20)
(-1.6187e-05 -0.00117594 0)
(0.00174108 -0.00175326 0)
(0.00364539 -0.00242868 0)
(0.00583549 -0.00310527 0)
(0.00824949 -0.00361507 -0)
(0.0107742 -0.00387526 3.34446e-21)
(0.0133047 -0.00393688 0)
(0.015777 -0.00385227 -2.67165e-21)
(0.0181385 -0.00365063 -0)
(0.021097 -0.00358268 -0)
(0.0246175 -0.00350631 2.32921e-21)
(0.0260385 -0.003069 0)
(0.0261667 -0.00259474 -1.91258e-21)
(0.0292385 -0.00249261 -0)
(0.0310684 -0.00231293 0)
(0.033284 -0.0021584 -0)
(0.0353091 -0.00200828 1.82e-21)
(0.0372162 -0.00187595 0)
(0.0390886 -0.00175845 -0)
(0.0408598 -0.00165355 1.77253e-21)
(0.0425895 -0.00156084 0)
(0.044249 -0.00147767 1.7517e-21)
(0.0458688 -0.00140317 0)
(0.0474344 -0.00133553 0)
(0.0489644 -0.00127348 0)
(0.0504494 -0.00121599 -1.72099e-21)
(0.0519009 -0.00116213 -0)
(0.0533132 -0.00111121 0)
(0.054693 -0.00106249 -1.70159e-21)
(0.0560362 -0.00101565 -1.69514e-21)
(0.057347 -0.000970186 -0)
(0.0586224 -0.000925923 -1.68189e-21)
(0.0598647 -0.000882535 0)
(0.061072 -0.00083987 -3.33536e-21)
(0.0622451 -0.000797659 -0)
(0.0633824 -0.0007559 -3.30424e-21)
(0.0644841 -0.000714305 -0)
(0.0655487 -0.000672858 3.26972e-21)
(0.066576 -0.000631257 0)
(0.0675643 -0.000589378 0)
(0.0685128 -0.000546979 0)
(0.0694198 -0.000503987 -3.18818e-21)
(0.0702846 -0.000459893 -0)
(0.0711045 -0.000414344 3.14009e-21)
(0.0718777 -0.000367027 0)
(0.0726016 -0.000317672 -3.08661e-21)
(0.0732736 -0.000266066 -3.05778e-21)
(0.0738908 -0.00021242 -3.02759e-21)
(0.0744514 -0.000157502 -0)
(0.0749538 -0.000103234 0)
(0.0753984 -5.3044e-05 0)
(0.0757903 -1.14592e-05 0)
(0.0761349 2.47274e-05 0)
(0.0764335 6.04776e-05 0)
(0.0766851 9.56604e-05 0)
(0.0768899 0.000130677 0)
(0.077047 0.00016568 2.68594e-21)
(0.0771557 0.000200544 2.63847e-21)
(0.0772157 0.000235322 0)
(0.0772264 0.000269857 0)
(0.0771878 0.000304238 0)
(0.077099 0.000338309 2.42728e-21)
(0.0769605 0.000372148 0)
(0.0767712 0.00040557 0)
(0.0765322 0.000438598 0)
(0.0762426 0.000471186 0)
(0.0759032 0.000503219 -2.11198e-21)
(0.0755142 0.000534753 0)
(0.0750755 0.000565731 0)
(0.0745877 0.000596005 1.89328e-21)
(0.0740516 0.000625641 -1.81521e-21)
(0.0734672 0.000654576 0)
(0.0728358 0.000682724 -1.65104e-21)
(0.0721577 0.000710141 0)
(0.071434 0.000736673 1.47591e-21)
(0.0706657 0.00076249 0)
(0.0698535 0.000787334 0)
(0.0689993 0.000811309 0)
(0.0681062 0.000834244 0)
(0.0671664 0.000855984 0)
(0.0661997 0.000877046 -1.76375e-21)
(0.0651738 0.000896533 -1.5445e-21)
(0.0641315 0.000914906 0)
(0.0630363 0.000931183 0)
(0.0619215 0.000943612 0)
(0.0607757 0.000950121 6.06024e-22)
(0.0596013 0.000947768 0)
(0.058401 0.000940512 0)
(0.0571691 0.000944942 0)
(0.0559084 0.000958644 -4.39797e-22)
(0.0546187 0.000968872 7.20431e-22)
(0.0533059 0.000978282 0)
(0.0519705 0.000986632 0)
(0.0506149 0.000994157 1.61312e-21)
(0.0492402 0.00100093 1.92879e-21)
(0.0478477 0.00100692 0)
(0.0464392 0.00101223 0)
(0.0450153 0.00101697 -2.93673e-21)
(0.0435776 0.00102117 3.29503e-21)
(0.0421281 0.00102488 0)
(0.0406683 0.00102837 0)
(0.0391968 0.00103123 4.44688e-21)
(0.0377183 0.0010339 0)
(0.0362299 0.00103593 0)
(0.0347368 0.00103783 5.73243e-21)
(0.0332372 0.00103937 0)
(0.0317345 0.00104088 6.67932e-21)
(0.0302284 0.00104239 0)
(0.0287204 0.00104409 0)
(0.0272101 0.00104608 0)
(0.0256986 0.00104842 -8.84633e-21)
(0.0241856 0.0010512 0)
(0.0226713 0.00105444 0)
(0.0211558 0.00105811 0)
(0.0196391 0.00106222 0)
(0.0181215 0.00106681 0)
(0.0166032 0.00107198 0)
(0.0150842 0.00107786 -1.39757e-20)
(0.0135644 0.00108457 -1.49181e-20)
(0.0120435 0.0010922 0)
(0.0105213 0.00110077 0)
(0.00899756 0.00111011 0)
(0.00747232 0.00112002 1.95339e-20)
(0.00594641 0.00113062 0)
(0.00442149 0.00114089 -4.50978e-20)
(0.00290171 0.00114786 4.86058e-20)
(0.00139632 0.00114637 5.25133e-20)
(-9.10504e-05 0.00111417 -5.48817e-20)
(-0.0014678 0.0010475 5.39805e-20)
(-0.00299477 0.000881641 -5.20181e-20)
(-0.00333235 0.00049396 0)
(-0.00531046 0.00109655 -3.10143e-18)
(-0.00841859 0.000869494 -2.81094e-18)
(-0.011501 0.000523306 -3.00927e-36)
(-0.0146755 0.000199045 -4.78259e-18)
(-0.0180585 -0.000140869 -8.89532e-18)
(-0.0216553 -0.000499692 -4.15129e-18)
(-0.0254763 -0.000878325 3.88474e-18)
(-0.0295438 -0.00128085 -2.40741e-35)
(-0.0338826 -0.0017103 -3.00927e-36)
(-0.0385093 -0.00217073 3.21558e-18)
(-0.0434426 -0.00266144 3.02402e-18)
(-0.0486993 -0.0031483 3.00927e-36)
(-0.0542894 -0.00366374 0)
(-0.0602738 -0.00425809 0)
(-0.066706 -0.00491343 -5.20509e-35)
(-0.0735928 -0.00562218 -7.6078e-35)
(-0.081081 -0.00638621 8.42594e-35)
(-0.0890329 -0.00721089 -3.75127e-18)
(-0.0980068 -0.00810612 -3.4177e-18)
(-0.107088 -0.00907571 0)
(-0.118643 -0.0101412 5.37842e-18)
(-0.128229 -0.0113118 8.92837e-18)
(-0.145625 -0.0125437 6.01853e-36)
(-0.153095 -0.014058 -4.3067e-18)
(-0.18766 -0.0164008 3.00927e-36)
)
;
    }
    frontAndBack
    {
        type            empty;
    }
}


// ************************************************************************* //
