/*--------------------------------*- C++ -*----------------------------------*\
  =========                 |
  \\      /  F ield         | OpenFOAM: The Open Source CFD Toolbox
   \\    /   O peration     | Website:  https://openfoam.org
    \\  /    A nd           | Version:  8
     \\/     M anipulation  |
\*---------------------------------------------------------------------------*/
FoamFile
{
    version     2.0;
    format      ascii;
    class       volVectorField;
    location    "1700";
    object      wallShearStress;
}
// * * * * * * * * * * * * * * * * * * * * * * * * * * * * * * * * * * * * * //

dimensions      [0 2 -2 0 0 0 0];

internalField   uniform (0 0 0);

boundaryField
{
    inlet
    {
        type            calculated;
        value           uniform (0 0 0);
    }
    outlet
    {
        type            calculated;
        value           uniform (0 0 0);
    }
    upperWall
    {
        type            calculated;
        value           nonuniform List<vector> 
223
(
(-0.582193 -0.392359 0)
(-0.977814 -0.219377 0)
(-0.939336 -0.0567747 0)
(-0.81071 -0.00585779 0)
(-0.734594 0.00331372 0)
(-0.695452 0.00231545 0)
(-0.670941 0.000424224 0)
(-0.653508 -0.0014488 0)
(-0.640532 -0.0025625 0)
(-0.629821 -0.00218351 0)
(-0.620058 -0.00130529 0)
(-0.610993 -0.00107837 0)
(-0.603033 -0.00138848 0)
(-0.596184 -0.00127389 0)
(-0.590434 -0.00106049 0)
(-0.585075 -0.000334577 0)
(-0.579787 0.00168716 0)
(-0.575194 0.0014147 0)
(-0.571309 0.00162524 0)
(-0.567716 0.00312827 4.27763e-22)
(-0.564342 0.00251104 0)
(-0.561642 0.00175055 0)
(-0.558903 0.00303627 0)
(-0.555755 0.00321354 4.48363e-22)
(-0.552843 0.00331362 0)
(-0.54995 0.00393367 0)
(-0.546938 0.00376718 0)
(-0.544106 0.0034826 -9.38198e-22)
(-0.541329 0.00298063 9.46106e-22)
(-0.538633 0.00256628 9.56546e-22)
(-0.535953 0.00245934 0)
(-0.533232 0.00218854 -9.78537e-22)
(-0.530575 0.0019406 0)
(-0.527935 0.00174266 1.00154e-21)
(-0.525292 0.00157372 1.01362e-21)
(-0.522641 0.00144496 -1.02617e-21)
(-0.51997 0.00134115 0)
(-0.517284 0.00125824 0)
(-0.514579 0.00119389 0)
(-0.51185 0.00114453 0)
(-0.509096 0.00110714 -1.09099e-21)
(-0.506311 0.0010793 0)
(-0.503494 0.00105929 0)
(-0.500643 0.00104581 1.13117e-21)
(-0.497753 0.00103778 0)
(-0.494823 0.00103444 1.15767e-21)
(-0.491847 0.00103492 -1.17066e-21)
(-0.488824 0.00103847 1.18341e-21)
(-0.485749 0.00104485 0)
(-0.48262 0.00105281 0)
(-0.479436 0.0010614 0)
(-0.4762 0.00106959 1.23092e-21)
(-0.472915 0.00107627 -1.24158e-21)
(-0.469594 0.00108162 0)
(-0.466253 0.00108662 0)
(-0.462905 0.00109181 0)
(-0.459561 0.00109644 0)
(-0.456227 0.00109915 0)
(-0.452904 0.0010992 0)
(-0.449587 0.00109683 0)
(-0.446268 0.00109256 0)
(-0.442937 0.00108744 1.29206e-21)
(-0.439582 0.00108266 -1.29184e-21)
(-0.436194 0.001079 0)
(-0.43276 0.00107713 0)
(-0.42927 0.00107731 0)
(-0.425716 0.00107952 -1.27846e-21)
(-0.422089 0.0010837 0)
(-0.418381 0.0010896 0)
(-0.414588 0.00109674 0)
(-0.410705 0.00110482 0)
(-0.406728 0.00111336 0)
(-0.402656 0.00112174 -2.43454e-21)
(-0.398488 0.00112958 0)
(-0.394225 0.00113632 0)
(-0.389869 0.00114135 0)
(-0.385428 0.00114451 0)
(-0.380908 0.00114568 0)
(-0.376323 0.00114475 0)
(-0.371683 0.00114141 0)
(-0.367002 0.00113537 2.09545e-21)
(-0.362289 0.00112656 0)
(-0.357552 0.00111503 0)
(-0.352796 0.00110112 0)
(-0.348023 0.0010853 -1.83977e-21)
(-0.343232 0.00106814 0)
(-0.338423 0.00105027 -1.69033e-21)
(-0.333591 0.00103236 0)
(-0.328732 0.00101531 0)
(-0.323838 0.000999825 0)
(-0.319025 0.000992001 -1.35111e-21)
(-0.316385 0.00100111 0)
(-0.313661 0.00101501 1.18062e-21)
(-0.310856 0.00102968 1.08992e-21)
(-0.307976 0.00104291 0)
(-0.305031 0.00105377 8.96218e-22)
(-0.302034 0.00106259 0)
(-0.298997 0.00106978 0)
(-0.295935 0.00107755 0)
(-0.292863 0.0010836 -4.54738e-22)
(-0.289792 0.00109719 0)
(-0.28674 0.0010964 -2.05254e-22)
(-0.283708 0.00110502 7.32934e-23)
(-0.280727 0.00111175 0)
(-0.277784 0.00111058 0)
(-0.27491 0.00110736 0)
(-0.272094 0.00107929 0)
(-0.269332 0.00107722 0)
(-0.266665 0.000970728 0)
(-0.263926 0.000866104 0)
(-0.261526 0.000778458 1.14961e-21)
(-0.259131 0.000811181 0)
(-0.25685 0.000971662 0)
(-0.254723 0.000899884 0)
(-0.252534 0.000717206 0)
(-0.25056 0.000787126 0)
(-0.248496 0.000920854 0)
(-0.246549 0.000845758 0)
(-0.244539 0.000814469 0)
(-0.242662 0.000851986 0)
(-0.240737 0.000741542 0)
(-0.239043 0.00064445 0)
(-0.237316 0.000627228 0)
(-0.235669 0.000733831 7.16428e-21)
(-0.233911 0.000797921 0)
(-0.232081 0.000870937 0)
(-0.230399 0.000831956 0)
(-0.22855 0.00108972 -8.80238e-21)
(-0.227283 0.00117404 0)
(-0.225648 0.000977644 0)
(-0.224546 0.00109795 -9.96708e-21)
(-0.223452 0.000961102 0)
(-0.222067 0.00057752 1.08412e-20)
(-0.220897 0.000585611 0)
(-0.219641 0.000850713 0)
(-0.218547 0.000844281 0)
(-0.217142 0.000303401 -1.2533e-20)
(-0.215399 -0.00037402 0)
(-0.214131 -0.000225867 1.3499e-20)
(-0.212666 4.80857e-05 0)
(-0.211792 0.000248894 0)
(-0.210739 0.000270468 0)
(-0.209818 0.000258655 0)
(-0.208885 0.000329322 0)
(-0.207993 0.000303219 0)
(-0.207048 0.000284507 0)
(-0.205964 0.000324155 0)
(-0.205277 0.000423934 0)
(-0.204534 0.000415995 0)
(-0.203791 0.000482107 0)
(-0.202943 0.00056854 1.84388e-20)
(-0.202331 0.000836064 -1.8841e-20)
(-0.201629 0.00103595 0)
(-0.201308 0.000732645 0)
(-0.201176 0.000568466 0)
(-0.200767 0.000468305 0)
(-0.200308 0.000412584 -2.07668e-20)
(-0.199795 0.000462722 2.11672e-20)
(-0.199097 -0.000102726 -2.16567e-20)
(-0.198035 -0.000553367 0)
(-0.197024 -0.000276018 -2.27309e-20)
(-0.196743 -8.66209e-05 -4.59359e-20)
(-0.196123 3.03579e-05 0)
(-0.195666 8.31802e-05 -4.76095e-20)
(-0.195237 0.000123262 4.83894e-20)
(-0.194548 0.000129124 0)
(-0.194401 0.000134712 0)
(-0.194033 0.000202531 0)
(-0.193183 0.00023528 0)
(-0.19296 0.000236699 0)
(-0.192165 0.000249279 -5.36278e-20)
(-0.191669 0.000263482 0)
(-0.191477 0.000236582 -5.51906e-20)
(-0.191199 0.000264233 0)
(-0.190727 0.000297444 0)
(-0.190523 0.000491786 0)
(-0.190115 0.000686822 0)
(-0.189469 0.000754038 0)
(-0.189378 0.000808898 6.04032e-20)
(-0.188731 0.000603129 0)
(-0.18841 5.45478e-08 0)
(-0.187099 -0.000246037 -6.43668e-20)
(-0.185951 0.000132164 0)
(-0.185036 0.000476977 0)
(-0.184261 0.000291564 0)
(-0.182937 -1.27993e-06 6.92871e-20)
(-0.181242 0.000152874 0)
(-0.18017 0.000234496 0)
(-0.179217 0.000334628 0)
(-0.177118 0.000475519 0)
(-0.174869 0.000508201 -7.73081e-20)
(-0.17297 0.000530588 0)
(-0.169808 0.000713283 0)
(-0.165906 0.00086655 0)
(-0.161615 0.00104495 8.83611e-20)
(-0.154323 0.00134219 0)
(-0.147652 0.00229286 0)
(-0.122758 0.00234895 -1.08137e-19)
(-0.140733 0.00687916 6.01853e-36)
(-0.169188 0.0134776 1.24929e-17)
(-0.18659 0.0172392 2.3572e-17)
(-0.193211 0.0189663 2.26821e-17)
(-0.196776 0.0197609 2.20031e-17)
(-0.200392 0.0203134 2.12477e-17)
(-0.20508 0.0209998 -2.02569e-17)
(-0.209523 0.0215299 -1.95363e-17)
(-0.213817 0.0218848 -1.20371e-35)
(-0.218096 0.0220293 -3.66646e-17)
(-0.220246 0.0221901 -1.80772e-17)
(-0.224711 0.0227269 6.86113e-34)
(-0.22753 0.0229081 -1.20371e-35)
(-0.231066 0.0233661 -3.22791e-17)
(-0.235347 0.0239367 -3.06859e-17)
(-0.242341 0.0247797 -2.84662e-17)
(-0.249519 0.0254448 -2.40741e-35)
(-0.25686 0.026068 4.9405e-17)
(-0.263909 0.0266475 2.26467e-17)
(-0.272752 0.0274463 2.40741e-35)
(-0.282655 0.0283572 -3.48626e-17)
(-0.291215 0.0289992 -1.58061e-20)
(-0.30088 0.0295776 -3.00927e-36)
(-0.304436 0.0304166 1.34854e-17)
(-0.332561 0.0321495 -7.62903e-18)
)
;
    }
    lowerWall
    {
        type            calculated;
        value           nonuniform List<vector> 
250
(
(-0.653909 0.466638 0)
(-1.14095 0.204678 0)
(-1.03492 0.0379587 0)
(-0.869573 -0.000935979 0)
(-0.786941 -0.00419161 0)
(-0.746063 -0.00160781 0)
(-0.719878 0.000416211 0)
(-0.700646 -0.0006518 0)
(-0.685088 -0.00405597 0)
(-0.671318 -0.00471222 0)
(-0.658933 -0.00298823 0)
(-0.64772 -0.000864253 0)
(-0.637516 0.00142604 0)
(-0.628189 0.00210386 0)
(-0.61932 0.0013679 0)
(-0.611521 0.00135752 0)
(-0.604581 0.00169583 0)
(-0.605069 0.00194333 0)
(-0.00426045 -0.0228577 0)
(-0.0027589 -0.0176423 0)
(-0.000676957 -0.014493 0)
(0.00194457 -0.0137775 9.02286e-20)
(0.00526897 -0.0151978 -7.86214e-20)
(0.00896158 -0.0208209 6.28517e-20)
(0.0127399 -0.0200852 -4.8476e-20)
(0.0256284 -0.0633144 0)
(-0.084063 -0.144715 0)
(0.000872721 -0.00384069 0)
(-0.0076653 0.00954637 0)
(-0.00851613 0.0328212 0)
(-0.00254954 0.044855 0)
(0.00295321 0.0442615 1.82226e-20)
(0.00618259 0.0360632 -1.8966e-20)
(0.00818711 0.0241612 0)
(0.0094604 0.0101608 -5.42296e-20)
(0.00943157 -0.00404224 6.11444e-20)
(0.00793318 -0.0174223 0)
(0.00614117 -0.0291947 0)
(0.00438165 -0.0385625 0)
(0.00268713 -0.0451394 0)
(0.000985986 -0.0488793 0)
(-0.000885192 -0.0495145 0)
(-0.00282056 -0.046408 0)
(-0.00437903 -0.0399025 0)
(-0.0049262 -0.0308267 0)
(0.00132863 -0.00151227 0)
(0.00133805 0.0065272 0)
(-0.00450917 0.00961859 0)
(-0.00959713 0.00975646 0)
(-0.0133831 0.0082995 0)
(-0.0158893 0.00623521 0)
(-0.0172643 0.00409762 1.49575e-21)
(-0.017783 0.0020061 -1.52735e-21)
(-0.0173315 -7.01593e-06 0)
(-0.0160539 -0.00168627 -1.6531e-21)
(-0.0141885 -0.00283758 0)
(-0.0120504 -0.0032965 0)
(-0.0100507 -0.00303593 -0)
(-0.00855305 -0.00228033 2.57032e-21)
(-0.00761636 -0.0014231 0)
(-0.00693806 -0.000815893 0)
(-0.00612056 -0.00062345 -3.37825e-21)
(-0.00499293 -0.00100045 0)
(-0.00340857 -0.00238583 0)
(-0.000488783 -0.00505744 0)
(0.0043605 -0.00740353 3.03321e-21)
(0.00994542 -0.00889508 0)
(0.0158464 -0.00984991 1.46918e-21)
(0.0218917 -0.0106168 0)
(0.0280975 -0.0112689 -0)
(0.0344079 -0.0115143 8.44713e-22)
(0.0405405 -0.0113547 0)
(0.0491481 -0.0116032 -7.54049e-22)
(0.0589383 -0.0117552 -0)
(0.0686324 -0.0115826 7.70709e-22)
(0.0780413 -0.0111689 0)
(0.0870142 -0.0105841 0)
(0.0954585 -0.00989006 0)
(0.103316 -0.00913656 -0)
(0.110563 -0.0083607 0)
(0.117196 -0.0075896 -8.11163e-22)
(0.123229 -0.00684043 -0)
(0.128685 -0.00612263 1.6331e-21)
(0.13359 -0.00544044 0)
(0.137973 -0.00479416 -1.63497e-21)
(0.141858 -0.00418209 -0)
(0.145271 -0.00360142 -0)
(0.148231 -0.0030495 1.62107e-21)
(0.150757 -0.00252417 0)
(0.152863 -0.00202411 1.60085e-21)
(0.154561 -0.0015503 -1.58753e-21)
(0.155863 -0.00110633 -0)
(0.156781 -0.000698899 -1.55492e-21)
(0.157328 -0.000337808 -1.53588e-21)
(0.157513 -3.97736e-05 -0)
(0.157408 0.000194708 0)
(0.157076 0.000391498 0)
(0.156522 0.000568211 0)
(0.155761 0.00073105 -0)
(0.1548 0.000884174 1.37582e-21)
(0.153648 0.0010283 0)
(0.152312 0.00116405 -1.30704e-21)
(0.150799 0.00129163 -0)
(0.149116 0.00141123 -0)
(0.147271 0.00152285 1.19059e-21)
(0.145272 0.00162638 0)
(0.143126 0.00172188 -1.10489e-21)
(0.140842 0.00180931 -0)
(0.138429 0.00188859 0)
(0.135895 0.00195979 -0)
(0.13325 0.00202306 9.16868e-22)
(0.130501 0.0020784 0)
(0.127659 0.00212592 -0)
(0.124733 0.0021658 7.63828e-22)
(0.121732 0.00219826 0)
(0.118665 0.00222349 6.57297e-22)
(0.115542 0.00224167 0)
(0.11237 0.00225311 0)
(0.10916 0.00225808 0)
(0.105919 0.00225681 -4.3622e-22)
(0.102657 0.00224966 -0)
(0.0993804 0.00223701 0)
(0.0960976 0.00221908 -2.65622e-22)
(0.0928163 0.00219623 -2.08172e-22)
(0.0895435 0.00216883 -0)
(0.086286 0.00213717 -9.27042e-23)
(0.0830501 0.00210172 -0)
(0.0798416 0.00206272 4.65059e-23)
(0.0766665 0.0020206 -0)
(0.0735294 0.00197583 2.78921e-22)
(0.0704355 0.00192882 0)
(0.0673888 0.00188025 -5.11598e-22)
(0.064393 0.00183085 -0)
(0.0614516 0.00178158 0)
(0.0585668 0.00173381 -0)
(0.0557409 0.0016892 9.78346e-22)
(0.0529751 0.0016499 0)
(0.0502697 0.00161806 -1.21378e-21)
(0.0476237 0.00159476 0)
(0.0457849 0.00160342 1.47552e-21)
(0.0442425 0.00162098 1.63402e-21)
(0.0427034 0.00162589 1.79893e-21)
(0.0411761 0.00161299 0)
(0.0396658 0.00158967 0)
(0.0381721 0.00156399 0)
(0.0366939 0.00153818 0)
(0.035231 0.00151247 0)
(0.0337839 0.00148687 0)
(0.0323529 0.00146138 0)
(0.0309389 0.00143615 0)
(0.0295418 0.00141133 -3.69162e-21)
(0.0281626 0.0013871 -3.96724e-21)
(0.0268009 0.00136369 0)
(0.025457 0.00134071 0)
(0.0241316 0.00131667 0)
(0.0228257 0.00129177 -5.26711e-21)
(0.0215396 0.00126753 0)
(0.020273 0.0012439 0)
(0.0190259 0.00122083 0)
(0.0177986 0.00119839 0)
(0.016591 0.00117667 7.53558e-21)
(0.0154031 0.00115571 0)
(0.0142349 0.00113562 0)
(0.0130863 0.0011165 -9.45426e-21)
(0.0119573 0.00109839 1.02317e-20)
(0.0108477 0.00108139 0)
(0.00975757 0.00106576 1.20679e-20)
(0.00868676 0.00105217 0)
(0.0076349 0.0010418 -1.44061e-20)
(0.00660131 0.00103491 0)
(0.00558569 0.00103051 0)
(0.00458796 0.00102829 0)
(0.00360773 0.00102858 0)
(0.00264452 0.00103162 0)
(0.00169878 0.00103735 5.57047e-20)
(0.000772042 0.00104294 6.42133e-20)
(-0.000137751 0.00103025 0)
(-0.00103502 0.000987451 0)
(-0.00191684 0.000935072 0)
(-0.00278314 0.000885583 -5.28919e-20)
(-0.00363385 0.000840668 0)
(-0.00446876 0.000799919 0)
(-0.00528823 0.000762857 0)
(-0.00609289 0.000728985 -4.04173e-20)
(-0.00688325 0.000697841 3.83671e-20)
(-0.00765981 0.000669047 0)
(-0.00842305 0.000642302 0)
(-0.00917346 0.000617356 3.36192e-20)
(-0.00991141 0.000594011 3.23788e-20)
(-0.0106374 0.000572106 0)
(-0.0113518 0.000551502 0)
(-0.012055 0.000532085 -2.93536e-20)
(-0.0127475 0.000513764 2.85258e-20)
(-0.0134297 0.000496452 0)
(-0.014102 0.000480082 0)
(-0.0147649 0.000464593 2.64361e-20)
(-0.0154188 0.000449932 0)
(-0.0160641 0.00043605 0)
(-0.0167013 0.00042291 2.47906e-20)
(-0.0173309 0.000410477 0)
(-0.0179532 0.000398709 2.38747e-20)
(-0.0185688 0.000387582 0)
(-0.0191781 0.000377067 0)
(-0.0197817 0.000367128 0)
(-0.0203799 0.000357738 -2.23589e-20)
(-0.0209732 0.000348858 0)
(-0.0215621 0.000340439 0)
(-0.0221467 0.000332445 0)
(-0.0227276 0.000324799 0)
(-0.0233048 0.000317439 0)
(-0.0238786 0.000310248 0)
(-0.0244487 0.000303052 -2.03857e-20)
(-0.0250147 0.00029569 -2.01554e-20)
(-0.0255759 0.000287851 0)
(-0.0261306 0.000279186 0)
(-0.026677 0.000269153 0)
(-0.0272112 0.000257003 1.93607e-20)
(-0.0277285 0.000241529 0)
(-0.0282203 0.000221291 -3.81354e-20)
(-0.0286772 0.000192257 3.7929e-20)
(-0.0290703 0.000152635 3.78199e-20)
(-0.0294016 7.789e-05 -3.78585e-20)
(-0.0294833 -3.93946e-05 3.80456e-20)
(-0.0295078 -0.000356541 -3.83978e-20)
(-0.0279734 -0.000616871 0)
(-0.0293459 -0.000516206 -2.43317e-18)
(-0.0327697 -0.00134239 -2.26976e-18)
(-0.0364132 -0.00203336 0)
(-0.0395341 -0.00257605 -4.06085e-18)
(-0.0424841 -0.00301857 -7.75776e-18)
(-0.0455565 -0.00342178 -3.71958e-18)
(-0.0487794 -0.00381917 3.56797e-18)
(-0.0521099 -0.00429702 -7.22224e-35)
(-0.0556069 -0.00470006 3.00927e-36)
(-0.0593016 -0.00508786 3.1519e-18)
(-0.0632454 -0.00549137 3.01845e-18)
(-0.0674464 -0.00582047 6.01853e-36)
(-0.0719308 -0.00623311 0)
(-0.0767425 -0.00669755 0)
(-0.0819309 -0.0071957 8.99018e-35)
(-0.0875482 -0.00774123 -4.23648e-35)
(-0.0936641 -0.00834428 1.92593e-34)
(-0.100333 -0.00900879 -4.15803e-18)
(-0.107695 -0.00973009 -3.81223e-18)
(-0.116756 -0.0106235 1.20371e-35)
(-0.127572 -0.0116269 6.13673e-18)
(-0.138427 -0.0127337 1.03492e-17)
(-0.153651 -0.013927 6.01853e-36)
(-0.16285 -0.0152939 -5.09799e-18)
(-0.191964 -0.0169816 -3.91205e-35)
)
;
    }
    frontAndBack
    {
        type            empty;
    }
}


// ************************************************************************* //
