/*--------------------------------*- C++ -*----------------------------------*\
  =========                 |
  \\      /  F ield         | OpenFOAM: The Open Source CFD Toolbox
   \\    /   O peration     | Website:  https://openfoam.org
    \\  /    A nd           | Version:  8
     \\/     M anipulation  |
\*---------------------------------------------------------------------------*/
FoamFile
{
    version     2.0;
    format      ascii;
    class       volVectorField;
    location    "4500";
    object      wallShearStress;
}
// * * * * * * * * * * * * * * * * * * * * * * * * * * * * * * * * * * * * * //

dimensions      [0 2 -2 0 0 0 0];

internalField   uniform (0 0 0);

boundaryField
{
    inlet
    {
        type            calculated;
        value           uniform (0 0 0);
    }
    outlet
    {
        type            calculated;
        value           uniform (0 0 0);
    }
    upperWall
    {
        type            calculated;
        value           nonuniform List<vector> 
223
(
(-0.582193 -0.392359 0)
(-0.977814 -0.219377 0)
(-0.939336 -0.0567747 0)
(-0.81071 -0.00585788 0)
(-0.734594 0.00331365 0)
(-0.695452 0.00231533 0)
(-0.670941 0.00042381 0)
(-0.653508 -0.00144921 0)
(-0.640542 -0.00256688 0)
(-0.629804 -0.00217485 0)
(-0.620133 -0.00134619 0)
(-0.610877 -0.000985794 0)
(-0.603116 -0.00162682 0)
(-0.597039 -0.00156069 0)
(-0.590586 0.000514553 0)
(-0.584423 0.00102799 0)
(-0.579582 -0.000258219 0)
(-0.574888 0.000473016 0)
(-0.570603 0.00114812 0)
(-0.56723 0.000604445 4.21391e-22)
(-0.564322 0.000749837 0)
(-0.561599 0.00105978 0)
(-0.558952 0.00221741 0)
(-0.555903 0.00364475 4.51333e-22)
(-0.552615 0.00409639 0)
(-0.549633 0.00420136 0)
(-0.546744 0.00416388 0)
(-0.543919 0.00393959 -9.42258e-22)
(-0.54114 0.00357608 9.50743e-22)
(-0.538406 0.00316615 9.60123e-22)
(-0.535725 0.002754 0)
(-0.533087 0.00237387 -9.80955e-22)
(-0.530473 0.00206578 0)
(-0.527871 0.00182731 1.00458e-21)
(-0.525259 0.00163109 1.01709e-21)
(-0.522633 0.00148782 -1.03011e-21)
(-0.519981 0.00137351 0)
(-0.517309 0.00128338 0)
(-0.514614 0.00121403 0)
(-0.511891 0.00116073 0)
(-0.509139 0.00112014 -1.09356e-21)
(-0.506355 0.00108969 0)
(-0.503538 0.00106764 0)
(-0.500685 0.00105266 1.13223e-21)
(-0.497793 0.0010436 0)
(-0.494859 0.00103942 1.15824e-21)
(-0.491881 0.00103942 -1.17111e-21)
(-0.488855 0.0010428 1.18379e-21)
(-0.485777 0.00104924 0)
(-0.482646 0.00105693 0)
(-0.47946 0.00106531 0)
(-0.476222 0.00107351 1.23117e-21)
(-0.472936 0.00108019 -1.24182e-21)
(-0.469613 0.00108544 0)
(-0.466269 0.00109028 0)
(-0.46292 0.0010953 0)
(-0.459575 0.00109966 0)
(-0.45624 0.00110212 0)
(-0.452915 0.00110201 0)
(-0.449596 0.00109944 0)
(-0.446276 0.00109495 0)
(-0.442943 0.00108961 1.29213e-21)
(-0.439588 0.00108466 -1.29189e-21)
(-0.436199 0.0010809 0)
(-0.432764 0.00107892 0)
(-0.429274 0.00107899 0)
(-0.425719 0.00108112 -1.27846e-21)
(-0.422091 0.00108518 0)
(-0.418383 0.00109097 0)
(-0.414589 0.00109809 0)
(-0.410706 0.00110612 0)
(-0.406729 0.00111455 0)
(-0.402656 0.00112293 -2.43453e-21)
(-0.398488 0.00113078 0)
(-0.394224 0.00113742 0)
(-0.389868 0.00114234 0)
(-0.385427 0.00114545 0)
(-0.380908 0.00114657 0)
(-0.376322 0.00114559 0)
(-0.371683 0.00114219 0)
(-0.367001 0.0011361 2.0955e-21)
(-0.362288 0.00112724 0)
(-0.357551 0.00111565 0)
(-0.352795 0.00110169 0)
(-0.348022 0.00108582 -1.83985e-21)
(-0.343231 0.00106862 0)
(-0.338422 0.00105069 -1.69042e-21)
(-0.333591 0.00103274 0)
(-0.328732 0.00101565 0)
(-0.323837 0.00100009 0)
(-0.319025 0.000992264 -1.35122e-21)
(-0.316384 0.00100138 0)
(-0.31366 0.00101521 1.18074e-21)
(-0.310855 0.00102981 1.09006e-21)
(-0.307976 0.00104302 0)
(-0.305031 0.00105387 8.96372e-22)
(-0.302034 0.00106265 0)
(-0.298997 0.00106978 0)
(-0.295935 0.00107753 0)
(-0.292864 0.00108332 -4.54955e-22)
(-0.289794 0.00109657 0)
(-0.286744 0.00109653 -2.05517e-22)
(-0.283715 0.00110388 7.35568e-23)
(-0.280735 0.0011162 0)
(-0.277801 0.00111154 0)
(-0.274929 0.00111695 0)
(-0.272123 0.00112069 0)
(-0.269373 0.00114339 0)
(-0.266762 0.00100875 0)
(-0.264094 0.000887873 0)
(-0.261772 0.000929904 1.14956e-21)
(-0.25935 0.00134967 0)
(-0.257199 0.00150597 0)
(-0.255053 0.000818971 0)
(-0.252662 0.000507582 0)
(-0.250704 0.000699908 0)
(-0.248683 0.00125844 0)
(-0.246789 0.00153004 0)
(-0.244964 0.0013919 0)
(-0.242967 0.000818115 0)
(-0.240747 0.000101903 0)
(-0.238786 0.000102449 0)
(-0.236799 0.00027574 0)
(-0.235225 0.000450717 7.19494e-21)
(-0.23352 0.000503061 0)
(-0.23172 0.000526929 0)
(-0.230465 0.000549004 0)
(-0.228773 0.000558592 -8.82348e-21)
(-0.227277 0.000543783 0)
(-0.225761 0.000680371 0)
(-0.224325 0.000692487 -1.0046e-20)
(-0.222913 0.00070614 0)
(-0.221409 0.000816394 1.0865e-20)
(-0.220081 0.000813051 0)
(-0.218649 0.0011654 0)
(-0.217754 0.00125222 0)
(-0.216983 0.000969508 -1.24327e-20)
(-0.216118 0.000980291 0)
(-0.214935 0.000302223 1.33625e-20)
(-0.213456 -0.000294257 0)
(-0.211973 6.7996e-06 0)
(-0.210817 0.000174937 0)
(-0.209863 0.000551775 0)
(-0.208833 0.000970511 0)
(-0.208081 0.000907598 0)
(-0.207482 0.000624333 0)
(-0.20709 0.000527111 0)
(-0.206216 0.000289862 0)
(-0.205359 0.000411637 0)
(-0.204417 0.000477815 0)
(-0.203633 0.000321608 1.84135e-20)
(-0.203146 0.000274323 -1.87705e-20)
(-0.202329 0.000262508 0)
(-0.201814 0.000462938 0)
(-0.20128 0.000364246 0)
(-0.200798 0.000376308 0)
(-0.200184 -0.000157128 -2.08334e-20)
(-0.199101 -0.000588999 2.14705e-20)
(-0.19809 -0.000295141 -2.19136e-20)
(-0.197744 1.55359e-05 0)
(-0.197003 0.000126017 -2.2648e-20)
(-0.196594 0.000202139 -4.58827e-20)
(-0.195727 0.000603536 0)
(-0.195631 0.000431845 -4.74307e-20)
(-0.195071 -3.63783e-05 4.86253e-20)
(-0.194706 5.34164e-05 0)
(-0.194262 0.000485542 0)
(-0.193856 0.000713619 0)
(-0.193668 0.000164589 0)
(-0.192685 -0.000226886 0)
(-0.192037 9.76394e-06 -5.38546e-20)
(-0.191905 0.000160598 0)
(-0.191647 0.000223794 -5.51739e-20)
(-0.19141 0.000576464 0)
(-0.191102 0.000754132 0)
(-0.190973 0.000603656 0)
(-0.190409 0.000485033 0)
(-0.190286 0.000274233 0)
(-0.189588 0.000329768 6.06419e-20)
(-0.188975 0.00039515 0)
(-0.188526 0.000186579 0)
(-0.188066 0.000160262 -6.35423e-20)
(-0.186764 0.000347998 0)
(-0.186244 5.0211e-05 0)
(-0.1846 -0.000249982 0)
(-0.182795 -1.99077e-05 6.96634e-20)
(-0.181516 0.000180387 0)
(-0.18053 0.000381185 0)
(-0.179147 0.000653985 0)
(-0.177493 0.00076226 0)
(-0.175968 0.000746504 -7.65111e-20)
(-0.173267 0.000739211 0)
(-0.170801 0.000713851 0)
(-0.167513 0.000872296 0)
(-0.163032 0.00115604 8.76684e-20)
(-0.155812 0.00138078 0)
(-0.149316 0.00219644 0)
(-0.12407 0.00218455 -1.07873e-19)
(-0.141686 0.00667926 0)
(-0.169631 0.0131886 1.25541e-17)
(-0.187168 0.0170807 2.35191e-17)
(-0.193308 0.0188597 2.27557e-17)
(-0.197141 0.0196887 2.19256e-17)
(-0.201025 0.020313 2.1181e-17)
(-0.205457 0.0210098 -2.02406e-17)
(-0.209657 0.0215192 -1.95283e-17)
(-0.213845 0.0218705 -6.01853e-36)
(-0.21808 0.022017 -3.66616e-17)
(-0.220222 0.0221814 -1.80763e-17)
(-0.224694 0.0227221 4.63427e-34)
(-0.227506 0.0229056 0)
(-0.231082 0.0233628 -3.22674e-17)
(-0.23547 0.0239491 -3.06533e-17)
(-0.242452 0.0247975 -2.8462e-17)
(-0.249632 0.0254571 0)
(-0.256942 0.0260712 4.93985e-17)
(-0.263943 0.0266574 2.26547e-17)
(-0.271725 0.0273474 2.40741e-35)
(-0.281091 0.0281725 -3.51275e-17)
(-0.290396 0.0289022 -1.52844e-20)
(-0.300215 0.029503 -3.00927e-36)
(-0.305091 0.030495 1.3416e-17)
(-0.332335 0.0321461 -7.64397e-18)
)
;
    }
    lowerWall
    {
        type            calculated;
        value           nonuniform List<vector> 
250
(
(-0.653909 0.466638 0)
(-1.14095 0.204678 0)
(-1.03492 0.0379586 0)
(-0.869573 -0.00093601 0)
(-0.786941 -0.00419165 0)
(-0.746063 -0.00160785 0)
(-0.719878 0.000416133 0)
(-0.700645 -0.000651851 0)
(-0.685088 -0.004056 0)
(-0.671318 -0.00471226 0)
(-0.658933 -0.00298822 0)
(-0.64772 -0.000864203 0)
(-0.637516 0.00142611 0)
(-0.628189 0.00210393 0)
(-0.61932 0.0013679 0)
(-0.61152 0.00135758 0)
(-0.604581 0.00169543 0)
(-0.60506 0.00194568 0)
(-0.00423448 -0.022828 0)
(-0.00275832 -0.0176424 0)
(-0.000680404 -0.0144908 0)
(0.0019369 -0.0137993 9.02573e-20)
(0.00525397 -0.0152134 -7.86582e-20)
(0.00894931 -0.0208283 6.28561e-20)
(0.0127316 -0.0200728 -4.84777e-20)
(0.0256479 -0.0632956 0)
(-0.0839915 -0.144719 0)
(0.000872455 -0.00384039 0)
(-0.00766535 0.00954696 0)
(-0.00851607 0.0328217 0)
(-0.00254941 0.0448554 0)
(0.00295332 0.0442615 1.82226e-20)
(0.00618266 0.0360633 -1.89661e-20)
(0.00818717 0.0241613 0)
(0.00946045 0.0101608 -5.42296e-20)
(0.00943157 -0.00404225 6.11444e-20)
(0.00793318 -0.0174222 0)
(0.00614111 -0.0291947 0)
(0.00438161 -0.0385621 0)
(0.00268693 -0.045139 0)
(0.000985983 -0.0488775 0)
(-0.000886928 -0.0495129 0)
(-0.00281908 -0.0463959 0)
(-0.00439769 -0.039907 0)
(-0.00491336 -0.0307463 0)
(0.00132869 -0.00151203 0)
(0.00133796 0.00652729 0)
(-0.00450924 0.00961867 0)
(-0.0095972 0.0097565 0)
(-0.0133831 0.00829952 0)
(-0.0158894 0.00623518 0)
(-0.0172643 0.00409758 1.49577e-21)
(-0.0177829 0.00200606 -1.52738e-21)
(-0.0173314 -7.07749e-06 0)
(-0.0160538 -0.00168633 -1.65313e-21)
(-0.0141883 -0.00283761 0)
(-0.0120502 -0.00329647 0)
(-0.0100505 -0.00303586 -0)
(-0.00855293 -0.00228022 2.57039e-21)
(-0.00761631 -0.00142298 0)
(-0.00693804 -0.000815797 0)
(-0.00612054 -0.000623408 -3.37834e-21)
(-0.0049929 -0.00100048 0)
(-0.00340849 -0.00238603 0)
(-0.000488471 -0.00505768 0)
(0.00436093 -0.00740366 3.03312e-21)
(0.00994585 -0.00889514 0)
(0.0158469 -0.00984997 1.46917e-21)
(0.0218923 -0.0106169 0)
(0.0280981 -0.0112689 -0)
(0.0344085 -0.0115143 8.44717e-22)
(0.0405409 -0.0113546 0)
(0.0491488 -0.0116033 -7.54057e-22)
(0.0589389 -0.0117553 -0)
(0.0686331 -0.0115827 7.70718e-22)
(0.078042 -0.0111689 0)
(0.087015 -0.0105841 0)
(0.0954593 -0.00989006 0)
(0.103317 -0.00913659 -0)
(0.110564 -0.00836068 0)
(0.117197 -0.00758951 -8.1117e-22)
(0.12323 -0.00684033 -0)
(0.128686 -0.00612264 1.63312e-21)
(0.133591 -0.00544045 0)
(0.137973 -0.00479414 -1.63498e-21)
(0.141859 -0.00418208 -0)
(0.145271 -0.0036014 -0)
(0.148232 -0.00304948 1.62108e-21)
(0.150758 -0.00252415 0)
(0.152864 -0.00202409 1.60086e-21)
(0.154561 -0.00155027 -1.58754e-21)
(0.155863 -0.00110624 -0)
(0.156782 -0.000698802 -1.55493e-21)
(0.157328 -0.00033786 -1.53589e-21)
(0.157514 -3.98287e-05 -0)
(0.157408 0.000194794 0)
(0.157077 0.000391513 0)
(0.156523 0.000568224 0)
(0.155761 0.000731132 -0)
(0.1548 0.000884186 1.37582e-21)
(0.153648 0.00102831 0)
(0.152312 0.00116406 -1.30704e-21)
(0.150799 0.00129165 -0)
(0.149116 0.00141124 -0)
(0.147271 0.00152286 1.19059e-21)
(0.145272 0.00162638 0)
(0.143126 0.00172189 -1.10489e-21)
(0.140842 0.00180931 -0)
(0.138429 0.00188858 0)
(0.135895 0.00195978 -0)
(0.13325 0.00202305 9.16867e-22)
(0.130501 0.00207839 0)
(0.127659 0.00212591 -0)
(0.124733 0.00216583 7.63825e-22)
(0.121732 0.00219824 0)
(0.118665 0.00222341 6.57294e-22)
(0.115542 0.00224164 0)
(0.11237 0.00225308 0)
(0.10916 0.00225805 0)
(0.105919 0.00225679 -4.36217e-22)
(0.102657 0.0022497 -0)
(0.0993801 0.00223702 0)
(0.0960976 0.00221908 -2.65614e-22)
(0.0928163 0.0021963 -2.08165e-22)
(0.0895434 0.00216892 -0)
(0.086286 0.00213733 -9.26945e-23)
(0.0830498 0.00210184 -0)
(0.0798415 0.00206283 4.65288e-23)
(0.0766662 0.00202068 -0)
(0.0735293 0.00197583 2.78946e-22)
(0.0704354 0.00192885 0)
(0.0673885 0.00188022 -5.11621e-22)
(0.0643929 0.00183079 -0)
(0.0614515 0.00178158 0)
(0.0585668 0.00173382 -0)
(0.0557408 0.00168921 9.78378e-22)
(0.052975 0.00164991 0)
(0.0502697 0.00161808 -1.21381e-21)
(0.0476237 0.00159482 0)
(0.0457847 0.00160348 1.47556e-21)
(0.0442423 0.00162098 1.63406e-21)
(0.0427034 0.0016259 1.79898e-21)
(0.0411761 0.00161305 0)
(0.0396656 0.00158973 0)
(0.0381719 0.00156403 0)
(0.0366937 0.00153822 0)
(0.0352308 0.00151251 0)
(0.0337837 0.00148689 0)
(0.0323529 0.00146142 0)
(0.0309387 0.0014362 0)
(0.0295418 0.00141138 -3.69169e-21)
(0.0281624 0.00138719 -3.96734e-21)
(0.0268007 0.00136375 0)
(0.0254569 0.00134077 0)
(0.0241314 0.00131671 0)
(0.0228257 0.00129184 -5.26722e-21)
(0.0215394 0.00126763 0)
(0.0202728 0.00124396 0)
(0.0190258 0.0012209 0)
(0.0177985 0.00119847 0)
(0.0165909 0.00117674 7.5357e-21)
(0.015403 0.00115579 0)
(0.0142348 0.0011357 0)
(0.0130863 0.00111659 -9.45438e-21)
(0.0119572 0.00109848 1.02319e-20)
(0.0108477 0.00108146 0)
(0.00975753 0.00106584 1.2068e-20)
(0.00868672 0.00105225 0)
(0.00763489 0.00104187 -1.44062e-20)
(0.00660133 0.00103498 0)
(0.00558571 0.00103057 0)
(0.004588 0.00102835 0)
(0.00360777 0.00102864 0)
(0.00264458 0.00103167 0)
(0.00169886 0.00103739 5.57039e-20)
(0.000772131 0.00104297 6.42121e-20)
(-0.000137646 0.00103028 0)
(-0.0010349 0.00098748 0)
(-0.00191669 0.000935095 0)
(-0.00278299 0.000885597 -5.28934e-20)
(-0.00363368 0.000840672 0)
(-0.00446857 0.000799915 0)
(-0.00528802 0.000762847 0)
(-0.00609265 0.000728968 -4.04187e-20)
(-0.00688299 0.000697818 3.83683e-20)
(-0.00765955 0.00066902 0)
(-0.0084228 0.000642268 0)
(-0.00917317 0.000617317 3.36202e-20)
(-0.00991111 0.000593971 3.23799e-20)
(-0.0106371 0.000572061 0)
(-0.0113514 0.000551454 0)
(-0.0120547 0.000532038 -2.93544e-20)
(-0.0127472 0.000513716 2.85266e-20)
(-0.0134294 0.000496404 0)
(-0.0141017 0.000480032 0)
(-0.0147646 0.000464545 2.64367e-20)
(-0.0154184 0.000449886 0)
(-0.0160637 0.000436012 0)
(-0.016701 0.000422877 2.47912e-20)
(-0.0173305 0.000410446 0)
(-0.0179529 0.000398688 2.38753e-20)
(-0.0185685 0.000387564 0)
(-0.0191779 0.000377049 0)
(-0.0197814 0.000367115 0)
(-0.0203797 0.000357726 -2.23593e-20)
(-0.020973 0.000348845 0)
(-0.0215619 0.000340428 0)
(-0.0221465 0.000332436 0)
(-0.0227274 0.00032481 0)
(-0.0233048 0.000317451 0)
(-0.0238786 0.000310244 0)
(-0.0244487 0.000303066 -2.03859e-20)
(-0.0250149 0.000295689 -2.01555e-20)
(-0.0255759 0.000287851 0)
(-0.0261308 0.000279186 0)
(-0.026677 0.000269155 0)
(-0.0272114 0.000257022 1.93607e-20)
(-0.0277287 0.000241532 0)
(-0.0282205 0.000221294 -3.81354e-20)
(-0.0286774 0.00019226 3.7929e-20)
(-0.0290705 0.000152638 3.78199e-20)
(-0.0294018 7.78923e-05 -3.78585e-20)
(-0.0294835 -3.93929e-05 3.80456e-20)
(-0.029508 -0.000356558 -3.83978e-20)
(-0.0279734 -0.000616862 0)
(-0.0293462 -0.000516207 -2.43319e-18)
(-0.0327697 -0.00134239 -2.26976e-18)
(-0.0364135 -0.00203338 0)
(-0.0395341 -0.0025761 -4.06089e-18)
(-0.0424841 -0.00301863 -7.75785e-18)
(-0.0455564 -0.00342178 -3.7196e-18)
(-0.048781 -0.00381761 3.56819e-18)
(-0.0521121 -0.00430805 -6.01853e-35)
(-0.0556013 -0.00472549 0)
(-0.0593086 -0.00503547 3.15082e-18)
(-0.0632414 -0.00542774 3.02956e-18)
(-0.0674355 -0.00584246 9.0278e-36)
(-0.0719219 -0.0062642 0)
(-0.076739 -0.00671462 0)
(-0.0819314 -0.0072059 9.78011e-36)
(-0.0875501 -0.00774574 -1.63629e-35)
(-0.0936663 -0.00834515 7.82409e-35)
(-0.100335 -0.009008 -4.15828e-18)
(-0.107697 -0.00972858 -3.81252e-18)
(-0.116758 -0.0106218 6.01853e-36)
(-0.127574 -0.0116254 6.13722e-18)
(-0.138428 -0.0127324 1.03501e-17)
(-0.153652 -0.0139259 0)
(-0.162851 -0.015293 -5.09849e-18)
(-0.191965 -0.0169809 -4.21297e-35)
)
;
    }
    frontAndBack
    {
        type            empty;
    }
}


// ************************************************************************* //
