/*--------------------------------*- C++ -*----------------------------------*\
  =========                 |
  \\      /  F ield         | OpenFOAM: The Open Source CFD Toolbox
   \\    /   O peration     | Website:  https://openfoam.org
    \\  /    A nd           | Version:  8
     \\/     M anipulation  |
\*---------------------------------------------------------------------------*/
FoamFile
{
    version     2.0;
    format      ascii;
    class       volVectorField;
    location    "3600";
    object      wallShearStress;
}
// * * * * * * * * * * * * * * * * * * * * * * * * * * * * * * * * * * * * * //

dimensions      [0 2 -2 0 0 0 0];

internalField   uniform (0 0 0);

boundaryField
{
    inlet
    {
        type            calculated;
        value           uniform (0 0 0);
    }
    outlet
    {
        type            calculated;
        value           uniform (0 0 0);
    }
    upperWall
    {
        type            calculated;
        value           nonuniform List<vector> 
223
(
(-0.582193 -0.392359 0)
(-0.977814 -0.219377 0)
(-0.939336 -0.0567747 0)
(-0.81071 -0.00585788 0)
(-0.734594 0.00331368 0)
(-0.695452 0.00231539 0)
(-0.67094 0.0004243 0)
(-0.6535 -0.00144896 0)
(-0.640541 -0.00256685 0)
(-0.629801 -0.00217397 0)
(-0.620128 -0.00134621 0)
(-0.610876 -0.00098522 0)
(-0.603119 -0.00163203 0)
(-0.597042 -0.00155397 0)
(-0.590603 0.00049227 0)
(-0.584433 0.00098637 0)
(-0.579778 -0.000241677 0)
(-0.575269 0.00087082 0)
(-0.570772 0.00263074 0)
(-0.567432 0.00184028 4.23296e-22)
(-0.564756 0.00123549 0)
(-0.561951 0.00280868 0)
(-0.558577 0.00308049 0)
(-0.55551 0.00260441 4.46747e-22)
(-0.552861 0.00288848 0)
(-0.550044 0.00332084 0)
(-0.547175 0.00352763 0)
(-0.544236 0.0035275 -9.38356e-22)
(-0.541362 0.00306559 9.46532e-22)
(-0.538646 0.00261294 9.56921e-22)
(-0.535973 0.0024851 0)
(-0.533262 0.00219322 -9.78873e-22)
(-0.530612 0.00193283 0)
(-0.527977 0.00173289 1.00182e-21)
(-0.525334 0.00156355 1.01387e-21)
(-0.522682 0.00143379 -1.02641e-21)
(-0.52001 0.00132948 0)
(-0.517323 0.0012472 0)
(-0.514616 0.00118384 0)
(-0.511886 0.0011355 0)
(-0.509129 0.00109917 -1.09101e-21)
(-0.506342 0.00107246 0)
(-0.503523 0.00105342 0)
(-0.50067 0.00104091 1.1311e-21)
(-0.497778 0.00103386 0)
(-0.494845 0.00103129 1.15756e-21)
(-0.491867 0.0010325 -1.17054e-21)
(-0.488842 0.00103676 1.18328e-21)
(-0.485765 0.00104379 0)
(-0.482634 0.00105209 0)
(-0.479449 0.00106102 0)
(-0.476211 0.00106961 1.23079e-21)
(-0.472925 0.00107658 -1.24145e-21)
(-0.469603 0.0010821 0)
(-0.46626 0.00108733 0)
(-0.46291 0.00109265 0)
(-0.459566 0.00109726 0)
(-0.456232 0.00110005 0)
(-0.452908 0.00110019 0)
(-0.44959 0.00109785 0)
(-0.44627 0.00109356 0)
(-0.442938 0.00108838 1.29201e-21)
(-0.439583 0.00108353 -1.29178e-21)
(-0.436194 0.00107984 0)
(-0.432761 0.00107798 0)
(-0.42927 0.00107811 0)
(-0.425716 0.00108027 -1.27841e-21)
(-0.422088 0.0010844 0)
(-0.41838 0.0010902 0)
(-0.414587 0.00109729 0)
(-0.410704 0.00110532 0)
(-0.406727 0.00111381 0)
(-0.402655 0.0011222 -2.43441e-21)
(-0.398486 0.00113 0)
(-0.394223 0.0011366 0)
(-0.389868 0.00114164 0)
(-0.385426 0.00114476 0)
(-0.380907 0.00114591 0)
(-0.376322 0.00114495 0)
(-0.371682 0.00114159 0)
(-0.367001 0.00113557 2.09529e-21)
(-0.362288 0.0011267 0)
(-0.357551 0.00111515 0)
(-0.352794 0.00110123 0)
(-0.348021 0.00108535 -1.8396e-21)
(-0.343231 0.00106819 0)
(-0.338422 0.00105038 -1.69014e-21)
(-0.33359 0.00103247 0)
(-0.328731 0.00101538 0)
(-0.323836 0.000999883 0)
(-0.319024 0.000992058 -1.35089e-21)
(-0.316384 0.00100116 0)
(-0.31366 0.00101509 1.18038e-21)
(-0.310854 0.00102973 1.08967e-21)
(-0.307975 0.00104291 0)
(-0.30503 0.00105386 8.95942e-22)
(-0.302032 0.00106253 0)
(-0.298996 0.00107006 0)
(-0.295934 0.00107673 0)
(-0.292862 0.00108544 -4.54412e-22)
(-0.289793 0.00109187 0)
(-0.286739 0.00110603 -2.04951e-22)
(-0.283714 0.00110355 7.2839e-23)
(-0.280725 0.0011078 0)
(-0.277793 0.00110744 0)
(-0.274909 0.00111276 0)
(-0.272101 0.00112187 0)
(-0.269368 0.00109625 0)
(-0.26668 0.00113557 0)
(-0.264086 0.00106446 0)
(-0.261548 0.000801573 1.15283e-21)
(-0.258995 0.000648402 0)
(-0.256773 0.000734891 0)
(-0.254521 0.00097866 0)
(-0.252407 0.00103314 0)
(-0.250427 0.0014407 0)
(-0.24854 0.00122165 0)
(-0.246276 0.000542469 0)
(-0.244387 0.000752032 0)
(-0.242431 0.000729041 0)
(-0.240365 0.00110464 0)
(-0.238835 0.00141967 0)
(-0.237373 0.00126477 0)
(-0.235646 0.00131283 7.12787e-21)
(-0.234149 0.000628635 0)
(-0.232252 -6.44295e-05 0)
(-0.230272 2.81726e-05 0)
(-0.22839 0.000346439 -8.86847e-21)
(-0.226997 0.000512885 0)
(-0.225494 0.000447362 0)
(-0.224139 0.000893191 -1.00414e-20)
(-0.222775 0.00114344 0)
(-0.221677 0.000946419 1.08343e-20)
(-0.220441 0.00095803 0)
(-0.219489 0.000796393 0)
(-0.218588 0.000687802 0)
(-0.217162 0.000767653 -1.25414e-20)
(-0.216195 0.000639206 0)
(-0.215319 0.000523871 1.33023e-20)
(-0.213918 0.000563508 0)
(-0.212978 0.000474721 0)
(-0.212142 0.000429909 0)
(-0.211144 0.000401467 0)
(-0.210244 0.000305167 0)
(-0.209313 0.000320694 0)
(-0.208284 0.000420838 0)
(-0.207334 -9.50919e-05 0)
(-0.205954 -0.000542592 0)
(-0.204657 -0.00026349 0)
(-0.203966 -8.67348e-05 0)
(-0.203399 2.91776e-05 1.84603e-20)
(-0.202571 0.000116284 -1.89042e-20)
(-0.201772 0.000180907 0)
(-0.201071 0.000241303 0)
(-0.20034 0.000163261 0)
(-0.200003 0.000162757 0)
(-0.199214 0.000273956 -2.0966e-20)
(-0.19873 0.000263235 2.13156e-20)
(-0.198088 0.000153773 -2.17609e-20)
(-0.197774 0.000193431 0)
(-0.197014 0.000376299 -2.26008e-20)
(-0.196181 0.000287624 -4.61675e-20)
(-0.196233 0.000232119 0)
(-0.195654 0.000309199 -4.76063e-20)
(-0.194911 0.000237237 4.84958e-20)
(-0.194607 0.000192533 0)
(-0.194422 0.00023947 0)
(-0.193765 0.000268755 0)
(-0.193259 0.000279308 0)
(-0.192845 0.000236286 0)
(-0.192692 0.000243085 -5.33096e-20)
(-0.192056 0.000310594 0)
(-0.191648 0.000262736 -5.51828e-20)
(-0.191294 0.000312753 0)
(-0.190861 0.000372923 0)
(-0.190449 0.000426496 0)
(-0.189686 0.000735181 0)
(-0.189504 0.000777434 0)
(-0.189414 0.000599143 6.0269e-20)
(-0.188658 0.000163245 0)
(-0.187414 -0.000217278 0)
(-0.18642 -8.03716e-05 -6.43953e-20)
(-0.186 0.000123546 0)
(-0.184871 0.000272861 0)
(-0.183839 0.000244996 0)
(-0.18298 0.000276401 6.88846e-20)
(-0.181528 0.000378883 0)
(-0.179946 0.000434652 0)
(-0.178705 0.00056172 0)
(-0.177075 0.000752665 0)
(-0.1751 0.000919772 -7.68755e-20)
(-0.173299 0.000937715 0)
(-0.170336 0.000841225 0)
(-0.167007 0.000873346 0)
(-0.162845 0.00106595 8.76204e-20)
(-0.155822 0.0013825 0)
(-0.148766 0.00228192 0)
(-0.123913 0.0022435 -1.07597e-19)
(-0.141632 0.0066821 0)
(-0.169728 0.0132053 1.25316e-17)
(-0.186982 0.0170673 2.35813e-17)
(-0.193503 0.0188619 2.26889e-17)
(-0.196997 0.0196995 2.20005e-17)
(-0.200545 0.0202718 2.12571e-17)
(-0.205214 0.0209717 -2.02559e-17)
(-0.209608 0.0215103 -1.95344e-17)
(-0.213861 0.0218706 -6.01853e-36)
(-0.218109 0.0220177 -3.66637e-17)
(-0.220244 0.0221808 -1.80773e-17)
(-0.224702 0.0227199 9.20835e-34)
(-0.227516 0.0229029 1.20371e-35)
(-0.231052 0.0233621 -3.22808e-17)
(-0.235333 0.0239339 -3.06876e-17)
(-0.24233 0.0247777 -2.84676e-17)
(-0.249508 0.0254435 -2.40741e-35)
(-0.256851 0.0260669 4.94073e-17)
(-0.263902 0.0266466 2.26476e-17)
(-0.272745 0.0274455 1.20371e-35)
(-0.282649 0.0283565 -3.48639e-17)
(-0.291208 0.0289986 -1.58064e-20)
(-0.300874 0.0295769 0)
(-0.30443 0.0304159 1.3486e-17)
(-0.332556 0.0321489 -7.62931e-18)
)
;
    }
    lowerWall
    {
        type            calculated;
        value           nonuniform List<vector> 
250
(
(-0.653909 0.466638 0)
(-1.14095 0.204678 0)
(-1.03492 0.0379587 0)
(-0.869573 -0.000935989 0)
(-0.786941 -0.00419162 0)
(-0.746063 -0.00160782 0)
(-0.719878 0.000416171 0)
(-0.700645 -0.000651812 0)
(-0.685088 -0.00405596 0)
(-0.671318 -0.00471221 0)
(-0.658933 -0.00298823 0)
(-0.64772 -0.000864243 0)
(-0.637517 0.0014261 0)
(-0.62819 0.00210387 0)
(-0.61932 0.0013679 0)
(-0.611521 0.0013575 0)
(-0.60458 0.00169584 0)
(-0.605068 0.00194318 0)
(-0.0042604 -0.0228576 0)
(-0.00275881 -0.0176423 0)
(-0.000676842 -0.0144931 0)
(0.0019447 -0.0137777 9.02255e-20)
(0.0052691 -0.0151982 -7.86187e-20)
(0.00896182 -0.0208212 6.2849e-20)
(0.0127403 -0.0200862 -4.84737e-20)
(0.025628 -0.063315 0)
(-0.0840636 -0.144715 0)
(0.000872557 -0.00384048 0)
(-0.00766522 0.00954639 0)
(-0.00851608 0.0328211 0)
(-0.00254952 0.044855 0)
(0.00295325 0.0442615 1.82223e-20)
(0.00618261 0.0360631 -1.89658e-20)
(0.00818705 0.0241612 0)
(0.00946034 0.0101608 -5.42285e-20)
(0.00943151 -0.00404216 6.11432e-20)
(0.00793318 -0.0174221 0)
(0.00614116 -0.0291946 0)
(0.00438168 -0.0385621 0)
(0.00268719 -0.0451394 0)
(0.000985987 -0.0488793 0)
(-0.000885167 -0.0495141 0)
(-0.00282055 -0.046408 0)
(-0.00437905 -0.0399021 0)
(-0.00492617 -0.0308265 0)
(0.00132857 -0.00151211 0)
(0.00133791 0.00652701 0)
(-0.00450914 0.00961838 0)
(-0.00959705 0.00975629 0)
(-0.013383 0.00829937 0)
(-0.0158892 0.0062351 0)
(-0.0172642 0.0040975 1.49575e-21)
(-0.0177828 0.00200598 -1.52735e-21)
(-0.0173313 -7.14596e-06 0)
(-0.0160536 -0.0016864 -1.6531e-21)
(-0.0141882 -0.00283769 0)
(-0.0120501 -0.00329656 0)
(-0.0100504 -0.00303595 -0)
(-0.00855275 -0.00228029 2.57037e-21)
(-0.00761613 -0.00142303 0)
(-0.0069379 -0.000815808 0)
(-0.00612046 -0.000623375 -3.37826e-21)
(-0.00499289 -0.00100041 0)
(-0.00340855 -0.00238587 0)
(-0.000488714 -0.00505747 0)
(0.00436057 -0.00740355 3.03316e-21)
(0.00994548 -0.0088951 0)
(0.0158465 -0.00984994 1.46916e-21)
(0.0218919 -0.0106169 0)
(0.0280977 -0.0112689 -0)
(0.0344081 -0.0115143 8.44706e-22)
(0.0405406 -0.0113546 0)
(0.0491482 -0.0116032 -7.54044e-22)
(0.0589383 -0.0117552 -0)
(0.0686324 -0.0115827 7.70705e-22)
(0.0780413 -0.0111689 0)
(0.0870142 -0.0105841 0)
(0.0954588 -0.0098901 0)
(0.103317 -0.00913649 -0)
(0.110563 -0.0083606 0)
(0.117196 -0.0075896 -8.1116e-22)
(0.123229 -0.00684043 -0)
(0.128685 -0.00612263 1.6331e-21)
(0.13359 -0.00544044 0)
(0.137973 -0.00479415 -1.63497e-21)
(0.141858 -0.00418209 -0)
(0.145271 -0.00360141 -0)
(0.148231 -0.00304949 1.62106e-21)
(0.150757 -0.00252417 0)
(0.152863 -0.00202411 1.60084e-21)
(0.154561 -0.00155029 -1.58753e-21)
(0.155863 -0.00110625 -0)
(0.156781 -0.000698817 -1.55491e-21)
(0.157327 -0.000337872 -1.53588e-21)
(0.157513 -3.98371e-05 -0)
(0.157408 0.000194788 0)
(0.157076 0.000391508 0)
(0.156522 0.000568219 0)
(0.155761 0.000731127 -0)
(0.1548 0.000884182 1.37582e-21)
(0.153648 0.00102831 0)
(0.152312 0.00116399 -1.30704e-21)
(0.150799 0.00129165 -0)
(0.149116 0.0014113 -0)
(0.147271 0.00152286 1.19058e-21)
(0.145272 0.00162639 0)
(0.143126 0.00172189 -1.10489e-21)
(0.140842 0.00180926 -0)
(0.138429 0.0018886 0)
(0.135895 0.00195986 -0)
(0.133249 0.00202306 9.16863e-22)
(0.130501 0.00207841 0)
(0.127659 0.00212593 -0)
(0.124733 0.00216581 7.63821e-22)
(0.121732 0.00219827 0)
(0.118665 0.00222351 6.5729e-22)
(0.115541 0.00224169 0)
(0.11237 0.00225313 0)
(0.10916 0.00225811 0)
(0.105919 0.00225685 -4.36214e-22)
(0.102656 0.00224974 -0)
(0.0993797 0.00223704 0)
(0.0960971 0.00221904 -2.65614e-22)
(0.0928159 0.0021962 -2.08163e-22)
(0.089543 0.00216871 -0)
(0.0862855 0.00213704 -9.26951e-23)
(0.0830495 0.00210153 -0)
(0.0798412 0.00206258 4.65254e-23)
(0.0766662 0.00202072 -0)
(0.073529 0.00197618 2.7895e-22)
(0.070435 0.00192925 0)
(0.067388 0.00188043 -5.11616e-22)
(0.0643922 0.0018306 -0)
(0.061451 0.00178119 0)
(0.0585666 0.00173374 -0)
(0.0557405 0.00168945 9.78389e-22)
(0.0529746 0.00164998 0)
(0.0502693 0.00161795 -1.21381e-21)
(0.0476234 0.0015948 0)
(0.0457845 0.0016035 1.47556e-21)
(0.0442421 0.00162095 1.63407e-21)
(0.0427033 0.00162588 1.79899e-21)
(0.0411759 0.00161302 0)
(0.0396654 0.0015897 0)
(0.0381717 0.001564 0)
(0.0366935 0.00153816 0)
(0.0352308 0.00151244 0)
(0.0337837 0.00148687 0)
(0.0323527 0.00146137 0)
(0.0309387 0.00143611 0)
(0.0295418 0.00141132 -3.69169e-21)
(0.0281624 0.00138712 -3.96732e-21)
(0.0268007 0.00136368 0)
(0.0254569 0.00134067 0)
(0.0241316 0.0013166 0)
(0.0228259 0.00129174 -5.26718e-21)
(0.0215396 0.00126753 0)
(0.020273 0.00124384 0)
(0.0190261 0.00122077 0)
(0.0177988 0.00119834 0)
(0.0165912 0.0011766 7.5356e-21)
(0.0154034 0.00115564 0)
(0.0142353 0.00113555 0)
(0.0130868 0.00111643 -9.4542e-21)
(0.0119578 0.00109831 1.02316e-20)
(0.0108483 0.00108129 0)
(0.00975819 0.00106567 1.20677e-20)
(0.00868742 0.00105207 0)
(0.00763563 0.00104168 -1.44056e-20)
(0.0066021 0.00103479 0)
(0.00558652 0.00103038 0)
(0.00458886 0.00102816 0)
(0.00360866 0.00102845 0)
(0.00264549 0.00103148 0)
(0.0016998 0.0010372 5.56992e-20)
(0.00077309 0.00104279 6.42058e-20)
(-0.000136674 0.00103014 0)
(-0.00103391 0.000987373 0)
(-0.0019157 0.000935 0)
(-0.002782 0.000885514 -5.28995e-20)
(-0.00363269 0.000840598 0)
(-0.00446758 0.000799856 0)
(-0.00528707 0.000762796 0)
(-0.0060917 0.000728927 -4.04217e-20)
(-0.00688207 0.000697787 3.83711e-20)
(-0.00765865 0.000668998 0)
(-0.00842192 0.000642253 0)
(-0.00917233 0.000617312 3.36219e-20)
(-0.00991031 0.000593972 3.23813e-20)
(-0.0106363 0.000572073 0)
(-0.0113507 0.000551474 0)
(-0.012054 0.000532065 -2.93554e-20)
(-0.0127465 0.00051375 2.85276e-20)
(-0.0134287 0.000496448 0)
(-0.014101 0.000480089 0)
(-0.0147639 0.000464612 2.64375e-20)
(-0.0154179 0.000449961 0)
(-0.0160632 0.00043609 0)
(-0.0167005 0.00042296 2.47918e-20)
(-0.0173301 0.000410531 0)
(-0.0179525 0.000398775 2.38757e-20)
(-0.0185682 0.000387651 0)
(-0.0191776 0.000377135 0)
(-0.0197813 0.000367197 0)
(-0.0203796 0.000357809 -2.23595e-20)
(-0.020973 0.000348921 0)
(-0.0215619 0.000340508 0)
(-0.0221467 0.000332513 0)
(-0.0227276 0.000324865 0)
(-0.023305 0.000317503 0)
(-0.0238788 0.000310311 0)
(-0.0244491 0.000303112 -2.03859e-20)
(-0.0250151 0.000295732 -2.01555e-20)
(-0.0255764 0.000287908 0)
(-0.0261312 0.000279242 0)
(-0.0266776 0.000269191 0)
(-0.0272118 0.00025704 1.93606e-20)
(-0.0277291 0.00024158 0)
(-0.0282211 0.000221341 -3.81348e-20)
(-0.028678 0.00019229 3.79286e-20)
(-0.0290712 0.000152666 3.78193e-20)
(-0.0294025 7.79183e-05 -3.78578e-20)
(-0.0294842 -3.93546e-05 3.8045e-20)
(-0.0295089 -0.000356528 -3.83972e-20)
(-0.0279743 -0.000616883 0)
(-0.0293468 -0.000516228 -2.43313e-18)
(-0.0327706 -0.00134243 -2.26972e-18)
(-0.0364143 -0.00203342 3.00927e-36)
(-0.0395352 -0.00257613 -4.06078e-18)
(-0.0424852 -0.00301871 -7.75764e-18)
(-0.0455577 -0.00342187 -3.71953e-18)
(-0.0487813 -0.0038194 3.56794e-18)
(-0.052112 -0.00430145 -5.41668e-35)
(-0.0556074 -0.00471057 3.00927e-36)
(-0.0593075 -0.00507529 3.15114e-18)
(-0.0632502 -0.00548259 3.02072e-18)
(-0.0674487 -0.0058455 0)
(-0.0719358 -0.00625388 0)
(-0.0767501 -0.00670484 0)
(-0.0819403 -0.00719593 -5.32734e-35)
(-0.0875574 -0.00773642 -1.63629e-35)
(-0.0936727 -0.00833729 1.29398e-34)
(-0.100341 -0.00900193 -4.15805e-18)
(-0.107702 -0.00972421 -3.81227e-18)
(-0.116765 -0.010619 6.01853e-36)
(-0.127581 -0.0116236 6.13692e-18)
(-0.138434 -0.0127313 1.03495e-17)
(-0.153657 -0.0139253 6.01853e-36)
(-0.162856 -0.0152927 -5.09814e-18)
(-0.19197 -0.0169809 -1.20371e-35)
)
;
    }
    frontAndBack
    {
        type            empty;
    }
}


// ************************************************************************* //
