/*--------------------------------*- C++ -*----------------------------------*\
  =========                 |
  \\      /  F ield         | OpenFOAM: The Open Source CFD Toolbox
   \\    /   O peration     | Website:  https://openfoam.org
    \\  /    A nd           | Version:  8
     \\/     M anipulation  |
\*---------------------------------------------------------------------------*/
FoamFile
{
    version     2.0;
    format      ascii;
    class       volVectorField;
    location    "1600";
    object      wallShearStress;
}
// * * * * * * * * * * * * * * * * * * * * * * * * * * * * * * * * * * * * * //

dimensions      [0 2 -2 0 0 0 0];

internalField   uniform (0 0 0);

boundaryField
{
    inlet
    {
        type            calculated;
        value           uniform (0 0 0);
    }
    outlet
    {
        type            calculated;
        value           uniform (0 0 0);
    }
    upperWall
    {
        type            calculated;
        value           nonuniform List<vector> 
223
(
(-0.45167 -0.0380316 0)
(-0.517744 -0.0447371 0)
(-0.548133 -0.0331163 0)
(-0.545937 -0.0207578 0)
(-0.540419 -0.0124544 0)
(-0.529434 -0.00706908 0)
(-0.518971 -0.00374165 0)
(-0.507752 -0.00169706 0)
(-0.4969 -0.000450417 0)
(-0.486802 0.000302346 0)
(-0.477568 0.000744966 0)
(-0.469188 0.000993701 0)
(-0.461622 0.00112174 0)
(-0.454794 0.00117585 0)
(-0.448642 0.00118518 0)
(-0.443086 0.00117277 0)
(-0.438044 0.00115146 0)
(-0.433466 0.00117252 0)
(-0.429778 0.00122706 0)
(-0.426835 0.00127436 5.34455e-22)
(-0.42394 0.00128499 0)
(-0.421108 0.00127023 0)
(-0.418335 0.00123922 0)
(-0.415626 0.00119795 5.45381e-22)
(-0.412986 0.00115082 0)
(-0.410417 0.0011007 0)
(-0.407919 0.00104944 0)
(-0.405492 0.000998381 -1.1107e-21)
(-0.403134 0.000948304 1.11567e-21)
(-0.400845 0.000899669 1.12064e-21)
(-0.398625 0.000852974 0)
(-0.396471 0.000808617 -1.13063e-21)
(-0.394381 0.000766641 0)
(-0.392354 0.00072708 1.14069e-21)
(-0.390385 0.00069012 1.14575e-21)
(-0.388475 0.00065575 -1.15083e-21)
(-0.386618 0.000623895 0)
(-0.384814 0.000594506 0)
(-0.38306 0.000567481 0)
(-0.381352 0.000542655 0)
(-0.379688 0.000519936 -1.17644e-21)
(-0.378066 0.000499286 0)
(-0.376483 0.000480468 0)
(-0.374937 0.00046332 1.19196e-21)
(-0.373426 0.000447902 0)
(-0.371948 0.000433996 1.20235e-21)
(-0.3705 0.000421387 -1.20756e-21)
(-0.369083 0.000410216 1.21277e-21)
(-0.36769 0.000400215 0)
(-0.366323 0.000391322 0)
(-0.364979 0.000383555 0)
(-0.363657 0.000376617 1.23355e-21)
(-0.362355 0.000370585 -1.2387e-21)
(-0.361072 0.000365452 0)
(-0.359805 0.000360943 0)
(-0.358555 0.000357227 0)
(-0.357317 0.000354194 0)
(-0.356093 0.000351757 0)
(-0.354879 0.000349828 0)
(-0.353677 0.000348481 0)
(-0.352481 0.000347696 0)
(-0.351294 0.000347381 1.283e-21)
(-0.350111 0.00034739 -1.28755e-21)
(-0.348935 0.000347694 0)
(-0.34776 0.000348451 0)
(-0.34659 0.00034959 0)
(-0.345418 0.000351049 -1.30464e-21)
(-0.344249 0.000352823 0)
(-0.343074 0.000354823 0)
(-0.3419 0.000357118 0)
(-0.340719 0.000359652 0)
(-0.339535 0.000362579 0)
(-0.338341 0.000365812 -2.65106e-21)
(-0.337142 0.000368805 0)
(-0.335932 0.000371903 0)
(-0.334715 0.000375704 0)
(-0.333484 0.000379484 0)
(-0.332242 0.000383413 0)
(-0.330984 0.000387666 0)
(-0.32972 0.00039201 0)
(-0.328413 0.000397771 2.67689e-21)
(-0.327144 0.000402829 0)
(-0.325757 0.000420003 0)
(-0.324324 0.000416339 0)
(-0.323062 -0.000243057 -2.66398e-21)
(-0.321614 -0.0006337 0)
(-0.323456 0.00028524 -2.685e-21)
(-0.324818 0.00111695 0)
(-0.322453 0.00186563 0)
(-0.322139 0.00112534 0)
(-0.323685 -0.000253531 -2.7449e-21)
(-0.31725 -0.000695791 0)
(-0.31378 -0.000762791 2.69267e-21)
(-0.311611 -2.1948e-06 2.68741e-21)
(-0.31029 0.000691925 0)
(-0.313516 0.000942586 2.766e-21)
(-0.307967 0.0008446 0)
(-0.307021 0.000785594 0)
(-0.306139 0.000867393 0)
(-0.305685 0.000155616 -2.75926e-21)
(-0.396863 0.00137142 0)
(-0.361848 0.0108648 -3.22399e-21)
(-0.380682 0.0175424 3.17495e-21)
(-0.348825 0.00919206 0)
(-0.336131 0.00714597 0)
(-0.36538 0.0106397 0)
(-0.337976 0.00731672 0)
(-0.332804 -0.00136401 0)
(-0.343033 -0.0101882 0)
(-0.333238 -0.00998829 0)
(-0.319934 -0.00779067 -2.92544e-21)
(-0.293546 -0.00592394 0)
(-0.32722 -0.00475019 0)
(-0.307274 -0.0026115 0)
(-0.287788 -0.00284927 0)
(-0.336599 -0.00325867 0)
(-0.359757 -0.000897557 0)
(-0.310816 -0.00148182 0)
(-0.316549 0.00284607 0)
(-0.292464 0.00413675 0)
(-0.293202 -0.00154979 0)
(-0.27653 -0.00259903 0)
(-0.302495 -0.00223464 0)
(-0.351933 -0.0016111 -6.18745e-21)
(-0.356611 -0.000951608 0)
(-0.343979 -0.000581075 0)
(-0.320136 0.000219439 0)
(-0.340249 0.00038224 5.47202e-21)
(-0.32766 0.00369499 0)
(-0.282558 0.0055203 0)
(-0.26109 0.00480816 3.65365e-21)
(-0.259961 0.00233882 0)
(-0.257921 -0.00173958 -3.3533e-21)
(-0.281522 -0.00261216 0)
(-0.294516 0.000927042 0)
(-0.264297 0.00442635 0)
(-0.252013 0.00323658 2.60179e-21)
(-0.250615 -0.000314836 0)
(-0.248548 -0.00269366 -2.2259e-21)
(-0.253287 -0.00269765 0)
(-0.246426 0.00139008 0)
(-0.243849 0.0040271 0)
(-0.242804 0.00255169 0)
(-0.241476 8.35044e-05 0)
(-0.273099 -0.000271344 0)
(-0.238251 0.00191657 0)
(-0.236445 0.00142922 0)
(-0.234309 0.000955931 0)
(-0.232475 0.00025589 0)
(-0.230293 0.00247031 0)
(-0.229115 0.00137256 1.05902e-21)
(-0.238286 -0.00167194 -1.62975e-21)
(-0.224607 -0.000408751 0)
(-0.266247 -0.00189692 0)
(-0.248662 -0.000781973 0)
(-0.270568 0.000565029 0)
(-0.273283 -0.000225047 -4.47423e-21)
(-0.263964 -0.000160799 5.0753e-21)
(-0.248879 -0.00141881 -5.4582e-21)
(-0.220258 -0.00209392 0)
(-0.197531 -0.000506419 -5.76051e-21)
(-0.195092 0.00122911 -1.24626e-20)
(-0.208957 0.00286998 0)
(-0.196316 0.00179985 -1.32426e-20)
(-0.205802 -0.000816002 1.55157e-20)
(-0.19243 0.00119843 0)
(-0.193817 0.00262801 0)
(-0.205959 -0.000464572 0)
(-0.188717 -0.00114243 0)
(-0.186919 -0.00106292 0)
(-0.183521 -0.00142089 -2.27607e-20)
(-0.179625 0.00170921 0)
(-0.181476 0.00281782 -2.33632e-20)
(-0.185792 0.000446922 0)
(-0.17622 0.000237175 0)
(-0.175692 0.00166501 0)
(-0.178297 0.0014923 0)
(-0.173504 0.000948893 0)
(-0.172597 0.00129133 3.21799e-20)
(-0.177179 0.00144221 0)
(-0.175519 0.000853048 0)
(-0.170071 0.000169706 -3.60537e-20)
(-0.166532 -0.000346686 0)
(-0.162388 -0.000482107 0)
(-0.157572 -0.000398673 0)
(-0.151888 -0.000220329 4.77923e-20)
(-0.144772 6.49926e-05 0)
(-0.13588 0.000438713 0)
(-0.125735 0.000843876 0)
(-0.115641 0.00108642 0)
(-0.106623 0.00112146 -7.85589e-20)
(-0.0993317 0.000965527 0)
(-0.0935756 0.000825176 0)
(-0.088378 0.000776451 0)
(-0.0834705 0.000905894 1.06006e-19)
(-0.0757426 0.00115973 0)
(-0.0711604 0.00187243 0)
(-0.0424919 0.00161694 -1.48467e-19)
(-0.0731074 0.00106652 -6.01853e-36)
(-0.107204 0.00637907 1.29034e-17)
(-0.130487 0.0107237 2.32647e-17)
(-0.142864 0.0132909 2.19417e-17)
(-0.150321 0.0147146 2.11316e-17)
(-0.156085 0.0156067 2.04591e-17)
(-0.160706 0.0162338 -1.98812e-17)
(-0.164372 0.0167034 -1.93439e-17)
(-0.167448 0.0170646 0)
(-0.170397 0.017369 -3.67106e-17)
(-0.17341 0.017658 -1.7856e-17)
(-0.176697 0.017958 1.56482e-34)
(-0.180286 0.018286 -2.40741e-35)
(-0.184385 0.0186535 -3.22625e-17)
(-0.188922 0.0190677 -3.08715e-17)
(-0.194131 0.0195381 -2.93174e-17)
(-0.199883 0.0200684 -2.40741e-35)
(-0.206409 0.0206625 5.12758e-17)
(-0.213748 0.0213387 2.34446e-17)
(-0.22181 0.0220797 1.20371e-35)
(-0.231617 0.022975 -3.63745e-17)
(-0.24073 0.0238442 -1.19704e-20)
(-0.256533 0.0252095 0)
(-0.26102 0.0260093 1.36062e-17)
(-0.291408 0.0278974 -7.64278e-18)
)
;
    }
    lowerWall
    {
        type            calculated;
        value           nonuniform List<vector> 
250
(
(-0.691758 0.119019 0)
(-0.654683 0.0792722 0)
(-0.628592 0.0520173 0)
(-0.592191 0.0291298 0)
(-0.568773 0.0164136 0)
(-0.541243 0.00636038 0)
(-0.528263 0.00246014 0)
(-0.515087 0.00150166 0)
(-0.504696 0.000666533 0)
(-0.496247 0.00187628 0)
(-0.634765 0.000541457 0)
(-0.6487 -0.000359385 0)
(-0.733922 -0.00235407 0)
(-0.631278 -0.000837862 0)
(-0.554239 3.1415e-05 0)
(-0.513585 -0.00123501 0)
(-0.460301 -0.000731194 0)
(-0.598502 0.000245843 0)
(0.00293996 -0.00770159 0)
(0.00301365 -0.0116203 0)
(0.00309318 -0.0153744 0)
(0.00312072 -0.0189196 6.74868e-20)
(0.00310529 -0.0221122 -5.95153e-20)
(0.00310162 -0.024822 5.42619e-20)
(0.00396764 -0.0239428 -4.86918e-20)
(0.0110765 -0.0425892 0)
(-0.0634959 -0.160458 0)
(0.000211801 -0.000254776 0)
(7.53632e-05 -0.000757348 0)
(1.91396e-05 -0.000892653 0)
(5.73467e-05 -0.000943604 0)
(-2.40266e-05 -0.000735041 1.54381e-19)
(-0.000362965 0.000220699 -1.34977e-19)
(-0.00104042 0.0025463 0)
(-0.00166125 0.00623178 -1.3975e-19)
(-0.00177816 0.0101241 1.10761e-19)
(-0.00139006 0.0131893 0)
(-0.000752528 0.0149349 0)
(-9.8822e-05 0.0152552 0)
(0.000446013 0.0143072 0)
(0.000930973 0.0124417 0)
(0.00142068 0.0096677 0)
(0.00193136 0.00607 0)
(0.00246131 0.00178098 0)
(0.00283107 -0.00309328 0)
(-0.000132308 -0.000260711 0)
(0.000163739 -0.000418957 0)
(0.000455228 -0.000459002 0)
(0.00074038 -0.000380888 0)
(0.000941785 -0.000157685 -0)
(0.000934656 0.000183218 -0)
(0.000673131 0.000567493 1.56783e-20)
(0.000190841 0.000894345 -1.7334e-20)
(-0.000429854 0.00108907 -0)
(-0.00109843 0.00113162 -1.05618e-20)
(-0.00174184 0.00104003 -0)
(-0.00230092 0.000846228 0)
(-0.00273686 0.000586255 -0)
(-0.00302838 0.000290867 6.29322e-21)
(-0.0031678 -1.92031e-05 0)
(-0.00314535 -0.000320644 0)
(-0.00296561 -0.000580948 -6.38624e-21)
(-0.00265245 -0.000770773 -0)
(-0.00223894 -0.000867262 0)
(-0.00176806 -0.000856519 -0)
(-0.00129268 -0.00073971 9.9456e-21)
(-0.000867732 -0.000539191 0)
(-0.00053724 -0.00029528 1.45286e-20)
(-0.000322387 -5.12346e-05 0)
(-0.000225246 0.000173662 0)
(-0.000254548 0.000364423 1.97937e-20)
(-0.00039473 0.000518382 0)
(-0.000637599 0.00065348 -1.44622e-20)
(-0.000986441 0.000753244 0)
(-0.00139101 0.000760472 1.01727e-20)
(-0.00174882 0.0006632 0)
(-0.00199482 0.000523469 0)
(-0.00210875 0.000425084 0)
(-0.00215072 0.000451585 0)
(-0.00217843 0.000559672 0)
(-0.00218309 0.000598472 -7.8263e-21)
(-0.00200034 0.000316143 0)
(-0.00138096 -0.000365034 1.91763e-20)
(-0.000134692 -0.0010369 0)
(0.00152523 -0.00171078 -1.02266e-20)
(0.0033942 -0.00248196 0)
(0.00559948 -0.0032646 0)
(0.00852803 -0.00409146 4.05308e-21)
(0.0114993 -0.00457757 0)
(0.0142034 -0.0047312 3.05709e-21)
(0.017173 -0.00462996 -2.81408e-21)
(0.0199027 -0.00442323 -0)
(0.0218226 -0.00404838 -2.30092e-21)
(0.0232312 -0.00358023 -2.04904e-21)
(0.0261541 -0.003387 -0)
(0.0292521 -0.00336653 0)
(0.0324905 -0.00316371 0)
(0.0306353 -0.00238663 0)
(0.0311512 -0.00205922 -0)
(0.0330352 -0.00185971 1.60671e-21)
(0.0346962 -0.00172099 0)
(0.0361667 -0.00160703 -1.5747e-21)
(0.0376081 -0.00147066 -0)
(0.0389397 -0.00134727 -0)
(0.0402167 -0.00124918 1.54421e-21)
(0.0414072 -0.00116257 0)
(0.0425855 -0.0010887 -1.52915e-21)
(0.0436868 -0.00102395 -0)
(0.0447754 -0.000967449 0)
(0.0458127 -0.000917649 -0)
(0.0468336 -0.000873457 1.505e-21)
(0.0478181 -0.000833775 0)
(0.0487869 -0.000797814 -0)
(0.0497268 -0.000764951 1.48854e-21)
(0.0506524 -0.000734539 0)
(0.0515541 -0.000706181 1.4774e-21)
(0.0524418 -0.000679344 0)
(0.0533089 -0.000653777 0)
(0.0541614 -0.000629089 0)
(0.0549952 -0.000605202 -1.45299e-21)
(0.0558138 -0.000581689 -0)
(0.0566139 -0.000558607 0)
(0.0573982 -0.000535609 -1.43198e-21)
(0.0581637 -0.000512641 -1.42432e-21)
(0.0589119 -0.000489498 -0)
(0.0596404 -0.000466189 -1.40796e-21)
(0.0603501 -0.000442402 0)
(0.0610387 -0.000418164 -2.7801e-21)
(0.0617065 -0.000393168 -0)
(0.0623512 -0.000367479 -2.74094e-21)
(0.0629731 -0.00034064 -0)
(0.0635694 -0.000312593 2.69803e-21)
(0.0641396 -0.000282912 0)
(0.0646812 -0.000251521 0)
(0.0651931 -0.00021835 0)
(0.0656737 -0.000183471 -2.6e-21)
(0.066122 -0.000147021 -0)
(0.0665363 -0.000109804 2.54504e-21)
(0.0669165 -7.36366e-05 0)
(0.0672637 -4.20573e-05 -2.48592e-21)
(0.0675793 -1.53497e-05 -2.45399e-21)
(0.0678658 9.7935e-06 -2.4206e-21)
(0.0681225 3.46868e-05 0)
(0.0683494 5.96449e-05 0)
(0.0685455 8.4829e-05 0)
(0.06871 0.000110282 0)
(0.0688423 0.000135894 0)
(0.0689416 0.00016185 0)
(0.0690069 0.000187866 0)
(0.0690381 0.000214164 0)
(0.0690337 0.000240545 2.04281e-21)
(0.0689937 0.000267182 1.99138e-21)
(0.0689166 0.000293778 0)
(0.0688028 0.000320563 0)
(0.0686509 0.000347347 0)
(0.0684606 0.000374286 1.76467e-21)
(0.0682312 0.000401123 0)
(0.0679625 0.000428148 0)
(0.0676533 0.000455015 0)
(0.067304 0.000481951 0)
(0.0669134 0.000508784 -1.4307e-21)
(0.0664817 0.0005356 0)
(0.0660082 0.000562261 0)
(0.0654928 0.000588881 1.20053e-21)
(0.064935 0.000615252 -1.1184e-21)
(0.0643352 0.000641515 0)
(0.0636925 0.000667503 -9.45475e-22)
(0.0630078 0.000693248 0)
(0.0622804 0.000718742 7.60314e-22)
(0.0615106 0.000743893 0)
(0.0606986 0.000768615 0)
(0.0598448 0.000792962 0)
(0.0589492 0.000816874 0)
(0.0580122 0.000840278 0)
(0.0570341 0.000863233 -2.43624e-22)
(0.0560167 0.000885552 -3.67187e-24)
(0.0549642 0.000907257 0)
(0.0538751 0.000928373 0)
(0.0527415 0.000948404 0)
(0.0515843 0.000968619 -1.04617e-21)
(0.0503711 0.000987378 0)
(0.049147 0.00100584 0)
(0.0478627 0.00102334 0)
(0.0465675 0.00103994 -2.26071e-21)
(0.0452302 0.00105607 2.59387e-21)
(0.0438691 0.00107129 0)
(0.0424797 0.00108599 0)
(0.0410651 0.00109969 3.67753e-21)
(0.0396259 0.00111263 4.06958e-21)
(0.0381623 0.00112472 0)
(0.0366772 0.00113623 0)
(0.0351719 0.00114697 -5.35405e-21)
(0.0336487 0.0011571 5.82303e-21)
(0.0321093 0.00116666 0)
(0.0305553 0.00117574 0)
(0.0289884 0.00118435 7.37657e-21)
(0.0274103 0.00119255 0)
(0.0258221 0.00120035 0)
(0.0242256 0.00120772 9.19988e-21)
(0.0226225 0.00121477 0)
(0.021014 0.0012215 1.06074e-20)
(0.0194018 0.00122803 0)
(0.0177872 0.00123444 0)
(0.0161716 0.00124084 0)
(0.014556 0.00124729 -1.40558e-20)
(0.0129419 0.00125397 0)
(0.0113301 0.00126095 0)
(0.00972154 0.00126844 0)
(0.00811721 0.00127667 0)
(0.00651782 0.00128673 0)
(0.00492346 0.00129914 0)
(0.0033344 0.0013133 -2.37154e-20)
(0.00175129 0.00132736 -2.57658e-20)
(0.000173968 0.00133041 0)
(-0.0013979 0.00130676 0)
(-0.002961 0.00126712 0)
(-0.0045118 0.00122618 2.43343e-20)
(-0.00604765 0.00118521 0)
(-0.00756314 0.00114252 -4.46781e-20)
(-0.00905096 0.00109475 4.30149e-20)
(-0.0104913 0.00103816 4.15523e-20)
(-0.0118772 0.000956188 -4.02991e-20)
(-0.0130631 0.000848577 3.92904e-20)
(-0.0143167 0.000625804 -3.86442e-20)
(-0.0138633 0.000125637 0)
(-0.0162522 0.000329516 -2.39093e-18)
(-0.0199446 -0.000135229 -2.22722e-18)
(-0.0236198 -0.000619135 -3.00927e-36)
(-0.0270932 -0.0010406 -3.94128e-18)
(-0.0306305 -0.00144586 -7.4533e-18)
(-0.0343327 -0.0018523 -3.53123e-18)
(-0.038211 -0.00226489 3.34982e-18)
(-0.0422911 -0.00269099 -2.40741e-35)
(-0.0466158 -0.00313752 3.00927e-36)
(-0.0512108 -0.00360923 2.87342e-18)
(-0.0561036 -0.00411047 2.73069e-18)
(-0.0613283 -0.00464528 6.01853e-36)
(-0.066923 -0.00521784 0)
(-0.0729237 -0.00583269 0)
(-0.0794043 -0.00649529 -9.68607e-36)
(-0.0863526 -0.00720924 -2.35099e-35)
(-0.0940066 -0.00798687 3.91205e-35)
(-0.102075 -0.00882342 -3.5806e-18)
(-0.11141 -0.00974866 -3.29169e-18)
(-0.120725 -0.0107491 1.20371e-35)
(-0.132667 -0.011836 5.26777e-18)
(-0.143205 -0.0131248 8.88788e-18)
(-0.160709 -0.0143365 -6.01853e-36)
(-0.168694 -0.016122 -4.36913e-18)
(-0.205153 -0.0171604 -1.50463e-35)
)
;
    }
    frontAndBack
    {
        type            empty;
    }
}


// ************************************************************************* //
