/*--------------------------------*- C++ -*----------------------------------*\
  =========                 |
  \\      /  F ield         | OpenFOAM: The Open Source CFD Toolbox
   \\    /   O peration     | Website:  https://openfoam.org
    \\  /    A nd           | Version:  8
     \\/     M anipulation  |
\*---------------------------------------------------------------------------*/
FoamFile
{
    version     2.0;
    format      ascii;
    class       volVectorField;
    location    "200";
    object      wallShearStress;
}
// * * * * * * * * * * * * * * * * * * * * * * * * * * * * * * * * * * * * * //

dimensions      [0 2 -2 0 0 0 0];

internalField   uniform (0 0 0);

boundaryField
{
    inlet
    {
        type            calculated;
        value           uniform (0 0 0);
    }
    outlet
    {
        type            calculated;
        value           uniform (0 0 0);
    }
    upperWall
    {
        type            calculated;
        value           nonuniform List<vector> 
223
(
(-0.582193 -0.392359 0)
(-0.977814 -0.219377 0)
(-0.939337 -0.0567757 0)
(-0.810723 -0.00585837 0)
(-0.734607 0.0033151 0)
(-0.695441 0.00232325 0)
(-0.670839 0.00046289 0)
(-0.653334 -0.00138462 0)
(-0.640366 -0.0025765 0)
(-0.629665 -0.00215562 0)
(-0.619813 -0.00136305 0)
(-0.610867 -0.00126831 0)
(-0.60297 -0.00136934 0)
(-0.59627 -0.0012345 0)
(-0.590802 -0.00119736 0)
(-0.585371 8.82002e-05 0)
(-0.579717 0.00205065 0)
(-0.57444 0.00156719 0)
(-0.570792 0.000731974 0)
(-0.568037 0.00121219 4.3023e-22)
(-0.564967 0.00213226 0)
(-0.561948 0.00293172 0)
(-0.558913 0.00401556 0)
(-0.555719 0.00466443 4.63936e-22)
(-0.552557 0.00449396 0)
(-0.549561 0.00402732 0)
(-0.546693 0.00346647 0)
(-0.543943 0.00291894 -9.66655e-22)
(-0.541275 0.0024657 9.77297e-22)
(-0.538642 0.002116 9.88332e-22)
(-0.536023 0.00184553 0)
(-0.533407 0.00163865 -1.01118e-21)
(-0.530786 0.00147978 0)
(-0.528157 0.00135837 1.03493e-21)
(-0.525516 0.00126429 1.04707e-21)
(-0.522862 0.00119208 -1.05938e-21)
(-0.520193 0.00113602 0)
(-0.517509 0.00109264 0)
(-0.51481 0.00105952 0)
(-0.512091 0.0010347 0)
(-0.509351 0.00101657 -1.1224e-21)
(-0.506587 0.00100412 0)
(-0.503796 0.000996339 0)
(-0.500975 0.00099259 1.16047e-21)
(-0.49812 0.000992394 0)
(-0.495228 0.00099515 1.18541e-21)
(-0.492294 0.00100063 -1.19764e-21)
(-0.489314 0.00100837 1.20963e-21)
(-0.486288 0.00101716 0)
(-0.483214 0.00102695 0)
(-0.480088 0.00103681 0)
(-0.476911 0.00104636 1.25444e-21)
(-0.473689 0.00105386 -1.26466e-21)
(-0.470433 0.00105987 0)
(-0.467156 0.00106523 0)
(-0.463874 0.00107066 0)
(-0.460599 0.00107535 0)
(-0.457334 0.00107807 0)
(-0.454083 0.00107814 0)
(-0.45084 0.00107547 0)
(-0.447598 0.00107092 0)
(-0.444347 0.00106534 1.31575e-21)
(-0.441076 0.00105971 -1.31598e-21)
(-0.437776 0.00105503 0)
(-0.434435 0.00105223 0)
(-0.431042 0.0010516 0)
(-0.427586 0.00105311 -1.30526e-21)
(-0.424061 0.00105662 0)
(-0.420459 0.00106192 0)
(-0.416774 0.0010686 0)
(-0.413001 0.00107631 0)
(-0.409137 0.00108468 0)
(-0.405179 0.00109318 -2.50057e-21)
(-0.401127 0.00110104 0)
(-0.396982 0.00110779 0)
(-0.392746 0.00111327 0)
(-0.388423 0.00111699 0)
(-0.384022 0.00111888 0)
(-0.379553 0.00111876 0)
(-0.375028 0.00111649 0)
(-0.370459 0.00111169 2.18549e-21)
(-0.365856 0.00110429 0)
(-0.361227 0.00109427 0)
(-0.356576 0.0010819 0)
(-0.351905 0.00106758 -1.94492e-21)
(-0.347215 0.0010518 0)
(-0.342505 0.00103515 -1.80363e-21)
(-0.337771 0.00101826 0)
(-0.333008 0.00100189 0)
(-0.32821 0.000986745 0)
(-0.323371 0.000974548 -1.48126e-21)
(-0.319184 0.00097243 0)
(-0.316561 0.000983925 1.31398e-21)
(-0.313854 0.000999163 1.22877e-21)
(-0.311067 0.00101461 0)
(-0.308206 0.00102828 1.04713e-21)
(-0.305282 0.00103962 0)
(-0.302307 0.00104877 0)
(-0.299295 0.00105652 0)
(-0.296259 0.00106441 -6.32374e-22)
(-0.293212 0.00107367 0)
(-0.290165 0.00108409 -3.97229e-22)
(-0.287135 0.00109249 2.72397e-22)
(-0.28413 0.00110461 0)
(-0.281164 0.0011044 0)
(-0.278236 0.00110429 0)
(-0.27537 0.00109972 0)
(-0.272558 0.00107781 0)
(-0.26981 0.00110576 0)
(-0.267184 0.0010921 0)
(-0.264614 0.00128033 8.92618e-22)
(-0.262162 0.00145439 0)
(-0.25969 0.00101863 0)
(-0.257179 0.000555743 0)
(-0.254813 0.000596652 0)
(-0.252569 0.000872101 0)
(-0.250414 0.0011277 0)
(-0.248318 0.000913926 0)
(-0.246136 0.000530031 0)
(-0.244013 0.000615462 0)
(-0.241756 0.000721181 0)
(-0.239622 0.000757309 0)
(-0.237569 0.000821646 0)
(-0.235506 0.000683305 6.65602e-21)
(-0.233712 0.000488878 0)
(-0.232143 0.000415888 0)
(-0.230909 0.000470069 0)
(-0.229557 0.00072679 -8.20748e-21)
(-0.228028 0.000846937 0)
(-0.226498 0.000793782 0)
(-0.224965 0.00106778 -9.45008e-21)
(-0.223448 0.00130953 0)
(-0.221954 0.0013514 1.02941e-20)
(-0.220619 0.000752895 0)
(-0.218801 3.72182e-05 0)
(-0.217354 0.00011056 0)
(-0.215844 0.000237218 -1.21537e-20)
(-0.214658 0.000270706 0)
(-0.213497 0.000468357 1.29992e-20)
(-0.212408 0.000538327 0)
(-0.211343 0.000588651 0)
(-0.210342 0.000632889 0)
(-0.208983 0.000768719 0)
(-0.208429 0.00100098 0)
(-0.207495 0.000890001 0)
(-0.206774 0.000825185 0)
(-0.205345 0.000705262 0)
(-0.204416 0.000584238 0)
(-0.204033 0.000622011 0)
(-0.203075 0.000374628 0)
(-0.202135 0.000292016 1.81931e-20)
(-0.20112 0.000452038 -1.86235e-20)
(-0.200593 0.000417083 0)
(-0.200374 0.000476265 0)
(-0.199595 0.000285767 0)
(-0.198308 0.000240379 0)
(-0.197442 0.000383904 -2.07755e-20)
(-0.196689 0.000269365 2.12145e-20)
(-0.196525 0.000296577 -2.14745e-20)
(-0.195682 0.000385629 0)
(-0.195226 -0.000213577 -2.24017e-20)
(-0.194141 -0.000599711 -4.619e-20)
(-0.192965 -0.000283997 0)
(-0.192096 -0.000198716 -4.80194e-20)
(-0.192045 -7.03919e-05 4.84611e-20)
(-0.191757 5.15487e-05 0)
(-0.191396 0.000122912 0)
(-0.190715 0.000147102 0)
(-0.190688 0.000157102 0)
(-0.189884 0.000230804 0)
(-0.189212 0.000272542 -5.39266e-20)
(-0.188386 0.000218707 0)
(-0.188458 0.000247379 -5.55731e-20)
(-0.18705 0.000313199 0)
(-0.186283 0.00020829 0)
(-0.186142 0.000189642 0)
(-0.185733 0.000211589 0)
(-0.185472 0.000267343 0)
(-0.184405 0.000320271 6.21559e-20)
(-0.183971 0.000251059 0)
(-0.183833 0.000258585 0)
(-0.183148 0.000322262 -6.50185e-20)
(-0.182751 0.000332729 0)
(-0.181828 0.000315865 0)
(-0.181087 0.000289749 0)
(-0.180311 0.0004479 6.97231e-20)
(-0.178154 0.000534129 0)
(-0.175759 0.000434415 0)
(-0.174282 0.000414392 0)
(-0.172445 0.000471428 0)
(-0.170436 0.000465236 -7.88433e-20)
(-0.168527 0.00058772 0)
(-0.165108 0.000773709 0)
(-0.161243 0.00080331 0)
(-0.157979 0.000957917 8.90199e-20)
(-0.151303 0.00145284 0)
(-0.145393 0.00252378 0)
(-0.120821 0.00260298 -1.091e-19)
(-0.138462 0.00674161 6.01853e-36)
(-0.166493 0.0130006 1.2686e-17)
(-0.183548 0.0167991 2.39484e-17)
(-0.189834 0.0185867 2.30522e-17)
(-0.192834 0.0193676 2.24283e-17)
(-0.196353 0.0198536 2.16358e-17)
(-0.20121 0.0205119 -2.0553e-17)
(-0.205741 0.0211386 -1.97998e-17)
(-0.209397 0.0214577 0)
(-0.214055 0.0215295 -3.71338e-17)
(-0.216841 0.0217596 -1.82833e-17)
(-0.221505 0.0223577 3.37038e-34)
(-0.224471 0.0225824 -1.20371e-35)
(-0.22736 0.0230195 -3.27798e-17)
(-0.230905 0.0234628 -3.12515e-17)
(-0.238547 0.0243654 -2.87674e-17)
(-0.245871 0.0250921 -4.81482e-35)
(-0.253237 0.0256943 4.98341e-17)
(-0.261304 0.0263676 2.27402e-17)
(-0.269599 0.0271379 1.20371e-35)
(-0.27914 0.0279982 -3.51547e-17)
(-0.288443 0.0286414 -1.52838e-20)
(-0.297284 0.0292568 0)
(-0.3003 0.0298931 1.41102e-17)
(-0.32719 0.031614 -7.54152e-18)
)
;
    }
    lowerWall
    {
        type            calculated;
        value           nonuniform List<vector> 
250
(
(-0.653909 0.466638 0)
(-1.14095 0.204679 0)
(-1.03493 0.0379599 0)
(-0.8696 -0.000934883 0)
(-0.78698 -0.00419049 0)
(-0.746123 -0.00160676 0)
(-0.719949 0.000402177 0)
(-0.700653 -0.000604042 0)
(-0.684917 -0.0038735 0)
(-0.670969 -0.00442558 0)
(-0.658489 -0.00266956 0)
(-0.647266 -0.000638525 0)
(-0.637096 0.00146631 0)
(-0.627931 0.0020912 0)
(-0.619259 0.000719408 0)
(-0.611542 0.000151529 0)
(-0.604665 0.00107789 0)
(-0.60515 0.00200482 0)
(-0.00415035 -0.0233106 0)
(-0.00277068 -0.0182749 0)
(-0.000779263 -0.0151641 0)
(0.0017577 -0.0144259 9.0109e-20)
(0.00500709 -0.0156994 -7.94327e-20)
(0.00865525 -0.0212185 6.41813e-20)
(0.0123329 -0.020351 -4.99436e-20)
(0.0251359 -0.0638474 0)
(-0.0855291 -0.144674 0)
(0.00114381 -0.00391108 0)
(-0.00756539 0.00900295 0)
(-0.00865762 0.0324402 0)
(-0.00279567 0.0448586 -0)
(0.00272334 0.0447033 1.85213e-20)
(0.00594312 0.0368147 -1.9146e-20)
(0.00791174 0.0252606 0)
(0.00916878 0.0115293 -5.34925e-20)
(0.00926863 -0.0024793 6.29139e-20)
(0.0079045 -0.0156952 0)
(0.0061587 -0.0273924 0)
(0.00442715 -0.0367937 0)
(0.00275746 -0.0434837 0)
(0.00110271 -0.047376 0)
(-0.000707066 -0.0483153 0)
(-0.00259656 -0.0455962 0)
(-0.00414141 -0.0395498 0)
(-0.00472827 -0.0309514 0)
(0.00136645 -0.00161894 0)
(0.00141439 0.00648543 0)
(-0.00439665 0.00960926 0)
(-0.00949419 0.00980373 0)
(-0.0133277 0.00838459 0)
(-0.0158939 0.00634085 0)
(-0.0173329 0.0042096 1.50359e-21)
(-0.0179068 0.00212191 -1.52976e-21)
(-0.0175297 0.000105959 0)
(-0.0163162 -0.00160749 -1.65126e-21)
(-0.0144863 -0.00281955 0)
(-0.0123383 -0.0033544 0)
(-0.0102769 -0.00315475 -0)
(-0.00869251 -0.00241027 2.57173e-21)
(-0.00770832 -0.00150902 0)
(-0.00705574 -0.000834097 0)
(-0.00631924 -0.000569253 -3.33405e-21)
(-0.00526816 -0.000835368 0)
(-0.00380976 -0.00195405 0)
(-0.00128404 -0.00442332 0)
(0.00319688 -0.00691659 3.48096e-21)
(0.00865109 -0.00859625 0)
(0.0144988 -0.0096584 1.58726e-21)
(0.0205194 -0.01038 0)
(0.0266481 -0.0110828 -0)
(0.0329356 -0.0114385 8.78267e-22)
(0.0391172 -0.0113529 0)
(0.046798 -0.0114396 -7.59872e-22)
(0.0565308 -0.0116696 -0)
(0.0662154 -0.0115587 7.74866e-22)
(0.0756536 -0.0111914 0)
(0.084681 -0.0106391 0)
(0.0931972 -0.00996645 0)
(0.101137 -0.009226 -0)
(0.10847 -0.00845688 0)
(0.115191 -0.00768921 -8.13873e-22)
(0.121311 -0.00694167 -0)
(0.126853 -0.00622561 1.63838e-21)
(0.131844 -0.00554583 0)
(0.136313 -0.00490364 -1.64043e-21)
(0.140287 -0.0042973 -0)
(0.143792 -0.0037244 -0)
(0.14685 -0.00318142 1.62734e-21)
(0.149482 -0.00266597 0)
(0.151703 -0.00217575 1.60804e-21)
(0.153527 -0.00171039 -1.5953e-21)
(0.154965 -0.00127088 -0)
(0.156028 -0.000861928 -1.56393e-21)
(0.15673 -0.000490589 -1.54555e-21)
(0.15708 -0.000168893 -0)
(0.157093 8.35811e-05 0)
(0.156891 0.000280012 0)
(0.156471 0.000454504 0)
(0.155849 0.000614144 -0)
(0.155035 0.000762507 1.39271e-21)
(0.154036 0.000902942 0)
(0.152859 0.00103501 -1.32707e-21)
(0.15151 0.00115932 -0)
(0.149997 0.00127625 -0)
(0.148327 0.00138557 1.21599e-21)
(0.146505 0.00148771 0)
(0.14454 0.00158242 -1.13425e-21)
(0.14244 0.00166972 -0)
(0.14021 0.00174978 0)
(0.13786 0.00182249 -0)
(0.135397 0.00188787 9.54852e-22)
(0.13283 0.0019459 0)
(0.130166 0.00199694 -0)
(0.127414 0.00204094 8.08655e-22)
(0.124582 0.00207828 0)
(0.121678 0.0021087 7.06758e-22)
(0.118711 0.00213288 0)
(0.115689 0.00215059 0)
(0.11262 0.00216244 0)
(0.109511 0.00216817 -4.94844e-22)
(0.106371 0.00216862 -0)
(0.103206 0.0021635 0)
(0.100025 0.00215354 -3.30776e-22)
(0.0968331 0.00213845 -2.75395e-22)
(0.0936382 0.00211911 -0)
(0.0904468 0.00209518 -1.63883e-22)
(0.0872648 0.00206767 -0)
(0.0840983 0.00203608 -1.03237e-22)
(0.0809534 0.00200146 -0)
(0.0778357 0.00196349 1.22297e-22)
(0.0747502 0.00192331 0)
(0.0717022 0.00188079 -3.48521e-22)
(0.0686936 0.00183744 -0)
(0.0657272 0.00179306 0)
(0.062805 0.00174796 -0)
(0.0599338 0.00170322 8.03664e-22)
(0.0571188 0.00166012 0)
(0.0543608 0.00162124 -1.03274e-21)
(0.0516583 0.0015891 -0)
(0.0490129 0.00156084 1.26396e-21)
(0.0466722 0.00155344 1.38845e-21)
(0.0451413 0.00157843 1.54079e-21)
(0.0436103 0.00159178 0)
(0.0420838 0.00159131 0)
(0.0405693 0.00157492 0)
(0.0390692 0.00155249 0)
(0.0375829 0.00152892 0)
(0.0361098 0.00150498 0)
(0.0346502 0.00148125 0)
(0.0332048 0.0014573 0)
(0.0317743 0.00143359 -3.28339e-21)
(0.0303593 0.00141 -3.53533e-21)
(0.0289602 0.00138704 0)
(0.0275774 0.00136462 0)
(0.0262111 0.00134278 0)
(0.0248622 0.00132034 -4.72078e-21)
(0.0235311 0.00129679 0)
(0.0222192 0.00127306 0)
(0.0209261 0.00125006 0)
(0.019652 0.00122743 0)
(0.0183973 0.0012054 6.76936e-21)
(0.0171618 0.00118393 0)
(0.0159458 0.00116313 0)
(0.0147494 0.00114311 -8.48255e-21)
(0.0135727 0.00112395 9.17165e-21)
(0.0124155 0.0011058 0)
(0.011278 0.00108872 1.07872e-20)
(0.0101602 0.00107321 0)
(0.009062 0.00105971 -1.28202e-20)
(0.00798327 0.00104928 0)
(0.00692363 0.00104246 0)
(0.00588246 0.00103872 0)
(0.00485974 0.00103704 0)
(0.00385502 0.00103799 0)
(0.00286796 0.00104151 4.79963e-20)
(0.00189896 0.00104764 5.47138e-20)
(0.000949314 0.00105358 0)
(1.68383e-05 0.00104406 0)
(-0.000905158 0.00100403 0)
(-0.00181389 0.000950852 -5.83491e-20)
(-0.00270692 0.000899665 0)
(-0.00358318 0.000853154 0)
(-0.00444222 0.000811052 0)
(-0.00528512 0.000773051 -4.27538e-20)
(-0.00611301 0.000738319 4.03228e-20)
(-0.00692664 0.000706438 0)
(-0.00772591 0.00067672 0)
(-0.00851084 0.000649176 3.48146e-20)
(-0.00928155 0.000623434 3.34071e-20)
(-0.0100386 0.000599525 0)
(-0.0107824 0.000577019 0)
(-0.0115134 0.000555962 -3.00274e-20)
(-0.0122318 0.000536103 2.91177e-20)
(-0.0129384 0.000517542 0)
(-0.0136343 0.000500049 0)
(-0.0143202 0.000483506 2.68454e-20)
(-0.0149966 0.000467764 0)
(-0.0156638 0.000452863 0)
(-0.016322 0.000438711 2.50764e-20)
(-0.0169717 0.000425332 0)
(-0.0176135 0.00041266 2.40995e-20)
(-0.0182477 0.000400702 0)
(-0.018875 0.000389389 0)
(-0.0194958 0.000378762 0)
(-0.0201105 0.000368725 -2.24958e-20)
(-0.0207198 0.000359292 0)
(-0.021324 0.000350328 0)
(-0.0219234 0.000341934 0)
(-0.022519 0.000333949 0)
(-0.0231104 0.000326275 0)
(-0.0236979 0.000318845 0)
(-0.0242816 0.000311474 -2.04269e-20)
(-0.024861 0.000303929 -2.01862e-20)
(-0.0254352 0.000296016 0)
(-0.0260032 0.000287263 0)
(-0.0265625 0.000277145 0)
(-0.0271096 0.000264906 1.93553e-20)
(-0.0276396 0.000249426 0)
(-0.0281444 0.000229143 -3.80931e-20)
(-0.0286138 0.0002002 3.78733e-20)
(-0.0290205 0.00016026 3.77449e-20)
(-0.029363 8.66915e-05 -3.77753e-20)
(-0.029465 -3.00158e-05 3.79407e-20)
(-0.029503 -0.00034934 -3.82937e-20)
(-0.0279826 -0.000612341 0)
(-0.0293629 -0.000517326 -2.42347e-18)
(-0.0327959 -0.00135331 -2.2619e-18)
(-0.0364562 -0.00204449 0)
(-0.0395769 -0.00258862 -4.05016e-18)
(-0.0425226 -0.00303465 -7.74336e-18)
(-0.0455935 -0.00344754 -3.71421e-18)
(-0.0488153 -0.00385396 3.56244e-18)
(-0.0521441 -0.00431427 -4.21297e-35)
(-0.0556253 -0.00477151 3.00927e-36)
(-0.0593096 -0.00509702 3.145e-18)
(-0.0632348 -0.00540262 3.02818e-18)
(-0.0674085 -0.0057915 3.00927e-36)
(-0.0718678 -0.00622633 0)
(-0.0766604 -0.00668941 0)
(-0.0818322 -0.00718652 -8.46356e-35)
(-0.0874348 -0.00772991 1.75384e-35)
(-0.0935351 -0.00832894 3.91205e-35)
(-0.100186 -0.0089872 -4.15863e-18)
(-0.107523 -0.00970442 -3.81169e-18)
(-0.11643 -0.0105812 6.01853e-36)
(-0.127183 -0.0115807 6.12436e-18)
(-0.137983 -0.0126807 1.03213e-17)
(-0.153101 -0.0138728 1.20371e-35)
(-0.162286 -0.0152289 -5.07256e-18)
(-0.191069 -0.0169168 -9.0278e-36)
)
;
    }
    frontAndBack
    {
        type            empty;
    }
}


// ************************************************************************* //
