/*--------------------------------*- C++ -*----------------------------------*\
  =========                 |
  \\      /  F ield         | OpenFOAM: The Open Source CFD Toolbox
   \\    /   O peration     | Website:  https://openfoam.org
    \\  /    A nd           | Version:  8
     \\/     M anipulation  |
\*---------------------------------------------------------------------------*/
FoamFile
{
    version     2.0;
    format      ascii;
    class       volVectorField;
    location    "3800";
    object      wallShearStress;
}
// * * * * * * * * * * * * * * * * * * * * * * * * * * * * * * * * * * * * * //

dimensions      [0 2 -2 0 0 0 0];

internalField   uniform (0 0 0);

boundaryField
{
    inlet
    {
        type            calculated;
        value           uniform (0 0 0);
    }
    outlet
    {
        type            calculated;
        value           uniform (0 0 0);
    }
    upperWall
    {
        type            calculated;
        value           nonuniform List<vector> 
223
(
(-0.582193 -0.392359 0)
(-0.977814 -0.219377 0)
(-0.939335 -0.0567745 0)
(-0.81071 -0.00585769 0)
(-0.734594 0.00331376 0)
(-0.695452 0.00231587 0)
(-0.670933 0.000424664 0)
(-0.653501 -0.00144912 0)
(-0.640532 -0.00256311 0)
(-0.62982 -0.00218421 0)
(-0.620055 -0.00129929 0)
(-0.610958 -0.00107189 0)
(-0.602982 -0.00136737 0)
(-0.596119 -0.00127087 0)
(-0.590139 -0.00102007 0)
(-0.584898 -0.00063999 0)
(-0.580005 0.000437104 0)
(-0.574989 0.00184853 0)
(-0.570715 0.00322873 0)
(-0.567111 0.00293749 4.25919e-22)
(-0.564066 0.00128415 0)
(-0.561624 0.00102545 0)
(-0.558856 0.00124037 0)
(-0.556026 0.00253589 4.48951e-22)
(-0.552789 0.00346946 0)
(-0.54964 0.00363833 0)
(-0.546774 0.00382546 0)
(-0.54383 0.00384583 -9.40661e-22)
(-0.540977 0.0037885 9.52016e-22)
(-0.538183 0.00337658 9.62131e-22)
(-0.535522 0.00297941 0)
(-0.532894 0.00262057 -9.83205e-22)
(-0.530279 0.00228499 0)
(-0.527675 0.00202458 1.00487e-21)
(-0.525058 0.00180597 1.0162e-21)
(-0.522426 0.00163251 -1.02807e-21)
(-0.519775 0.00149058 0)
(-0.517109 0.00137609 0)
(-0.514425 0.0012861 0)
(-0.511715 0.00121619 0)
(-0.508975 0.00116209 -1.09118e-21)
(-0.506205 0.00112056 0)
(-0.503401 0.0010896 0)
(-0.50056 0.00106726 1.13103e-21)
(-0.49768 0.00105212 0)
(-0.494757 0.00104312 1.15739e-21)
(-0.49179 0.00103923 -1.17036e-21)
(-0.488772 0.00103957 1.1831e-21)
(-0.485703 0.00104321 0)
(-0.48258 0.00104939 0)
(-0.4794 0.00105697 0)
(-0.476167 0.00106436 1.23073e-21)
(-0.472886 0.00107053 -1.24141e-21)
(-0.469569 0.00107565 0)
(-0.46623 0.00108069 0)
(-0.462885 0.00108607 0)
(-0.459544 0.00109091 0)
(-0.456212 0.00109389 0)
(-0.452891 0.00109436 0)
(-0.449575 0.00109231 0)
(-0.446258 0.0010884 0)
(-0.442928 0.00108362 1.29209e-21)
(-0.439575 0.00107912 -1.29188e-21)
(-0.436187 0.00107583 0)
(-0.432754 0.00107432 0)
(-0.429265 0.00107478 0)
(-0.425711 0.00107727 -1.27853e-21)
(-0.422084 0.00108176 0)
(-0.418377 0.00108786 0)
(-0.414584 0.00109522 0)
(-0.410701 0.00110351 0)
(-0.406725 0.00111224 0)
(-0.402653 0.00112084 -2.43475e-21)
(-0.398485 0.00112884 0)
(-0.394222 0.00113571 0)
(-0.389867 0.00114085 0)
(-0.385425 0.00114407 0)
(-0.380907 0.00114533 0)
(-0.376321 0.00114446 0)
(-0.371682 0.00114123 0)
(-0.367001 0.00113528 2.09567e-21)
(-0.362288 0.00112646 0)
(-0.357551 0.00111492 0)
(-0.352795 0.00110103 0)
(-0.348022 0.00108527 -1.83998e-21)
(-0.343231 0.00106809 0)
(-0.338423 0.00105026 -1.69053e-21)
(-0.333591 0.0010324 0)
(-0.328732 0.00101531 0)
(-0.323837 0.000999794 0)
(-0.319025 0.000991969 -1.35129e-21)
(-0.316385 0.00100116 0)
(-0.31366 0.00101505 1.1808e-21)
(-0.310855 0.00102966 1.0901e-21)
(-0.307976 0.00104287 0)
(-0.305031 0.00105376 8.96386e-22)
(-0.302034 0.00106262 0)
(-0.298997 0.0010697 0)
(-0.295935 0.00107771 0)
(-0.292864 0.00108303 -4.54884e-22)
(-0.289792 0.00109806 0)
(-0.286742 0.00109733 -2.05382e-22)
(-0.28371 0.00110393 7.34024e-23)
(-0.280729 0.00112467 0)
(-0.277789 0.0011018 0)
(-0.274905 0.00110344 0)
(-0.2721 0.00110366 0)
(-0.26935 0.0010807 0)
(-0.266719 0.00108709 0)
(-0.264097 0.00122392 0)
(-0.261658 0.00115555 1.14417e-21)
(-0.259262 0.000817797 0)
(-0.256842 0.000746849 0)
(-0.254542 0.000982355 0)
(-0.252422 0.000899871 0)
(-0.250247 0.00115782 0)
(-0.248444 0.00155232 0)
(-0.246724 0.00102088 0)
(-0.244745 0.000967283 0)
(-0.243166 0.00106829 0)
(-0.241376 0.00105413 0)
(-0.239801 0.00105752 0)
(-0.237954 0.0008991 0)
(-0.236371 0.00105911 7.11418e-21)
(-0.234545 0.000444473 0)
(-0.232533 -0.000200407 0)
(-0.230554 -0.000104498 0)
(-0.228815 9.10442e-05 -8.84848e-21)
(-0.227223 0.00029069 0)
(-0.225868 0.000438109 0)
(-0.224422 0.000476014 -1.0073e-20)
(-0.223068 0.000431694 0)
(-0.221657 0.000623023 1.09006e-20)
(-0.220175 0.000649574 0)
(-0.218874 0.000650291 0)
(-0.217531 0.000663438 0)
(-0.21597 0.000923501 -1.26164e-20)
(-0.21509 0.00115022 0)
(-0.214264 0.000729333 1.3321e-20)
(-0.213367 0.000354015 0)
(-0.212078 0.000612554 0)
(-0.211255 0.000903321 0)
(-0.210254 0.000697171 0)
(-0.209404 0.000665655 0)
(-0.208712 7.42317e-05 0)
(-0.207324 -0.000454141 0)
(-0.206149 -0.000223549 0)
(-0.205276 -4.20534e-05 0)
(-0.204427 0.000200199 0)
(-0.203641 0.000272492 0)
(-0.203 0.000231168 1.84694e-20)
(-0.202434 0.000686427 -1.88156e-20)
(-0.201789 0.000755539 0)
(-0.201348 0.00067282 0)
(-0.200619 0.000626738 0)
(-0.200084 0.000507934 0)
(-0.199637 0.000588955 -2.08294e-20)
(-0.199247 0.000374698 2.12081e-20)
(-0.199095 0.000361142 -2.15617e-20)
(-0.198278 0.00020056 0)
(-0.197606 0.000217537 -2.25358e-20)
(-0.197269 0.000422692 -4.57267e-20)
(-0.196765 0.000363335 0)
(-0.196505 -0.000191225 -4.7298e-20)
(-0.195502 -0.000582623 4.87051e-20)
(-0.194675 -0.000264234 0)
(-0.194264 -3.39811e-05 0)
(-0.193849 -6.6581e-07 0)
(-0.193763 1.5718e-05 0)
(-0.192986 0.00011751 0)
(-0.192579 0.000235948 -5.34532e-20)
(-0.19192 0.000251613 0)
(-0.191755 0.000306606 -5.50538e-20)
(-0.191439 0.000623202 0)
(-0.190899 0.000397707 0)
(-0.190068 -1.22849e-05 0)
(-0.189414 4.08309e-05 0)
(-0.189292 0.000245838 0)
(-0.188444 0.000310207 6.11196e-20)
(-0.188188 0.000400816 0)
(-0.187555 0.000613592 0)
(-0.186935 0.000711988 -6.3857e-20)
(-0.186735 0.000629799 0)
(-0.18615 0.000536484 0)
(-0.184993 0.000521274 0)
(-0.184286 3.33187e-05 6.83606e-20)
(-0.182502 -0.000177105 0)
(-0.180586 6.1945e-05 0)
(-0.179274 0.000225072 0)
(-0.177169 0.000386404 0)
(-0.174736 0.000438603 -7.76104e-20)
(-0.17255 0.000505245 0)
(-0.169637 0.000614516 0)
(-0.166219 0.000808706 0)
(-0.161066 0.0010755 8.87801e-20)
(-0.153954 0.00136165 0)
(-0.147245 0.00226714 0)
(-0.122847 0.00232034 -1.0773e-19)
(-0.140592 0.00687422 0)
(-0.169265 0.0134801 1.24493e-17)
(-0.186945 0.0172731 2.34866e-17)
(-0.193419 0.0189968 2.26832e-17)
(-0.196998 0.0197792 2.19521e-17)
(-0.200951 0.0203785 2.11602e-17)
(-0.205399 0.0210458 -2.02467e-17)
(-0.209647 0.0215451 -1.95261e-17)
(-0.213847 0.0218892 -6.01853e-36)
(-0.218087 0.0220298 -3.6658e-17)
(-0.220228 0.0221898 -1.8075e-17)
(-0.224695 0.0227276 7.40279e-34)
(-0.227504 0.0229087 -1.20371e-35)
(-0.231079 0.0233648 -3.2267e-17)
(-0.235465 0.0239502 -3.06533e-17)
(-0.242448 0.024798 -2.8462e-17)
(-0.249627 0.0254571 0)
(-0.256937 0.0260709 4.93989e-17)
(-0.263938 0.026657 2.26549e-17)
(-0.27172 0.0273469 3.61112e-35)
(-0.281085 0.0281719 -3.51279e-17)
(-0.290389 0.0289016 -1.52847e-20)
(-0.300209 0.0295024 0)
(-0.305085 0.0304944 1.34159e-17)
(-0.332329 0.0321456 -7.64401e-18)
)
;
    }
    lowerWall
    {
        type            calculated;
        value           nonuniform List<vector> 
250
(
(-0.653909 0.466638 0)
(-1.14095 0.204678 0)
(-1.03492 0.0379587 0)
(-0.869573 -0.000935979 0)
(-0.786941 -0.00419161 0)
(-0.746063 -0.0016078 0)
(-0.719879 0.000416221 0)
(-0.700646 -0.000651764 0)
(-0.685089 -0.00405599 0)
(-0.671318 -0.0047123 0)
(-0.658933 -0.00298832 0)
(-0.64772 -0.000864336 0)
(-0.637517 0.00142595 0)
(-0.62819 0.00210375 0)
(-0.619322 0.00136777 0)
(-0.611522 0.00135755 0)
(-0.604584 0.00169545 0)
(-0.605065 0.00194557 0)
(-0.00423435 -0.0228272 0)
(-0.00275812 -0.0176418 0)
(-0.000680165 -0.0144904 0)
(0.00193714 -0.0137991 9.02535e-20)
(0.00525427 -0.0152134 -7.86544e-20)
(0.00894972 -0.0208284 6.28526e-20)
(0.0127322 -0.0200739 -4.84747e-20)
(0.025647 -0.0632972 0)
(-0.0839963 -0.144719 0)
(0.000872884 -0.00384082 0)
(-0.00766523 0.00954582 0)
(-0.00851632 0.0328208 0)
(-0.00254983 0.044855 0)
(0.00295294 0.0442615 1.82225e-20)
(0.00618232 0.0360634 -1.89659e-20)
(0.00818684 0.0241615 0)
(0.00946019 0.0101612 -5.42289e-20)
(0.00943142 -0.00404177 6.1144e-20)
(0.00793313 -0.0174218 0)
(0.00614109 -0.0291942 0)
(0.00438163 -0.0385617 0)
(0.00268697 -0.0451386 0)
(0.000986014 -0.0488771 0)
(-0.000886886 -0.0495121 0)
(-0.00281901 -0.0463951 0)
(-0.00439765 -0.0399062 0)
(-0.0049133 -0.0307454 0)
(0.00132857 -0.00151239 0)
(0.00133806 0.00652703 0)
(-0.00450909 0.00961844 0)
(-0.00959706 0.00975637 0)
(-0.013383 0.00829941 0)
(-0.0158892 0.00623513 0)
(-0.0172643 0.00409757 1.49574e-21)
(-0.0177829 0.00200605 -1.52734e-21)
(-0.0173314 -7.08563e-06 0)
(-0.0160538 -0.00168635 -1.65309e-21)
(-0.0141883 -0.00283766 0)
(-0.0120503 -0.00329654 0)
(-0.0100505 -0.00303595 -0)
(-0.00855284 -0.00228031 2.57036e-21)
(-0.00761617 -0.00142305 0)
(-0.00693792 -0.000815827 0)
(-0.00612044 -0.000623392 -3.3783e-21)
(-0.00499287 -0.0010004 0)
(-0.00340857 -0.00238582 0)
(-0.000488827 -0.00505744 0)
(0.00436046 -0.00740355 3.03317e-21)
(0.00994536 -0.0088951 0)
(0.0158464 -0.00984995 1.46917e-21)
(0.0218917 -0.0106169 0)
(0.0280975 -0.0112689 -0)
(0.0344079 -0.0115143 8.4471e-22)
(0.0405404 -0.0113547 0)
(0.0491481 -0.0116032 -7.54045e-22)
(0.058938 -0.0117552 -0)
(0.0686323 -0.0115827 7.70708e-22)
(0.0780412 -0.0111689 0)
(0.0870141 -0.010584 0)
(0.0954584 -0.00989002 0)
(0.103316 -0.00913655 -0)
(0.110563 -0.00836066 0)
(0.117196 -0.00758952 -8.11162e-22)
(0.123229 -0.00684035 -0)
(0.128685 -0.00612262 1.6331e-21)
(0.13359 -0.00544044 0)
(0.137972 -0.00479414 -1.63498e-21)
(0.141858 -0.00418207 -0)
(0.14527 -0.00360148 -0)
(0.148231 -0.00304949 1.62107e-21)
(0.150757 -0.00252409 0)
(0.152863 -0.0020241 1.60086e-21)
(0.15456 -0.00155029 -1.58754e-21)
(0.155862 -0.00110632 -0)
(0.156781 -0.00069889 -1.55493e-21)
(0.157327 -0.000337802 -1.53589e-21)
(0.157513 -3.97687e-05 -0)
(0.157407 0.000194783 0)
(0.157076 0.000391502 0)
(0.156522 0.000568142 0)
(0.15576 0.000731049 -0)
(0.1548 0.000884241 1.37583e-21)
(0.153648 0.00102836 0)
(0.152311 0.00116398 -1.30705e-21)
(0.150798 0.00129163 -0)
(0.149115 0.00141122 -0)
(0.147271 0.00152284 1.1906e-21)
(0.145271 0.00162644 0)
(0.143125 0.00172187 -1.1049e-21)
(0.140842 0.00180923 -0)
(0.138429 0.00188851 0)
(0.135895 0.00195983 -0)
(0.133249 0.00202303 9.1688e-22)
(0.130501 0.00207831 0)
(0.127659 0.00212589 -0)
(0.124733 0.00216582 7.63841e-22)
(0.121732 0.00219829 0)
(0.118665 0.00222347 6.57309e-22)
(0.115541 0.00224165 0)
(0.11237 0.0022531 0)
(0.109159 0.00225804 0)
(0.105919 0.00225684 -4.36232e-22)
(0.102656 0.00224977 -0)
(0.0993796 0.00223705 0)
(0.0960971 0.0022192 -2.65633e-22)
(0.0928156 0.00219637 -2.08182e-22)
(0.089543 0.00216895 -0)
(0.0862852 0.00213732 -9.27125e-23)
(0.0830494 0.00210174 -0)
(0.079841 0.00206272 4.64891e-23)
(0.0766658 0.00202055 -0)
(0.0735289 0.0019757 2.78904e-22)
(0.070435 0.00192874 0)
(0.0673882 0.00188016 -5.11584e-22)
(0.0643926 0.00183078 -0)
(0.0614509 0.00178155 0)
(0.0585664 0.00173376 -0)
(0.0557405 0.0016892 9.78347e-22)
(0.0529747 0.00164991 0)
(0.0502693 0.00161808 -1.21379e-21)
(0.0476233 0.00159481 0)
(0.0457845 0.00160348 1.47554e-21)
(0.0442421 0.00162101 1.63405e-21)
(0.0427031 0.00162592 1.79897e-21)
(0.0411757 0.00161302 0)
(0.0396654 0.0015897 0)
(0.0381717 0.00156406 0)
(0.0366933 0.00153822 0)
(0.0352306 0.00151251 0)
(0.0337833 0.00148691 0)
(0.0323525 0.00146142 0)
(0.0309383 0.0014362 0)
(0.0295414 0.00141138 -3.69173e-21)
(0.028162 0.00138719 -3.96737e-21)
(0.0268003 0.00136375 0)
(0.0254565 0.00134077 0)
(0.024131 0.0013167 0)
(0.0228253 0.00129183 -5.2673e-21)
(0.021539 0.00126762 0)
(0.0202724 0.00124396 0)
(0.0190253 0.0012209 0)
(0.017798 0.00119846 0)
(0.0165904 0.00117672 7.53587e-21)
(0.0154025 0.00115577 0)
(0.0142343 0.00113568 0)
(0.0130858 0.00111656 -9.45467e-21)
(0.0119567 0.00109845 1.02322e-20)
(0.0108471 0.00108143 0)
(0.00975701 0.00106581 1.20685e-20)
(0.0086862 0.00105222 0)
(0.00763435 0.00104184 -1.44068e-20)
(0.00660078 0.00103494 0)
(0.00558516 0.00103053 0)
(0.00458748 0.00102831 0)
(0.00360724 0.0010286 0)
(0.00264405 0.00103163 0)
(0.00169834 0.00103735 5.57086e-20)
(0.000771631 0.00104293 6.42182e-20)
(-0.000138131 0.00103022 0)
(-0.00103537 0.000987407 0)
(-0.00191715 0.00093502 0)
(-0.00278342 0.000885527 -5.28909e-20)
(-0.00363409 0.000840604 0)
(-0.00446894 0.000799858 0)
(-0.00528839 0.000762793 0)
(-0.00609297 0.000728917 -4.04175e-20)
(-0.00688329 0.000697774 3.83675e-20)
(-0.00765981 0.00066898 0)
(-0.00842302 0.000642231 0)
(-0.00917334 0.000617285 3.36198e-20)
(-0.00991125 0.000593942 3.23795e-20)
(-0.0106372 0.000572039 0)
(-0.0113515 0.000551435 0)
(-0.0120547 0.000532022 -2.93544e-20)
(-0.0127471 0.000513703 2.85266e-20)
(-0.0134293 0.000496396 0)
(-0.0141016 0.000480031 0)
(-0.0147644 0.000464545 2.64369e-20)
(-0.0154182 0.000449888 0)
(-0.0160635 0.000436014 0)
(-0.0167007 0.000422877 2.47914e-20)
(-0.0173302 0.000410443 0)
(-0.0179526 0.000398683 2.38755e-20)
(-0.0185682 0.000387559 0)
(-0.0191775 0.000377043 0)
(-0.019781 0.000367105 0)
(-0.0203792 0.000357703 -2.23595e-20)
(-0.0209724 0.000348826 0)
(-0.0215612 0.00034042 0)
(-0.0221459 0.000332427 0)
(-0.0227268 0.000324799 0)
(-0.0233041 0.00031744 0)
(-0.023878 0.000310216 0)
(-0.0244479 0.000303039 -2.03863e-20)
(-0.0250141 0.00029568 -2.0156e-20)
(-0.0255751 0.000287825 0)
(-0.0261298 0.00027918 0)
(-0.0266761 0.000269149 0)
(-0.0272103 0.000257001 1.93612e-20)
(-0.0277277 0.000241545 0)
(-0.0282197 0.000221308 -3.81363e-20)
(-0.0286766 0.000192243 3.793e-20)
(-0.0290695 0.000152622 3.7821e-20)
(-0.0294008 7.78934e-05 -3.78593e-20)
(-0.0294825 -3.93744e-05 3.80465e-20)
(-0.0295072 -0.000356532 -3.83987e-20)
(-0.0279726 -0.000616867 0)
(-0.0293451 -0.000516181 -2.43324e-18)
(-0.0327688 -0.00134233 -2.2698e-18)
(-0.0364123 -0.00203332 -3.00927e-36)
(-0.039533 -0.00257599 -4.06096e-18)
(-0.0424829 -0.00301852 -7.75794e-18)
(-0.0455554 -0.00342154 -3.71969e-18)
(-0.0487793 -0.00381896 3.56806e-18)
(-0.052109 -0.00430301 -1.80556e-35)
(-0.0555995 -0.00472073 0)
(-0.0592857 -0.0050285 3.15758e-18)
(-0.0632217 -0.00540231 3.03244e-18)
(-0.0674083 -0.00582348 3.00927e-36)
(-0.0718917 -0.00626599 0)
(-0.0767103 -0.00672357 0)
(-0.0819077 -0.00721456 1.07675e-35)
(-0.087531 -0.0077529 7.68303e-35)
(-0.093651 -0.00835092 1.53473e-34)
(-0.100323 -0.00901262 -4.15812e-18)
(-0.107687 -0.00973237 -3.81237e-18)
(-0.116746 -0.0106247 6.01853e-36)
(-0.127564 -0.0116279 6.13682e-18)
(-0.13842 -0.0127346 1.03494e-17)
(-0.153646 -0.0139278 6.01853e-36)
(-0.162846 -0.0152946 -5.09812e-18)
(-0.191961 -0.0169823 -9.0278e-36)
)
;
    }
    frontAndBack
    {
        type            empty;
    }
}


// ************************************************************************* //
