/*--------------------------------*- C++ -*----------------------------------*\
  =========                 |
  \\      /  F ield         | OpenFOAM: The Open Source CFD Toolbox
   \\    /   O peration     | Website:  https://openfoam.org
    \\  /    A nd           | Version:  8
     \\/     M anipulation  |
\*---------------------------------------------------------------------------*/
FoamFile
{
    version     2.0;
    format      ascii;
    class       volVectorField;
    location    "5000";
    object      wallShearStress;
}
// * * * * * * * * * * * * * * * * * * * * * * * * * * * * * * * * * * * * * //

dimensions      [0 2 -2 0 0 0 0];

internalField   uniform (0 0 0);

boundaryField
{
    inlet
    {
        type            calculated;
        value           uniform (0 0 0);
    }
    outlet
    {
        type            calculated;
        value           uniform (0 0 0);
    }
    upperWall
    {
        type            calculated;
        value           nonuniform List<vector> 
223
(
(-0.582193 -0.392359 0)
(-0.977814 -0.219377 0)
(-0.939335 -0.0567745 0)
(-0.81071 -0.00585769 0)
(-0.734594 0.00331377 0)
(-0.695452 0.00231549 0)
(-0.67094 0.00042425 0)
(-0.653507 -0.00144926 0)
(-0.640539 -0.00256253 0)
(-0.629823 -0.00218409 0)
(-0.620061 -0.00130336 0)
(-0.610991 -0.00107944 0)
(-0.603026 -0.00138423 0)
(-0.59622 -0.00127874 0)
(-0.590262 -0.000892676 0)
(-0.584955 -0.000435981 0)
(-0.580152 0.00105739 0)
(-0.575137 0.00290468 0)
(-0.570843 0.00381083 0)
(-0.567561 0.00319281 4.26837e-22)
(-0.564528 0.00275859 0)
(-0.561914 0.00220843 0)
(-0.559291 0.00197549 0)
(-0.556555 0.00332237 4.47434e-22)
(-0.553259 0.0036699 0)
(-0.550145 0.00358843 0)
(-0.547145 0.00335362 0)
(-0.544244 0.0029561 -9.28098e-22)
(-0.541394 0.00264388 9.38119e-22)
(-0.538638 0.00219873 9.47919e-22)
(-0.535985 0.00188145 0)
(-0.533329 0.00186661 -9.72325e-22)
(-0.530613 0.00170592 0)
(-0.527946 0.00155848 9.96705e-22)
(-0.525287 0.0014394 1.00929e-21)
(-0.522619 0.00134818 -1.02215e-21)
(-0.519936 0.00127426 0)
(-0.51724 0.00121364 0)
(-0.514528 0.0011657 0)
(-0.511795 0.00112852 0)
(-0.509037 0.0010998 -1.08888e-21)
(-0.506251 0.00107813 0)
(-0.503433 0.00106235 0)
(-0.500582 0.00105156 1.12986e-21)
(-0.497694 0.0010452 0)
(-0.494766 0.00104267 1.15674e-21)
(-0.491792 0.00104346 -1.16991e-21)
(-0.488772 0.00104694 1.18282e-21)
(-0.4857 0.00105288 0)
(-0.482574 0.00106048 0)
(-0.479394 0.0010684 0)
(-0.47616 0.00107581 1.23078e-21)
(-0.472879 0.00108175 -1.24149e-21)
(-0.469562 0.00108635 0)
(-0.466223 0.00109066 0)
(-0.462878 0.00109519 0)
(-0.459537 0.00109913 0)
(-0.456206 0.00110122 0)
(-0.452885 0.00110075 0)
(-0.44957 0.00109782 0)
(-0.446253 0.00109324 0)
(-0.442923 0.00108779 1.29189e-21)
(-0.43957 0.00108261 -1.29164e-21)
(-0.436183 0.00107869 0)
(-0.432751 0.00107667 0)
(-0.429263 0.00107674 0)
(-0.425709 0.00107888 -1.27823e-21)
(-0.422082 0.00108297 0)
(-0.418376 0.00108876 0)
(-0.414583 0.00109586 0)
(-0.410701 0.00110393 0)
(-0.406725 0.00111252 0)
(-0.402653 0.00112098 -2.43404e-21)
(-0.398485 0.00112883 0)
(-0.394222 0.00113556 0)
(-0.389868 0.00114065 0)
(-0.385426 0.00114384 0)
(-0.380907 0.00114511 0)
(-0.376322 0.00114422 0)
(-0.371683 0.00114089 0)
(-0.367001 0.00113494 2.09493e-21)
(-0.362288 0.00112617 0)
(-0.357551 0.00111467 0)
(-0.352795 0.00110076 0)
(-0.348023 0.00108497 -1.83925e-21)
(-0.343232 0.00106788 0)
(-0.338423 0.00105003 -1.68981e-21)
(-0.333591 0.00103215 0)
(-0.328732 0.00101512 0)
(-0.323838 0.000999659 0)
(-0.319025 0.000991854 -1.35058e-21)
(-0.316385 0.00100098 0)
(-0.313661 0.00101489 1.18008e-21)
(-0.310856 0.00102958 1.08938e-21)
(-0.307976 0.00104277 0)
(-0.305031 0.0010537 8.95669e-22)
(-0.302034 0.00106242 0)
(-0.298997 0.00106983 0)
(-0.295936 0.00107674 0)
(-0.292864 0.00108473 -4.54202e-22)
(-0.289796 0.00109252 0)
(-0.286744 0.00110206 -2.04802e-22)
(-0.283723 0.00110961 7.27927e-23)
(-0.280741 0.00111526 0)
(-0.277808 0.0011187 0)
(-0.274934 0.00110671 0)
(-0.272123 0.00107533 0)
(-0.269368 0.0010931 0)
(-0.266777 0.00106846 0)
(-0.264199 0.00142812 0)
(-0.261854 0.00157353 1.13677e-21)
(-0.259561 0.000848281 0)
(-0.257166 0.000571315 0)
(-0.255064 0.000796946 0)
(-0.252839 0.00116619 0)
(-0.250784 0.00124616 0)
(-0.248733 0.000695479 0)
(-0.246546 0.000570545 0)
(-0.244502 0.000692983 0)
(-0.242433 0.000820594 0)
(-0.240721 0.00126202 0)
(-0.23903 0.00140075 0)
(-0.237466 0.00123785 0)
(-0.235944 0.00123704 7.10666e-21)
(-0.234572 0.000587783 0)
(-0.232566 -0.000139902 0)
(-0.230604 -0.000111049 0)
(-0.228986 2.15366e-05 -8.84379e-21)
(-0.227167 0.000320059 0)
(-0.225574 0.000456637 0)
(-0.22423 0.000393258 -1.0084e-20)
(-0.222947 0.000417379 0)
(-0.221797 0.000515203 1.08778e-20)
(-0.220547 0.000458521 0)
(-0.219273 0.000420379 0)
(-0.217836 0.000542194 0)
(-0.21643 0.000458225 -1.25928e-20)
(-0.215198 0.000372758 0)
(-0.213676 0.000549455 1.34907e-20)
(-0.212767 0.000620552 0)
(-0.211714 0.000489694 0)
(-0.210724 0.000994748 0)
(-0.209729 0.00080035 0)
(-0.208483 9.75915e-05 0)
(-0.207442 0.000148381 0)
(-0.206761 0.000191866 0)
(-0.205831 0.000323772 0)
(-0.204928 0.000312351 0)
(-0.204555 0.000247577 0)
(-0.203777 0.000261369 0)
(-0.203213 0.000279553 1.84205e-20)
(-0.2022 0.00041689 -1.89213e-20)
(-0.201357 0.000409557 0)
(-0.200892 0.00035142 0)
(-0.200329 0.000799953 0)
(-0.199726 0.000868531 0)
(-0.198991 0.000707801 -2.09476e-20)
(-0.198802 0.00072508 2.12172e-20)
(-0.198795 0.000390248 -2.15684e-20)
(-0.198292 0.000366247 0)
(-0.197824 0.000593739 -2.24392e-20)
(-0.19712 0.000551163 -4.5844e-20)
(-0.196936 -0.000139056 0)
(-0.195985 -0.000558521 -4.78647e-20)
(-0.195137 -0.000268515 4.87079e-20)
(-0.194729 -0.000118197 0)
(-0.194587 3.81206e-05 0)
(-0.194007 0.000116764 0)
(-0.193509 9.81241e-05 0)
(-0.193025 0.000117883 0)
(-0.192824 0.000182049 -5.3351e-20)
(-0.191992 0.000221475 0)
(-0.191577 0.000227405 -5.51434e-20)
(-0.191189 0.000213143 0)
(-0.190932 0.000220643 0)
(-0.190458 0.000275577 0)
(-0.189714 0.000299657 0)
(-0.188966 0.000289262 0)
(-0.188521 0.000246724 6.08105e-20)
(-0.188182 0.000334965 0)
(-0.187258 0.000518908 0)
(-0.186593 0.000608548 -6.38324e-20)
(-0.185732 0.00075085 0)
(-0.185547 0.000429902 0)
(-0.183749 1.35372e-05 0)
(-0.182582 0.000109798 6.92823e-20)
(-0.181679 0.000229203 0)
(-0.18035 0.000312202 0)
(-0.178944 0.000341557 0)
(-0.177423 0.000436625 0)
(-0.174962 0.00050945 -7.73155e-20)
(-0.172398 0.000573852 0)
(-0.169381 0.000746658 0)
(-0.16554 0.000966329 0)
(-0.161238 0.00107656 8.80818e-20)
(-0.154181 0.00131911 0)
(-0.147213 0.00230629 0)
(-0.122738 0.0023205 -1.0804e-19)
(-0.1407 0.00685948 6.01853e-36)
(-0.169128 0.0134598 1.24988e-17)
(-0.186517 0.0172254 2.35854e-17)
(-0.193157 0.0189549 2.26859e-17)
(-0.19674 0.0197545 2.20038e-17)
(-0.200368 0.0203104 2.12484e-17)
(-0.20507 0.0209982 -2.02563e-17)
(-0.209515 0.0215289 -1.95352e-17)
(-0.21381 0.0218835 0)
(-0.21809 0.0220281 -3.6664e-17)
(-0.220241 0.022189 -1.80772e-17)
(-0.22471 0.0227272 6.1389e-34)
(-0.227514 0.0229084 -2.40741e-35)
(-0.231086 0.0233644 -3.22679e-17)
(-0.235469 0.0239497 -3.0654e-17)
(-0.242448 0.0247974 -2.84626e-17)
(-0.249627 0.0254566 0)
(-0.256936 0.0260705 4.93998e-17)
(-0.263937 0.0266567 2.26554e-17)
(-0.271719 0.0273467 3.61112e-35)
(-0.281084 0.0281718 -3.51285e-17)
(-0.290389 0.0289015 -1.52843e-20)
(-0.300208 0.0295023 -3.00927e-36)
(-0.305084 0.0304943 1.34163e-17)
(-0.332329 0.0321454 -7.6441e-18)
)
;
    }
    lowerWall
    {
        type            calculated;
        value           nonuniform List<vector> 
250
(
(-0.653909 0.466638 0)
(-1.14095 0.204678 0)
(-1.03492 0.0379587 0)
(-0.869573 -0.000935979 0)
(-0.786941 -0.00419161 0)
(-0.746063 -0.00160781 0)
(-0.719878 0.000416171 0)
(-0.700645 -0.000651771 0)
(-0.685088 -0.00405592 0)
(-0.671317 -0.00471224 0)
(-0.658931 -0.00298828 0)
(-0.647719 -0.000864337 0)
(-0.637515 0.00142592 0)
(-0.628189 0.00210369 0)
(-0.61932 0.00136771 0)
(-0.611521 0.00135744 0)
(-0.604582 0.00169533 0)
(-0.605063 0.00194568 0)
(-0.00423449 -0.0228281 0)
(-0.00275832 -0.0176423 0)
(-0.000680389 -0.0144906 0)
(0.00193699 -0.013799 9.02392e-20)
(0.00525417 -0.0152131 -7.86408e-20)
(0.00894956 -0.0208278 6.28409e-20)
(0.0127321 -0.0200727 -4.84649e-20)
(0.0256479 -0.0632964 0)
(-0.0839946 -0.144719 0)
(0.000872113 -0.00384009 0)
(-0.00766546 0.00954794 0)
(-0.00851592 0.0328224 0)
(-0.00254911 0.0448558 0)
(0.00295361 0.0442615 1.82189e-20)
(0.00618296 0.0360629 -1.89624e-20)
(0.00818745 0.0241607 0)
(0.00946072 0.0101601 -5.42198e-20)
(0.00943179 -0.00404302 6.1133e-20)
(0.00793328 -0.0174231 0)
(0.00614118 -0.0291955 0)
(0.00438165 -0.0385629 0)
(0.00268696 -0.0451398 0)
(0.000985989 -0.0488783 0)
(-0.000886912 -0.0495133 0)
(-0.00281902 -0.0463963 0)
(-0.00439766 -0.0399073 0)
(-0.00491336 -0.0307465 0)
(0.0013288 -0.00151178 0)
(0.00133793 0.00652759 0)
(-0.00450939 0.00961896 0)
(-0.00959739 0.00975673 0)
(-0.0133833 0.00829967 0)
(-0.0158895 0.00623531 0)
(-0.0172645 0.00409773 1.49538e-21)
(-0.0177831 0.00200622 -1.52698e-21)
(-0.0173316 -6.88134e-06 0)
(-0.0160541 -0.0016861 -1.65271e-21)
(-0.0141887 -0.00283738 0)
(-0.0120507 -0.00329626 0)
(-0.0100511 -0.0030357 -0)
(-0.00855348 -0.00228014 2.5697e-21)
(-0.00761681 -0.00142297 0)
(-0.00693846 -0.000815825 0)
(-0.00612086 -0.000623442 -3.37748e-21)
(-0.00499313 -0.00100052 0)
(-0.00340865 -0.0023861 0)
(-0.000488511 -0.00505787 0)
(0.00436112 -0.00740391 3.03234e-21)
(0.00994618 -0.00889532 0)
(0.0158472 -0.00985008 1.46881e-21)
(0.0218926 -0.0106171 0)
(0.0280985 -0.0112691 -0)
(0.0344089 -0.0115144 8.44544e-22)
(0.0405415 -0.0113547 0)
(0.0491497 -0.0116033 -7.53926e-22)
(0.0589398 -0.0117554 -0)
(0.0686341 -0.0115828 7.70595e-22)
(0.0780431 -0.011169 0)
(0.0870161 -0.0105841 0)
(0.0954604 -0.00989 0)
(0.103318 -0.00913652 -0)
(0.110565 -0.00836068 0)
(0.117198 -0.0075895 -8.11059e-22)
(0.123231 -0.00684035 -0)
(0.128687 -0.00612262 1.6329e-21)
(0.133592 -0.00544043 0)
(0.137974 -0.00479413 -1.63477e-21)
(0.14186 -0.00418198 -0)
(0.145272 -0.00360138 -0)
(0.148233 -0.00304953 1.62087e-21)
(0.150759 -0.00252406 0)
(0.152864 -0.002024 1.60066e-21)
(0.154562 -0.00155025 -1.58734e-21)
(0.155864 -0.00110629 -0)
(0.156782 -0.000698856 -1.55473e-21)
(0.157329 -0.000337769 -1.5357e-21)
(0.157514 -3.97383e-05 -0)
(0.157409 0.000194811 0)
(0.157077 0.00039153 0)
(0.156523 0.000568241 0)
(0.155762 0.000731149 -0)
(0.154801 0.000884204 1.37564e-21)
(0.153649 0.00102833 0)
(0.152313 0.00116401 -1.30686e-21)
(0.1508 0.00129167 -0)
(0.149117 0.00141133 -0)
(0.147272 0.00152289 1.19041e-21)
(0.145272 0.00162642 0)
(0.143127 0.00172193 -1.10471e-21)
(0.140843 0.00180936 -0)
(0.13843 0.00188864 0)
(0.135896 0.00195986 -0)
(0.13325 0.00202313 9.16692e-22)
(0.130502 0.00207849 0)
(0.12766 0.00212603 -0)
(0.124734 0.00216597 7.63652e-22)
(0.121732 0.00219845 0)
(0.118666 0.00222365 6.57118e-22)
(0.115542 0.00224185 0)
(0.112371 0.0022533 0)
(0.10916 0.00225829 0)
(0.105919 0.00225703 -4.3604e-22)
(0.102657 0.00224992 -0)
(0.0993801 0.0022372 0)
(0.0960975 0.00221919 -2.65442e-22)
(0.0928163 0.00219633 -2.07991e-22)
(0.0895434 0.00216885 -0)
(0.0862859 0.00213715 -9.25246e-23)
(0.0830498 0.00210157 -0)
(0.0798415 0.0020625 4.68607e-23)
(0.0766662 0.00202035 -0)
(0.0735294 0.00197555 2.79275e-22)
(0.0704354 0.00192863 0)
(0.0673888 0.00188013 -5.11958e-22)
(0.064393 0.00183078 -0)
(0.0614515 0.00178153 0)
(0.0585668 0.00173377 -0)
(0.0557408 0.00168918 9.78723e-22)
(0.052975 0.00164991 0)
(0.0502697 0.00161808 -1.21416e-21)
(0.0476236 0.00159481 0)
(0.0457847 0.00160347 1.47592e-21)
(0.0442423 0.001621 1.63443e-21)
(0.0427033 0.00162592 1.79936e-21)
(0.0411759 0.00161301 0)
(0.0396656 0.00158969 0)
(0.0381719 0.00156402 0)
(0.0366937 0.00153821 0)
(0.0352308 0.00151249 0)
(0.0337837 0.00148689 0)
(0.0323527 0.0014614 0)
(0.0309387 0.00143618 0)
(0.0295416 0.00141136 -3.69219e-21)
(0.0281624 0.00138713 -3.96785e-21)
(0.0268007 0.00136372 0)
(0.0254569 0.00134074 0)
(0.0241314 0.0013167 0)
(0.0228255 0.0012918 -5.26783e-21)
(0.0215394 0.00126759 0)
(0.0202726 0.00124394 0)
(0.0190257 0.00122085 0)
(0.0177983 0.00119844 0)
(0.0165907 0.00117671 7.53649e-21)
(0.0154028 0.00115575 0)
(0.0142346 0.00113567 0)
(0.013086 0.00111656 -9.45536e-21)
(0.0119569 0.00109845 1.02329e-20)
(0.0108474 0.00108144 0)
(0.00975718 0.00106583 1.20693e-20)
(0.00868632 0.00105224 0)
(0.00763445 0.00104187 -1.44078e-20)
(0.00660083 0.00103499 0)
(0.00558519 0.00103059 0)
(0.00458742 0.00102838 0)
(0.00360714 0.00102867 0)
(0.00264389 0.00103171 0)
(0.00169813 0.00103744 5.57127e-20)
(0.00077136 0.00104303 6.42232e-20)
(-0.000138462 0.00103032 0)
(-0.00103577 0.000987504 0)
(-0.00191762 0.000935124 0)
(-0.00278397 0.000885635 -5.28903e-20)
(-0.0036347 0.000840715 0)
(-0.00446963 0.000799968 0)
(-0.00528914 0.000762903 0)
(-0.0060938 0.000729027 -4.04171e-20)
(-0.00688418 0.00069788 3.83671e-20)
(-0.00766076 0.000669083 0)
(-0.00842403 0.000642331 0)
(-0.00917442 0.000617378 3.36194e-20)
(-0.00991237 0.000594032 3.23792e-20)
(-0.0106383 0.000572123 0)
(-0.0113527 0.000551517 0)
(-0.0120559 0.0005321 -2.93542e-20)
(-0.0127484 0.000513782 2.85266e-20)
(-0.0134305 0.000496475 0)
(-0.0141028 0.000480108 0)
(-0.0147657 0.000464621 2.64369e-20)
(-0.0154196 0.000449962 0)
(-0.0160649 0.000436081 0)
(-0.0167021 0.000422944 2.47916e-20)
(-0.0173316 0.000410509 0)
(-0.0179539 0.000398742 2.38757e-20)
(-0.0185696 0.000387608 0)
(-0.0191789 0.000377087 0)
(-0.0197824 0.000367144 0)
(-0.0203806 0.000357745 -2.23599e-20)
(-0.0209738 0.000348862 0)
(-0.0215627 0.000340446 0)
(-0.0221473 0.00033243 0)
(-0.022728 0.000324798 0)
(-0.0233054 0.000317435 0)
(-0.023879 0.000310225 0)
(-0.0244491 0.000303044 -2.03868e-20)
(-0.0250151 0.000295664 -2.01565e-20)
(-0.0255761 0.000287824 0)
(-0.0261308 0.00027916 0)
(-0.026677 0.000269127 0)
(-0.0272112 0.000256978 1.93617e-20)
(-0.0277283 0.000241522 0)
(-0.0282203 0.000221285 -3.81373e-20)
(-0.028677 0.000192219 3.79311e-20)
(-0.0290699 0.000152615 3.7822e-20)
(-0.0294012 7.78858e-05 -3.78606e-20)
(-0.0294829 -3.93986e-05 3.80477e-20)
(-0.0295074 -0.000356557 -3.83999e-20)
(-0.0279728 -0.000616875 0)
(-0.0293453 -0.000516201 -2.4333e-18)
(-0.0327688 -0.00134235 -2.26989e-18)
(-0.0364123 -0.0020333 -3.00927e-36)
(-0.0395332 -0.00257596 -4.06109e-18)
(-0.0424832 -0.00301848 -7.75821e-18)
(-0.0455555 -0.00342171 -3.71976e-18)
(-0.0487798 -0.00381781 3.56838e-18)
(-0.0521103 -0.00430699 -4.21297e-35)
(-0.0556012 -0.0047218 -3.00927e-36)
(-0.0593094 -0.00503542 3.15049e-18)
(-0.0632241 -0.00542941 3.03389e-18)
(-0.0674246 -0.00582731 6.01853e-36)
(-0.0719113 -0.00623744 0)
(-0.0767246 -0.00669891 0)
(-0.0819147 -0.00720391 8.99018e-35)
(-0.0875337 -0.00775039 3.34781e-35)
(-0.0936523 -0.00835203 6.01853e-35)
(-0.100323 -0.00901526 -4.15849e-18)
(-0.107688 -0.00973546 -3.81254e-18)
(-0.116747 -0.0106273 6.01853e-36)
(-0.127565 -0.01163 6.13713e-18)
(-0.13842 -0.0127361 1.035e-17)
(-0.153646 -0.0139289 0)
(-0.162847 -0.0152953 -5.09847e-18)
(-0.191962 -0.0169828 1.20371e-35)
)
;
    }
    frontAndBack
    {
        type            empty;
    }
}


// ************************************************************************* //
