/*--------------------------------*- C++ -*----------------------------------*\
  =========                 |
  \\      /  F ield         | OpenFOAM: The Open Source CFD Toolbox
   \\    /   O peration     | Website:  https://openfoam.org
    \\  /    A nd           | Version:  8
     \\/     M anipulation  |
\*---------------------------------------------------------------------------*/
FoamFile
{
    version     2.0;
    format      ascii;
    class       volVectorField;
    location    "1200";
    object      wallShearStress;
}
// * * * * * * * * * * * * * * * * * * * * * * * * * * * * * * * * * * * * * //

dimensions      [0 2 -2 0 0 0 0];

internalField   uniform (0 0 0);

boundaryField
{
    inlet
    {
        type            calculated;
        value           uniform (0 0 0);
    }
    outlet
    {
        type            calculated;
        value           uniform (0 0 0);
    }
    upperWall
    {
        type            calculated;
        value           nonuniform List<vector> 
223
(
(-0.443837 0.00274228 0)
(-0.434039 0.00490638 0)
(-0.463547 0.00632525 0)
(-0.485063 0.00721339 0)
(-0.487493 0.00749004 0)
(-0.482354 0.00735253 0)
(-0.471574 0.00692303 0)
(-0.460054 0.00638783 0)
(-0.44835 0.00580421 0)
(-0.436395 0.00520664 0)
(-0.425192 0.0046358 0)
(-0.41489 0.00410593 0)
(-0.405545 0.0036227 0)
(-0.397135 0.00318666 0)
(-0.389605 0.00279733 0)
(-0.382891 0.00245715 0)
(-0.376867 0.002169 0)
(-0.371503 0.00198373 0)
(-0.367224 0.00187195 0)
(-0.363854 0.00179598 5.8493e-22)
(-0.360571 0.00170235 0)
(-0.357383 0.00159982 0)
(-0.354288 0.00149347 0)
(-0.351291 0.00138648 5.95572e-22)
(-0.348396 0.00128037 0)
(-0.345606 0.00117695 0)
(-0.342923 0.00107676 0)
(-0.340345 0.000980724 -1.20905e-21)
(-0.337874 0.000888725 1.21318e-21)
(-0.335507 0.000801255 1.21719e-21)
(-0.333244 0.000718247 0)
(-0.331083 0.000639982 -1.22491e-21)
(-0.329023 0.000566019 0)
(-0.32706 0.000496836 1.23231e-21)
(-0.325193 0.000432075 1.23591e-21)
(-0.323418 0.000371705 -1.23945e-21)
(-0.321734 0.000315525 0)
(-0.320135 0.000263612 0)
(-0.318621 0.000215851 0)
(-0.317185 0.000171968 0)
(-0.315829 0.000132087 -1.25643e-21)
(-0.314543 9.588e-05 0)
(-0.31333 6.32982e-05 0)
(-0.312181 3.42437e-05 1.26625e-21)
(-0.311096 8.54291e-06 0)
(-0.310069 -1.38976e-05 1.2727e-21)
(-0.309098 -3.32173e-05 -1.2759e-21)
(-0.308179 -4.94209e-05 1.27909e-21)
(-0.307305 -6.26875e-05 0)
(-0.306481 -7.29196e-05 0)
(-0.305687 -8.04019e-05 0)
(-0.304942 -8.51691e-05 1.29169e-21)
(-0.304216 -8.75895e-05 -1.29478e-21)
(-0.303528 -8.77542e-05 0)
(-0.302865 -8.5942e-05 0)
(-0.302213 -8.19501e-05 0)
(-0.3016 -7.62845e-05 0)
(-0.300981 -6.88502e-05 0)
(-0.300383 -5.95343e-05 0)
(-0.299806 -4.96838e-05 0)
(-0.299202 -3.6778e-05 0)
(-0.298605 -1.94697e-05 1.31791e-21)
(-0.298095 -6.61559e-06 -1.31957e-21)
(-0.297136 -0.000138878 0)
(-0.325511 0.000419616 0)
(-0.330487 0.00131128 0)
(-0.319528 0.000998319 -1.41921e-21)
(-0.314887 0.000962418 0)
(-0.336266 0.00148659 0)
(-0.323071 0.00130492 0)
(-0.31886 0.00114839 0)
(-0.316149 0.000513413 0)
(-0.323248 -0.000378881 -3.0295e-21)
(-0.310387 -0.000437257 0)
(-0.314071 -0.000132906 0)
(-0.305453 -0.000105243 0)
(-0.302145 0.00018823 0)
(-0.302062 0.000382962 0)
(-0.312781 5.46541e-05 0)
(-0.313778 -0.00022571 0)
(-0.306274 -0.000501145 3.11665e-21)
(-0.30568 -0.000529222 0)
(-0.29386 -0.000344724 0)
(-0.341622 -0.000166273 0)
(-0.324695 -0.000241319 -3.41e-21)
(-0.34384 0.000255193 0)
(-0.326202 0.000709425 -3.44338e-21)
(-0.315748 0.000399439 0)
(-0.313521 0.000180275 0)
(-0.292613 -0.000114192 0)
(-0.34399 -0.000158433 -3.73372e-21)
(-0.323988 1.74944e-05 0)
(-0.347628 0.000479117 3.80094e-21)
(-0.325755 0.00061622 3.55571e-21)
(-0.310474 0.000420191 0)
(-0.306461 0.000333685 3.38285e-21)
(-0.290954 5.09453e-05 0)
(-0.338193 -4.86113e-05 0)
(-0.356864 1.73306e-05 0)
(-0.364583 0.000564673 -4.06743e-21)
(-0.33409 0.000697026 0)
(-0.316289 0.000278322 -3.51893e-21)
(-0.292421 0.000402064 3.26811e-21)
(-0.288693 0.000302319 0)
(-0.321575 0.000124504 0)
(-0.302149 0.000247698 0)
(-0.307778 0.000177525 0)
(-0.344197 0.000401734 0)
(-0.315863 0.000580296 0)
(-0.316911 0.000359314 0)
(-0.340418 0.00108007 -3.78601e-21)
(-0.311372 0.00127684 0)
(-0.302078 0.000723409 0)
(-0.283996 0.000191597 0)
(-0.309983 0.000318363 0)
(-0.294419 0.000958222 0)
(-0.28854 0.000960003 0)
(-0.281415 0.000774881 0)
(-0.280592 0.000990566 0)
(-0.279525 0.00111955 0)
(-0.278505 0.000441772 0)
(-0.277874 -2.44117e-05 0)
(-0.314633 0.000329679 0)
(-0.289324 0.000970007 -5.91711e-21)
(-0.278035 0.00135458 0)
(-0.274231 0.00122616 0)
(-0.272989 0.000683083 0)
(-0.271905 0.000547552 5.33151e-21)
(-0.270492 0.000667701 0)
(-0.269063 0.000286495 0)
(-0.2681 -0.000174182 5.11357e-21)
(-0.269338 -0.000241472 0)
(-0.285612 0.000246011 -5.3183e-21)
(-0.264231 0.000843856 0)
(-0.262845 0.00064543 0)
(-0.276942 0.000831602 0)
(-0.260365 0.000779473 4.28405e-21)
(-0.280875 0.000850207 0)
(-0.257787 0.000749219 -3.94556e-21)
(-0.278155 0.000766326 0)
(-0.255049 0.00069482 0)
(-0.272258 0.000644714 0)
(-0.25205 0.00109586 0)
(-0.250389 0.000550454 0)
(-0.253119 0.000558916 0)
(-0.247122 0.000569928 0)
(-0.248454 0.00049407 0)
(-0.243465 0.000451371 0)
(-0.241627 -2.67795e-05 0)
(-0.238733 0.00021075 0)
(-0.235848 0.000310037 -1.37112e-21)
(-0.232712 6.6355e-05 1.09334e-21)
(-0.230005 5.50372e-05 0)
(-0.227755 0.000345409 0)
(-0.225327 0.000597961 0)
(-0.22263 0.000502074 0)
(-0.2195 0.00176115 -4.70606e-22)
(-0.219019 0.0029607 7.73078e-22)
(-0.217765 0.00237964 -1.13787e-21)
(-0.216836 0.00114078 0)
(-0.214272 0.000625051 -2.05628e-21)
(-0.212772 0.000474855 -4.93047e-21)
(-0.210455 -0.000171631 0)
(-0.207214 -0.000180839 -6.81018e-21)
(-0.204017 -2.17365e-06 7.75396e-21)
(-0.201425 -0.000327632 0)
(-0.197287 0.000863944 0)
(-0.199746 0.00153773 0)
(-0.195 0.000740696 0)
(-0.193167 0.00105217 0)
(-0.190967 0.00135964 -1.38225e-20)
(-0.189577 0.00110188 0)
(-0.186122 0.000496918 -1.64488e-20)
(-0.183078 0.000326054 0)
(-0.179668 0.000303395 0)
(-0.177856 0.00121815 0)
(-0.178189 0.00223047 0)
(-0.180399 0.00200348 0)
(-0.178664 0.000627244 2.30395e-20)
(-0.174775 -0.000147178 0)
(-0.171152 0.000534636 0)
(-0.169791 0.00126066 -2.80627e-20)
(-0.168769 0.00117345 0)
(-0.166172 0.000577874 0)
(-0.161528 -2.03134e-05 0)
(-0.155424 -0.000118885 3.71716e-20)
(-0.148334 0.000108289 0)
(-0.140205 0.000494806 0)
(-0.13064 0.000950456 0)
(-0.119635 0.00137436 0)
(-0.108098 0.00162708 -6.37631e-20)
(-0.0969003 0.00162346 0)
(-0.0870537 0.00141599 0)
(-0.07837 0.00115609 0)
(-0.0713956 0.00101622 9.90003e-20)
(-0.0628451 0.00105508 0)
(-0.0590058 0.00155582 0)
(-0.0317272 0.00137009 -1.42255e-19)
(-0.0631513 0.000244123 0)
(-0.0958187 0.00535663 1.21149e-17)
(-0.11828 0.00961936 2.17808e-17)
(-0.130291 0.0120918 2.04882e-17)
(-0.137387 0.0134467 1.9697e-17)
(-0.142785 0.014271 1.90526e-17)
(-0.146985 0.0148626 -1.85103e-17)
(-0.150187 0.0152868 -1.80049e-17)
(-0.152553 0.015598 0)
(-0.15482 0.0158258 -3.42775e-17)
(-0.157054 0.0160515 -1.6699e-17)
(-0.159485 0.0162651 3.79167e-34)
(-0.16198 0.0165009 -1.20371e-35)
(-0.164972 0.016746 -3.05531e-17)
(-0.168386 0.0170469 -2.93385e-17)
(-0.172522 0.0173931 -2.79976e-17)
(-0.177279 0.0178158 -2.40741e-35)
(-0.182837 0.0183006 4.92928e-17)
(-0.189222 0.0188746 2.25794e-17)
(-0.196359 0.0195172 3.61112e-35)
(-0.204887 0.0202847 -3.5146e-17)
(-0.213188 0.0210637 -1.22706e-20)
(-0.226298 0.0221933 0)
(-0.230907 0.0229261 1.32102e-17)
(-0.25542 0.0244556 -6.8995e-18)
)
;
    }
    lowerWall
    {
        type            calculated;
        value           nonuniform List<vector> 
250
(
(-0.622608 -0.00665493 0)
(-0.593356 -0.01037 0)
(-0.565412 -0.0102109 0)
(-0.539559 -0.00933652 0)
(-0.62807 -0.0104752 0)
(-0.54858 -0.00811737 0)
(-0.482528 -0.00546298 0)
(-0.547953 -0.00474292 0)
(-0.529041 -0.00378617 0)
(-0.553639 -0.00383357 0)
(-0.564128 -0.0034383 0)
(-0.520601 -0.00198829 0)
(-0.511233 -0.00245958 0)
(-0.4567 -0.00224292 0)
(-0.422259 -0.000769139 0)
(-0.466629 -0.000215935 0)
(-0.455767 0.000472795 0)
(-0.480226 0.000847219 0)
(0.0021011 0.000250672 0)
(0.00233906 -0.0024954 0)
(0.00261111 -0.00535306 0)
(0.00296155 -0.00841207 1.11725e-19)
(0.00331442 -0.0114735 -9.47617e-20)
(0.00347986 -0.0151934 8.41289e-20)
(0.0031446 -0.0146463 -7.55384e-20)
(0.00964029 -0.033122 0)
(-0.0409428 -0.10554 0)
(0.000218008 -0.000266758 0)
(6.38288e-05 -0.000771768 0)
(-2.18099e-06 -0.000862494 0)
(5.34537e-05 -0.000863098 0)
(2.67754e-05 -0.000820843 1.53424e-19)
(-0.000146181 -0.000252569 -1.49217e-19)
(-0.000568196 0.00116566 0)
(-0.00114257 0.00380207 -1.7235e-19)
(-0.00150775 0.00715324 1.32116e-19)
(-0.00145797 0.0103183 0)
(-0.00107902 0.012657 0)
(-0.000559671 0.0138867 0)
(-5.76054e-05 0.0139782 0)
(0.000341372 0.0131175 0)
(0.000673947 0.0115818 0)
(0.000999576 0.00941984 0)
(0.0013566 0.00667019 0)
(0.00175756 0.00339094 0)
(-0.000138472 -0.000270624 0)
(0.000166282 -0.000436263 0)
(0.000470408 -0.000486108 0)
(0.000782401 -0.000416258 0)
(0.00102799 -0.000186195 -0)
(0.00106743 0.000193429 -0)
(0.000820568 0.000648448 1.44088e-20)
(0.000313692 0.0010746 -1.62292e-20)
(-0.000385687 0.00138357 0)
(-0.00118588 0.00153791 -9.26111e-21)
(-0.00200994 0.00155007 0)
(-0.0027946 0.00144949 0)
(-0.00349579 0.00127172 0)
(-0.00408908 0.00104668 4.56211e-21)
(-0.00456333 0.000794764 0)
(-0.00491414 0.000527482 0)
(-0.00513934 0.000253036 -3.95983e-21)
(-0.00524282 -3.46896e-05 -0)
(-0.00519998 -0.00033247 0)
(-0.00500984 -0.0006193 -0)
(-0.00468124 -0.000875573 4.27146e-21)
(-0.00422591 -0.00108138 -0)
(-0.00366181 -0.00121587 5.07284e-21)
(-0.00301616 -0.00125977 0)
(-0.00232656 -0.00119867 -0)
(-0.00164204 -0.0010291 8.31638e-21)
(-0.00102051 -0.000767021 0)
(-0.000520428 -0.000458169 -1.39695e-20)
(-0.000174246 -0.000178539 0)
(4.13964e-05 7.58686e-06 2.34307e-20)
(0.000181316 0.000115033 0)
(0.000262442 0.000206245 0)
(0.000255828 0.00031743 0)
(0.000145719 0.000468059 0)
(-9.7455e-05 0.000668325 0)
(-0.000503375 0.000880783 -1.533e-20)
(-0.00105539 0.00102734 0)
(-0.00166648 0.00103326 1.78309e-20)
(-0.00221918 0.000887056 0)
(-0.00261724 0.000635549 -1.39972e-20)
(-0.00281953 0.000361547 0)
(-0.00285159 0.000137031 0)
(-0.00276593 8.31117e-06 1.37149e-20)
(-0.00263503 -1.30217e-06 0)
(-0.00252541 0.000108681 1.42399e-20)
(-0.00245491 0.000291083 -1.43936e-20)
(-0.0023792 0.000422549 0)
(-0.00218293 0.000275183 -1.5593e-20)
(-0.00161275 -0.000321189 -1.8003e-20)
(-0.00043027 -0.00104183 0)
(0.00125297 -0.00163922 0)
(0.00308855 -0.00227778 0)
(0.00520799 -0.00293229 0)
(0.00757718 -0.00340723 -0)
(0.0100601 -0.00361201 3.53791e-21)
(0.0125159 -0.00368959 0)
(0.0149223 -0.00373531 -2.72133e-21)
(0.0173034 -0.00368428 -0)
(0.0198553 -0.00351766 -0)
(0.022467 -0.00326996 2.21922e-21)
(0.0236017 -0.00290535 0)
(0.0260697 -0.00275448 -1.95691e-21)
(0.0276486 -0.00250698 -0)
(0.0296532 -0.00229466 0)
(0.032093 -0.00213228 -0)
(0.0339304 -0.00198328 1.7903e-21)
(0.0359015 -0.00185673 0)
(0.0376992 -0.00173752 -0)
(0.0394727 -0.00163337 1.74516e-21)
(0.0411596 -0.00154033 0)
(0.0428023 -0.00145756 1.72338e-21)
(0.0443911 -0.00138357 0)
(0.0459337 -0.00131662 0)
(0.0474372 -0.00125563 0)
(0.0488988 -0.00119942 -1.69128e-21)
(0.0503267 -0.001147 -0)
(0.0517174 -0.00109761 0)
(0.053076 -0.00105063 -1.67105e-21)
(0.0544005 -0.00100563 -1.66441e-21)
(0.0556936 -0.000962096 -0)
(0.0569538 -0.00091963 -1.651e-21)
(0.0581821 -0.000878077 0)
(0.0593777 -0.000837262 -3.27396e-21)
(0.060541 -0.000796848 -0)
(0.0616706 -0.000756764 -3.24395e-21)
(0.0627668 -0.000716819 -0)
(0.0638279 -0.000676937 3.21117e-21)
(0.064854 -0.000636873 0)
(0.0658428 -0.000596607 0)
(0.0667943 -0.00055601 0)
(0.0677064 -0.000514837 -3.13484e-21)
(0.0685781 -0.000473054 -0)
(0.069408 -0.000430254 3.09013e-21)
(0.0701938 -0.000386177 0)
(0.0709338 -0.000340574 -3.04025e-21)
(0.0716258 -0.000292908 -3.01323e-21)
(0.072267 -0.000243033 -2.98472e-21)
(0.0728551 -0.000191101 -0)
(0.0733883 -0.000138028 0)
(0.0738652 -8.61587e-05 0)
(0.0742875 -3.97335e-05 0)
(0.0746606 -1.34438e-06 0)
(0.0749895 3.291e-05 0)
(0.0752739 6.65521e-05 0)
(0.0755144 9.95811e-05 0)
(0.0757097 0.000132266 2.65477e-21)
(0.0758608 0.000164695 2.60846e-21)
(0.075966 0.000196881 0)
(0.0760257 0.000228753 0)
(0.0760393 0.00026021 0)
(0.076007 0.000291442 2.40264e-21)
(0.0759277 0.000322225 0)
(0.0758025 0.000352627 0)
(0.0756302 0.000382638 0)
(0.0754114 0.000412202 0)
(0.0751461 0.000441326 -2.09853e-21)
(0.0748341 0.000470094 0)
(0.0744754 0.000498349 0)
(0.0740706 0.00052615 1.89061e-21)
(0.0736196 0.000553528 -1.81695e-21)
(0.0731226 0.000580437 0)
(0.07258 0.000606908 -1.66288e-21)
(0.0719919 0.000632894 0)
(0.071359 0.000658468 1.49952e-21)
(0.0706811 0.000683587 0)
(0.0699585 0.000708335 0)
(0.0691911 0.000732542 0)
(0.0683794 0.000756468 0)
(0.0675235 0.000779999 0)
(0.066635 0.000802986 -1.89718e-21)
(0.0657062 0.000825067 -1.69414e-21)
(0.0647406 0.000846972 0)
(0.0637264 0.000868061 0)
(0.0626778 0.000887888 0)
(0.0615922 0.000905104 8.18431e-22)
(0.0604753 0.000917034 0)
(0.0593264 0.000920234 0)
(0.0581468 0.000914508 0)
(0.056931 0.00091854 -1.70268e-22)
(0.0556826 0.000935252 4.38031e-22)
(0.0543997 0.000949885 0)
(0.0530889 0.000963793 0)
(0.05175 0.000976738 1.29853e-21)
(0.0503862 0.000988981 1.6061e-21)
(0.0489983 0.0010006 0)
(0.0475883 0.00101159 0)
(0.0461578 0.00102207 -2.59876e-21)
(0.0447076 0.00103189 2.9549e-21)
(0.0432396 0.00104095 0)
(0.041755 0.0010492 0)
(0.0402555 0.00105659 4.10836e-21)
(0.0387425 0.00106305 0)
(0.0372189 0.00106872 0)
(0.0356851 0.0010735 5.40699e-21)
(0.0341446 0.00107769 0)
(0.0325973 0.00108118 6.36702e-21)
(0.0310465 0.00108418 0)
(0.0294922 0.00108685 0)
(0.027936 0.00108926 0)
(0.0263786 0.00109155 -8.56567e-21)
(0.0248213 0.00109381 0)
(0.0232644 0.00109611 0)
(0.0217084 0.00109842 0)
(0.020154 0.00110079 0)
(0.0186016 0.00110322 0)
(0.0170517 0.00110584 0)
(0.0155047 0.00110872 -1.37238e-20)
(0.0139609 0.00111206 -1.46612e-20)
(0.0124203 0.00111592 0)
(0.0108832 0.00112039 0)
(0.00934914 0.00112538 0)
(0.00781854 0.0011306 1.92034e-20)
(0.00629226 0.00113578 0)
(0.00477198 0.00114047 -4.42584e-20)
(0.00326132 0.00114208 4.76363e-20)
(0.00176885 0.00113601 5.13766e-20)
(0.000299325 0.00110626 -5.45958e-20)
(-0.00106114 0.00104338 5.46531e-20)
(-0.00256262 0.000880877 -5.26337e-20)
(-0.00292091 0.000507112 0)
(-0.00484289 0.00111056 -3.13653e-18)
(-0.00785161 0.000895919 -2.84127e-18)
(-0.0108291 0.000562289 -6.01853e-36)
(-0.0139051 0.000248498 -4.82934e-18)
(-0.0171845 -8.05212e-05 -8.97656e-18)
(-0.0206728 -0.000427507 -4.18614e-18)
(-0.0243825 -0.000794387 3.91426e-18)
(-0.028337 -0.00118464 -6.01853e-36)
(-0.0325567 -0.00160196 6.01853e-36)
(-0.037071 -0.00204878 3.23115e-18)
(-0.0418906 -0.00253316 3.03528e-18)
(-0.047039 -0.00301452 9.0278e-36)
(-0.0525244 -0.00351374 0)
(-0.0584005 -0.00408856 0)
(-0.0647308 -0.00472968 -5.34615e-35)
(-0.0715221 -0.00542648 -2.42622e-35)
(-0.078911 -0.00617855 6.92131e-35)
(-0.0867808 -0.00699212 -3.7363e-18)
(-0.0956529 -0.00787523 -3.40019e-18)
(-0.104669 -0.00883527 0)
(-0.116114 -0.00988889 5.3387e-18)
(-0.125647 -0.0110508 8.85171e-18)
(-0.142922 -0.0122728 0)
(-0.150335 -0.0137788 -4.25337e-18)
(-0.184755 -0.0160934 1.20371e-35)
)
;
    }
    frontAndBack
    {
        type            empty;
    }
}


// ************************************************************************* //
