/*--------------------------------*- C++ -*----------------------------------*\
  =========                 |
  \\      /  F ield         | OpenFOAM: The Open Source CFD Toolbox
   \\    /   O peration     | Website:  https://openfoam.org
    \\  /    A nd           | Version:  8
     \\/     M anipulation  |
\*---------------------------------------------------------------------------*/
FoamFile
{
    version     2.0;
    format      ascii;
    class       volVectorField;
    location    "1100";
    object      wallShearStress;
}
// * * * * * * * * * * * * * * * * * * * * * * * * * * * * * * * * * * * * * //

dimensions      [0 2 -2 0 0 0 0];

internalField   uniform (0 0 0);

boundaryField
{
    inlet
    {
        type            calculated;
        value           uniform (0 0 0);
    }
    outlet
    {
        type            calculated;
        value           uniform (0 0 0);
    }
    upperWall
    {
        type            calculated;
        value           nonuniform List<vector> 
223
(
(-0.444895 0.00276341 0)
(-0.468721 0.00537146 0)
(-0.497521 0.00684427 0)
(-0.504554 0.0073623 0)
(-0.50093 0.00734062 0)
(-0.490761 0.00698815 0)
(-0.478841 0.00648463 0)
(-0.46671 0.00591364 0)
(-0.454212 0.00531544 0)
(-0.442464 0.00473564 0)
(-0.431688 0.00419242 0)
(-0.421931 0.00369239 0)
(-0.413189 0.00323841 0)
(-0.405393 0.00283138 0)
(-0.398468 0.00247016 0)
(-0.392322 0.0021646 0)
(-0.386818 0.00191901 0)
(-0.381914 0.00177261 0)
(-0.377989 0.0016943 0)
(-0.374887 0.00164725 5.77691e-22)
(-0.371858 0.00157897 0)
(-0.368912 0.00149955 0)
(-0.366045 0.00141475 0)
(-0.363263 0.00132757 5.89445e-22)
(-0.360568 0.00124046 0)
(-0.357964 0.00115456 0)
(-0.35545 0.00107122 0)
(-0.353026 0.00099076 -1.2002e-21)
(-0.350692 0.000913721 1.20531e-21)
(-0.348447 0.000840043 1.21034e-21)
(-0.346289 0.000770182 0)
(-0.344217 0.000703863 -1.22019e-21)
(-0.34223 0.000641286 0)
(-0.340325 0.000582366 1.22978e-21)
(-0.3385 0.000527197 1.23448e-21)
(-0.336753 0.000475702 -1.23913e-21)
(-0.33508 0.00042777 0)
(-0.333481 0.000383456 0)
(-0.33195 0.000342747 0)
(-0.330485 0.000305532 0)
(-0.329082 0.000271838 -1.26178e-21)
(-0.327739 0.000241388 0)
(-0.32645 0.000214143 0)
(-0.325214 0.000189986 1.27508e-21)
(-0.324024 0.000168488 0)
(-0.322882 0.000149604 1.28393e-21)
(-0.321781 0.000132942 -1.28835e-21)
(-0.320722 0.000118309 1.29278e-21)
(-0.319699 0.000105621 0)
(-0.318714 9.47287e-05 0)
(-0.317759 8.55092e-05 0)
(-0.31684 7.78372e-05 1.31069e-21)
(-0.315948 7.15764e-05 -1.31521e-21)
(-0.315087 6.67532e-05 0)
(-0.314249 6.32445e-05 0)
(-0.313439 6.09744e-05 0)
(-0.312648 6.00526e-05 0)
(-0.31188 6.04248e-05 0)
(-0.311124 6.20092e-05 0)
(-0.310392 6.46815e-05 0)
(-0.309659 6.873e-05 0)
(-0.30896 7.37641e-05 1.35699e-21)
(-0.308231 8.00041e-05 -1.3616e-21)
(-0.307559 8.709e-05 0)
(-0.306826 9.51852e-05 0)
(-0.306157 0.000104641 0)
(-0.305416 0.000115278 -1.3803e-21)
(-0.30474 0.000128326 0)
(-0.304028 0.000129783 0)
(-0.303145 0.000167661 0)
(-0.30248 0.00038617 0)
(-0.313738 0.000600709 0)
(-0.30974 0.000678082 -2.89416e-21)
(-0.312832 0.000704145 0)
(-0.312212 0.000561892 0)
(-0.311447 0.000322899 0)
(-0.305782 0.000236862 0)
(-0.3031 0.000267043 0)
(-0.30092 0.00049752 0)
(-0.300639 0.000681997 0)
(-0.299329 0.000627942 2.99641e-21)
(-0.298719 0.000568349 0)
(-0.301281 0.000357362 0)
(-0.305157 0.000170808 0)
(-0.306823 9.22847e-05 -3.15823e-21)
(-0.300076 -3.07199e-05 0)
(-0.299699 -9.89734e-05 -3.11792e-21)
(-0.297652 0.000165195 0)
(-0.297369 0.000296047 0)
(-0.297111 0.000339045 0)
(-0.296849 0.000214413 -3.12504e-21)
(-0.296732 2.03065e-05 0)
(-0.296573 9.09719e-05 3.1499e-21)
(-0.331555 0.000468662 3.53483e-21)
(-0.316579 0.00058956 0)
(-0.311254 0.000454699 3.32274e-21)
(-0.299223 0.000354066 0)
(-0.295012 6.60236e-07 0)
(-0.323202 -0.000170214 0)
(-0.335057 -0.000118044 -3.61355e-21)
(-0.325359 -9.72848e-06 0)
(-0.354257 0.000367636 -3.81856e-21)
(-0.327852 0.00118347 3.51706e-21)
(-0.303347 0.00109016 0)
(-0.303716 0.000389635 0)
(-0.29587 0.000335718 0)
(-0.291794 0.000420224 0)
(-0.291461 -6.08256e-06 0)
(-0.309458 0.000453551 0)
(-0.295223 0.000867154 0)
(-0.289823 0.000830837 -3.06018e-21)
(-0.289044 0.000856275 0)
(-0.288526 0.000546421 0)
(-0.287944 0.00100618 0)
(-0.287037 0.00151774 0)
(-0.298207 0.00158836 0)
(-0.285305 0.00134377 0)
(-0.284523 0.00120761 0)
(-0.283543 0.00121779 0)
(-0.282392 0.000984913 0)
(-0.281502 0.000125679 0)
(-0.280839 -0.000113442 0)
(-0.280117 0.000450379 0)
(-0.279051 0.000270971 -5.61481e-21)
(-0.278221 -0.000402363 0)
(-0.294851 -0.000649731 0)
(-0.315384 4.22586e-05 0)
(-0.291295 0.00071751 5.7254e-21)
(-0.273962 0.000890288 0)
(-0.272401 0.000880503 0)
(-0.27105 0.000340813 5.12252e-21)
(-0.292519 0.000729901 0)
(-0.268794 0.000776597 -4.88728e-21)
(-0.267844 -5.2059e-05 0)
(-0.27936 -0.00027968 0)
(-0.283796 -0.000320799 0)
(-0.27226 -0.000265804 4.52784e-21)
(-0.279011 0.000697486 0)
(-0.260413 0.000920603 -3.97685e-21)
(-0.279113 0.00105776 0)
(-0.257776 0.000955461 0)
(-0.277505 0.00110116 0)
(-0.254928 0.00143891 0)
(-0.253432 0.000629385 0)
(-0.261989 3.93894e-05 0)
(-0.26319 0.000559198 0)
(-0.248193 0.000674221 0)
(-0.246566 9.64589e-05 0)
(-0.244919 -9.22568e-05 0)
(-0.241399 0.000142863 0)
(-0.238274 0.000562868 -1.19846e-21)
(-0.235729 0.000733368 9.00313e-22)
(-0.232608 0.000824279 0)
(-0.22966 0.0013697 0)
(-0.252245 0.00238821 0)
(-0.228394 0.00228698 0)
(-0.2276 0.00203793 -6.89254e-22)
(-0.226329 0.00130079 1.0391e-21)
(-0.224684 0.00117861 -1.4133e-21)
(-0.223307 0.000441984 0)
(-0.22054 -0.000934822 -2.31816e-21)
(-0.217726 -0.000606066 -5.58234e-21)
(-0.214252 0.000871851 0)
(-0.215747 0.00139069 -7.07871e-21)
(-0.218645 0.000866364 8.19358e-21)
(-0.221826 0.000875695 0)
(-0.219478 0.00129407 0)
(-0.207237 0.00222101 0)
(-0.207053 0.000986123 0)
(-0.203773 -0.000355816 0)
(-0.2009 -0.00102547 -1.42458e-20)
(-0.196095 -0.000380008 0)
(-0.19642 0.000364202 -1.59787e-20)
(-0.192631 0.00063189 0)
(-0.192866 0.00230819 0)
(-0.191732 0.00181724 0)
(-0.189708 0.00117349 0)
(-0.188123 0.0012049 0)
(-0.187808 0.00100479 2.30797e-20)
(-0.184146 0.000300864 0)
(-0.178799 -0.000278612 0)
(-0.174165 0.000224286 -2.91827e-20)
(-0.172649 0.00091069 0)
(-0.172934 0.00092002 0)
(-0.172474 0.000648533 0)
(-0.170647 0.000443884 3.34594e-20)
(-0.167191 0.000204422 0)
(-0.161574 0.000100105 0)
(-0.15346 0.000272583 0)
(-0.142756 0.000669751 0)
(-0.129904 0.00119347 -5.60778e-20)
(-0.115891 0.00162685 0)
(-0.102292 0.00179965 0)
(-0.0898065 0.00169319 0)
(-0.079547 0.0014988 9.39546e-20)
(-0.0686742 0.00137234 0)
(-0.063326 0.00176573 0)
(-0.0345713 0.00143865 -1.39798e-19)
(-0.0671066 0.000389797 1.20371e-35)
(-0.101108 0.00569326 1.18843e-17)
(-0.124378 0.0101071 2.13119e-17)
(-0.136812 0.012676 2.00106e-17)
(-0.144138 0.0140999 1.92245e-17)
(-0.149626 0.0149636 1.85971e-17)
(-0.15389 0.0155806 -1.80713e-17)
(-0.156953 0.0160126 -1.7588e-17)
(-0.159254 0.0163139 -6.01853e-36)
(-0.161349 0.016541 -3.35716e-17)
(-0.163438 0.0167475 -1.63983e-17)
(-0.165609 0.0169453 5.89816e-34)
(-0.168042 0.0171537 -2.40741e-35)
(-0.170914 0.0173938 -3.01595e-17)
(-0.174382 0.0176849 -2.90273e-17)
(-0.178476 0.0180381 -2.77168e-17)
(-0.183327 0.0184592 0)
(-0.188883 0.0189527 4.89357e-17)
(-0.195375 0.0195292 2.24708e-17)
(-0.202545 0.0201796 2.40741e-35)
(-0.211228 0.0209564 -3.50877e-17)
(-0.219535 0.021738 -1.23699e-20)
(-0.233044 0.022894 0)
(-0.237439 0.0236233 1.32083e-17)
(-0.263015 0.0251892 -7.07365e-18)
)
;
    }
    lowerWall
    {
        type            calculated;
        value           nonuniform List<vector> 
250
(
(-0.623674 -0.00645196 0)
(-0.594735 -0.0103092 0)
(-0.567643 -0.0103914 0)
(-0.540771 -0.00989804 0)
(-0.517777 -0.0086312 0)
(-0.498736 -0.00659868 0)
(-0.532845 -0.00632706 0)
(-0.498074 -0.00649523 0)
(-0.458781 -0.0051703 0)
(-0.449899 -0.00331889 0)
(-0.442813 -0.0018854 0)
(-0.516623 -0.00206965 0)
(-0.467933 -0.00244519 0)
(-0.449876 -0.00275456 0)
(-0.425657 -0.00190932 0)
(-0.423244 -0.000729451 0)
(-0.421415 0.000395171 0)
(-0.420923 0.000950731 0)
(0.00211457 9.48763e-05 0)
(0.00235079 -0.00272531 0)
(0.00261929 -0.00564412 0)
(0.00297542 -0.0087574 1.13168e-19)
(0.00337753 -0.0118889 -9.60163e-20)
(0.00368436 -0.0157808 8.60807e-20)
(0.00337102 -0.0159103 -7.74229e-20)
(0.00836302 -0.0357302 0)
(-0.0480296 -0.105827 0)
(0.000221771 -0.000275625 0)
(5.77137e-05 -0.000790109 0)
(-8.61853e-06 -0.000875892 0)
(5.51374e-05 -0.000874909 0)
(3.30832e-05 -0.000842652 1.53578e-19)
(-0.000142118 -0.000275646 -1.49503e-19)
(-0.000578332 0.00116159 0)
(-0.00117499 0.00385781 -1.7171e-19)
(-0.00155086 0.00728969 1.31381e-19)
(-0.00149371 0.0105224 0)
(-0.00109895 0.0128974 0)
(-0.000565358 0.0141305 0)
(-5.65251e-05 0.0141985 0)
(0.000345045 0.0133038 0)
(0.000679244 0.011723 0)
(0.00100586 0.00950521 0)
(0.00136509 0.00668929 0)
(0.00177075 0.00332519 0)
(-0.000143326 -0.000277768 0)
(0.000169369 -0.000447353 0)
(0.000479037 -0.000499151 0)
(0.000799794 -0.000429164 0)
(0.0010546 -0.000194943 -0)
(0.00110029 0.000192654 -0)
(0.00085268 0.000657253 1.43576e-20)
(0.000340037 0.00109265 -1.63312e-20)
(-0.00036945 0.00140885 0)
(-0.00118183 0.00156695 -9.37118e-21)
(-0.00201932 0.00158015 0)
(-0.00281735 0.00147827 0)
(-0.00353076 0.00129755 0)
(-0.00413446 0.00106864 4.60088e-21)
(-0.00461708 0.000812351 0)
(-0.00497427 0.000540445 0)
(-0.00520359 0.00026131 -3.99378e-21)
(-0.00530959 -3.12724e-05 -0)
(-0.0052665 -0.000334199 0)
(-0.00507387 -0.000625538 -0)
(-0.00474084 -0.000885171 4.30967e-21)
(-0.00427991 -0.00109266 -0)
(-0.00370952 -0.00122675 5.11798e-21)
(-0.0030581 -0.00126813 0)
(-0.00236426 -0.00120281 -0)
(-0.00167827 -0.00102881 8.35656e-21)
(-0.0010582 -0.000764493 0)
(-0.000559959 -0.000457774 -1.38665e-20)
(-0.00021203 -0.000181675 0)
(6.00791e-06 5.3462e-06 2.37883e-20)
(0.000142409 0.00011401 0)
(0.00021863 0.000206177 0)
(0.000200672 0.000316703 0)
(8.29697e-05 0.000468279 0)
(-0.000174531 0.000673299 0)
(-0.000599111 0.000885951 -1.4186e-20)
(-0.00116754 0.00102481 0)
(-0.0017857 0.00101644 1.70445e-20)
(-0.00233377 0.000854395 0)
(-0.0027161 0.000590166 -1.37114e-20)
(-0.00289755 0.000308801 0)
(-0.00290479 8.42999e-05 0)
(-0.00279748 -3.71297e-05 1.36477e-20)
(-0.00265262 -3.0151e-05 0)
(-0.00254408 0.000100076 1.42609e-20)
(-0.00248104 0.000296858 -1.43664e-20)
(-0.00240591 0.000421834 0)
(-0.00218562 0.000239795 -1.56004e-20)
(-0.00156298 -0.000395546 -1.81758e-20)
(-0.000301684 -0.00112304 0)
(0.00145429 -0.00175892 0)
(0.0033811 -0.002388 0)
(0.00556229 -0.00299115 0)
(0.00810314 -0.00357635 -0)
(0.0109207 -0.00402997 3.60441e-21)
(0.0136719 -0.00415458 0)
(0.0165972 -0.0040552 -2.93609e-21)
(0.0193583 -0.00390617 -0)
(0.0209434 -0.00355991 -0)
(0.0233276 -0.00335289 2.23869e-21)
(0.0265256 -0.00319787 0)
(0.0269993 -0.00270944 -1.99578e-21)
(0.0285201 -0.00245385 -0)
(0.0309818 -0.00232205 0)
(0.0330443 -0.00215479 -0)
(0.0350856 -0.00200414 1.8239e-21)
(0.0369938 -0.0018675 0)
(0.0388602 -0.00174781 -0)
(0.0406207 -0.00164056 1.77543e-21)
(0.0423454 -0.00154618 0)
(0.0439918 -0.00146174 1.75381e-21)
(0.0456022 -0.00138657 0)
(0.0471559 -0.00131847 0)
(0.0486738 -0.00125664 0)
(0.0501479 -0.00119956 -1.72091e-21)
(0.0515873 -0.00114673 -0)
(0.0529904 -0.00109685 0)
(0.0543592 -0.00104985 -1.69942e-21)
(0.0556957 -0.00100481 -1.69228e-21)
(0.0569987 -0.000961626 -0)
(0.0582705 -0.000919526 -1.67762e-21)
(0.0595087 -0.000878717 0)
(0.0607157 -0.000838595 -3.32427e-21)
(0.0618892 -0.000799262 -0)
(0.0630304 -0.000760188 -3.29101e-21)
(0.0641372 -0.000721505 -0)
(0.0652099 -0.000682837 3.25502e-21)
(0.0662472 -0.000644308 0)
(0.0672487 -0.000605388 0)
(0.0682127 -0.000566009 0)
(0.069138 -0.000525416 -3.17247e-21)
(0.0700222 -0.000483715 -0)
(0.0708644 -0.000440514 3.1249e-21)
(0.071662 -0.00039545 0)
(0.0724132 -0.000348127 -3.07275e-21)
(0.0731149 -0.000298195 -3.04489e-21)
(0.0737643 -0.000245867 -3.01582e-21)
(0.0743588 -0.000191569 -0)
(0.0748957 -0.00013722 0)
(0.0753746 -8.53191e-05 0)
(0.0757974 -3.97061e-05 0)
(0.0761708 -4.2377e-07 0)
(0.076496 3.58611e-05 0)
(0.0767753 7.19372e-05 0)
(0.0770061 0.000107639 0)
(0.0771896 0.000143561 2.69008e-21)
(0.0773232 0.000179194 2.64449e-21)
(0.0774084 0.000214992 0)
(0.0774427 0.000250519 0)
(0.0774273 0.000285976 0)
(0.0773606 0.000321045 2.43999e-21)
(0.0772434 0.000356005 0)
(0.0770744 0.00039047 0)
(0.0768544 0.000424662 0)
(0.0765825 0.000458265 0)
(0.0762596 0.000491404 -2.13013e-21)
(0.0758856 0.000523956 0)
(0.0754606 0.000555949 0)
(0.0749853 0.000587214 1.91312e-21)
(0.07446 0.000617925 -1.83538e-21)
(0.0738849 0.000647897 0)
(0.0732611 0.000677105 -1.67161e-21)
(0.0725893 0.000705651 0)
(0.0718697 0.000733433 1.49656e-21)
(0.0711039 0.000760472 0)
(0.0702923 0.000786697 0)
(0.0694367 0.000812073 0)
(0.0685392 0.000836594 0)
(0.0675926 0.000860008 0)
(0.0666176 0.000882909 -1.80157e-21)
(0.0655796 0.000904348 -1.58085e-21)
(0.0645244 0.000924883 0)
(0.0634095 0.000943362 0)
(0.062275 0.000957892 0)
(0.0611062 0.00096648 6.3306e-22)
(0.0599054 0.000966026 0)
(0.0586781 0.000959848 0)
(0.0574151 0.000965495 0)
(0.0561217 0.000981409 -4.29608e-22)
(0.0547959 0.000993495 7.16002e-22)
(0.0534453 0.00100477 0)
(0.0520706 0.00101492 0)
(0.0506748 0.00102451 1.63043e-21)
(0.0492585 0.00103318 1.95495e-21)
(0.0478247 0.00104128 0)
(0.0463745 0.00104857 0)
(0.0449105 0.00105533 -2.99406e-21)
(0.0434311 0.00106084 3.36422e-21)
(0.0419421 0.00106603 0)
(0.0404384 0.00106991 0)
(0.0389286 0.00107313 4.55482e-21)
(0.0374069 0.00107501 0)
(0.0358825 0.00107631 0)
(0.0343518 0.00107676 5.88408e-21)
(0.0328196 0.00107654 0)
(0.0312859 0.00107581 6.86061e-21)
(0.0297526 0.00107472 0)
(0.0282203 0.00107339 0)
(0.0266904 0.00107203 0)
(0.0251633 0.00107081 -9.08401e-21)
(0.0236395 0.00106982 0)
(0.022119 0.00106915 0)
(0.020602 0.00106882 0)
(0.0190886 0.00106891 0)
(0.0175786 0.00106945 0)
(0.0160723 0.00107061 0)
(0.0145693 0.00107249 -1.42772e-20)
(0.0130695 0.00107532 -1.52224e-20)
(0.0115721 0.00107915 0)
(0.0100768 0.00108411 0)
(0.0085828 0.00108999 0)
(0.00708998 0.00109674 1.98255e-20)
(0.00559857 0.00110453 0)
(0.00410997 0.00111234 -4.56294e-20)
(0.00262798 0.00111691 4.90978e-20)
(0.00116171 0.00111317 5.29527e-20)
(-0.000284734 0.00107818 -5.49973e-20)
(-0.00161808 0.00101015 5.38376e-20)
(-0.00309947 0.000847741 -5.19232e-20)
(-0.00340837 0.000466306 0)
(-0.00534178 0.00107075 -3.09951e-18)
(-0.00840323 0.000850279 -2.81037e-18)
(-0.0114379 0.000509851 0)
(-0.0145673 0.000191214 -4.78251e-18)
(-0.0179075 -0.000143315 -8.894e-18)
(-0.021465 -0.000496555 -4.14979e-18)
(-0.0252513 -0.000870099 3.88229e-18)
(-0.0292873 -0.00126773 -5.41668e-35)
(-0.0336006 -0.00169322 3.00927e-36)
(-0.038208 -0.00214954 3.21058e-18)
(-0.0431272 -0.00264019 3.01828e-18)
(-0.0483748 -0.00312561 3.00927e-36)
(-0.0539597 -0.00363649 0)
(-0.0599412 -0.00422807 0)
(-0.0663755 -0.00488195 -5.79284e-35)
(-0.0732663 -0.00559017 8.7927e-36)
(-0.0807611 -0.00635404 -9.0278e-36)
(-0.0887235 -0.00717889 -3.74053e-18)
(-0.0977101 -0.0080747 -3.40823e-18)
(-0.106807 -0.00904517 1.20371e-35)
(-0.118379 -0.0101121 5.36512e-18)
(-0.12799 -0.0112842 8.9076e-18)
(-0.1454 -0.0125185 6.01853e-36)
(-0.152905 -0.0140335 -4.29836e-18)
(-0.187481 -0.0163819 -3.00927e-36)
)
;
    }
    frontAndBack
    {
        type            empty;
    }
}


// ************************************************************************* //
