/*--------------------------------*- C++ -*----------------------------------*\
  =========                 |
  \\      /  F ield         | OpenFOAM: The Open Source CFD Toolbox
   \\    /   O peration     | Website:  https://openfoam.org
    \\  /    A nd           | Version:  8
     \\/     M anipulation  |
\*---------------------------------------------------------------------------*/
FoamFile
{
    version     2.0;
    format      ascii;
    class       volVectorField;
    location    "2000";
    object      wallShearStress;
}
// * * * * * * * * * * * * * * * * * * * * * * * * * * * * * * * * * * * * * //

dimensions      [0 2 -2 0 0 0 0];

internalField   uniform (0 0 0);

boundaryField
{
    inlet
    {
        type            calculated;
        value           uniform (0 0 0);
    }
    outlet
    {
        type            calculated;
        value           uniform (0 0 0);
    }
    upperWall
    {
        type            calculated;
        value           nonuniform List<vector> 
223
(
(-0.44413 0.00288704 0)
(-0.469467 0.00557173 0)
(-0.499212 0.00701425 0)
(-0.505389 0.00748148 0)
(-0.500867 0.00740403 0)
(-0.489956 0.007003 0)
(-0.477993 0.00647585 0)
(-0.465669 0.00589538 0)
(-0.453173 0.00530365 0)
(-0.441447 0.00473993 0)
(-0.430671 0.00421632 0)
(-0.420857 0.00372823 0)
(-0.412022 0.0032794 0)
(-0.40412 0.00288144 0)
(-0.397029 0.00252987 0)
(-0.390696 0.00223211 0)
(-0.384991 0.00199052 0)
(-0.379865 0.00183594 0)
(-0.375754 0.00173403 0)
(-0.372553 0.00166735 5.75965e-22)
(-0.369474 0.00158081 0)
(-0.366523 0.00148397 0)
(-0.363691 0.00138469 0)
(-0.360968 0.00128597 5.88252e-22)
(-0.358352 0.0011908 0)
(-0.355835 0.00109901 0)
(-0.353414 0.00101286 0)
(-0.351084 0.000930841 -1.19909e-21)
(-0.348842 0.000854586 1.20447e-21)
(-0.346686 0.000782681 1.20976e-21)
(-0.344614 0.000715809 0)
(-0.342623 0.00065316 -1.2201e-21)
(-0.34071 0.000595433 0)
(-0.338873 0.000540541 1.23013e-21)
(-0.337111 0.000488872 1.23497e-21)
(-0.335422 0.000439961 -1.23972e-21)
(-0.333804 0.000394096 0)
(-0.332255 0.000351051 0)
(-0.330775 0.000310597 0)
(-0.329362 0.000272775 0)
(-0.328014 0.000237578 -1.26263e-21)
(-0.326728 0.00020503 0)
(-0.325504 0.000175225 0)
(-0.324337 0.000148306 1.27594e-21)
(-0.323224 0.000124198 0)
(-0.322162 0.000102967 1.28474e-21)
(-0.321149 8.46945e-05 -1.28914e-21)
(-0.320178 6.93885e-05 1.29354e-21)
(-0.319248 5.71185e-05 0)
(-0.318351 4.76982e-05 0)
(-0.317486 4.101e-05 0)
(-0.316647 3.69805e-05 1.31139e-21)
(-0.31583 3.54667e-05 -1.31593e-21)
(-0.315031 3.60705e-05 0)
(-0.314249 3.85888e-05 0)
(-0.313475 4.28263e-05 0)
(-0.312715 4.84908e-05 0)
(-0.311955 5.53178e-05 0)
(-0.311206 6.30881e-05 0)
(-0.310451 7.14016e-05 0)
(-0.309705 8.03913e-05 0)
(-0.308953 8.95613e-05 1.35878e-21)
(-0.308204 9.91324e-05 -1.36378e-21)
(-0.307446 0.000109384 0)
(-0.306702 0.000117593 0)
(-0.305925 0.00012693 0)
(-0.305181 0.000138869 -1.38425e-21)
(-0.304364 0.000149586 0)
(-0.303769 0.000157193 0)
(-0.30216 0.000155707 0)
(-0.307373 0.000151568 0)
(-0.301286 0.000151281 0)
(-0.348241 0.000244152 -3.27083e-21)
(-0.334571 2.40248e-05 0)
(-0.350338 0.000552515 0)
(-0.343774 0.0015098 0)
(-0.325876 0.00124208 0)
(-0.329032 0.000613714 0)
(-0.321661 0.000307786 0)
(-0.310817 0.000343302 0)
(-0.306231 0.000364447 3.04755e-21)
(-0.306491 0.000307438 0)
(-0.305304 0.000254439 0)
(-0.29896 0.000292005 0)
(-0.297214 0.000265922 -3.08218e-21)
(-0.296994 0.000197906 0)
(-0.296834 1.70873e-05 -3.10467e-21)
(-0.329599 0.000183368 0)
(-0.322599 0.000676588 0)
(-0.306841 0.00059054 0)
(-0.301192 0.000827091 -3.14427e-21)
(-0.29924 0.00107453 0)
(-0.297012 0.000424764 3.10923e-21)
(-0.295031 0.000186867 3.1172e-21)
(-0.294778 0.000158867 0)
(-0.302085 -0.000118526 3.22105e-21)
(-0.294562 0.00015978 0)
(-0.294203 0.000332186 0)
(-0.29396 0.000147009 0)
(-0.295819 -2.65787e-05 -3.24235e-21)
(-0.293704 -0.000158026 0)
(-0.312314 -0.00012008 -3.44471e-21)
(-0.353949 -2.34617e-05 3.90749e-21)
(-0.335364 3.61105e-05 0)
(-0.362663 0.000125354 0)
(-0.349917 0.000116936 0)
(-0.329978 7.59477e-05 0)
(-0.353707 0.000364731 0)
(-0.324386 0.000578906 0)
(-0.323409 0.000658828 0)
(-0.355303 0.00102447 -3.88971e-21)
(-0.323449 0.000460379 0)
(-0.333607 0.000805425 0)
(-0.307534 0.00113688 0)
(-0.289904 0.000757099 0)
(-0.291983 0.000908011 0)
(-0.285639 0.00103849 0)
(-0.284637 0.00123985 0)
(-0.283586 0.000849387 0)
(-0.282819 0.000139891 0)
(-0.310195 -0.000259663 0)
(-0.317651 -0.000229574 0)
(-0.307302 8.19256e-05 0)
(-0.326455 3.75323e-05 -6.6682e-21)
(-0.319984 0.000709717 0)
(-0.288106 0.0010995 0)
(-0.276554 0.000393236 0)
(-0.29694 0.000138441 5.72265e-21)
(-0.298466 0.000153129 0)
(-0.294423 0.000267345 0)
(-0.28483 0.000351756 5.26172e-21)
(-0.292702 0.00079746 0)
(-0.270925 0.00134454 -4.76643e-21)
(-0.267898 0.00107181 0)
(-0.283453 0.00048989 0)
(-0.297141 0.00103842 0)
(-0.264398 0.00104837 4.12041e-21)
(-0.289759 0.00117086 0)
(-0.261913 0.000973372 -3.75599e-21)
(-0.286109 0.000970254 0)
(-0.259328 0.000805409 0)
(-0.280734 0.000918608 0)
(-0.256435 0.00130771 0)
(-0.254794 0.000545848 0)
(-0.263692 -8.9557e-05 0)
(-0.264855 0.000462332 0)
(-0.249479 0.000681816 0)
(-0.251502 0.000655107 0)
(-0.245739 0.000597539 0)
(-0.244814 2.19407e-05 0)
(-0.241018 0.000112209 -1.12939e-21)
(-0.238301 0.000333179 8.51076e-22)
(-0.235353 0.000724781 0)
(-0.232095 0.00164042 0)
(-0.244533 0.00177264 0)
(-0.252567 0.000865852 0)
(-0.24874 0.00135572 -7.78177e-22)
(-0.22612 0.000792593 1.05469e-21)
(-0.224184 -0.000475415 -1.48671e-21)
(-0.22134 -0.000208546 0)
(-0.219014 -0.000334989 -2.30034e-21)
(-0.215078 0.00104445 -5.48721e-21)
(-0.227059 0.00320169 0)
(-0.214201 0.00273351 -6.64614e-21)
(-0.213309 0.00121617 7.52861e-21)
(-0.210954 0.000297523 0)
(-0.210645 0.000698337 0)
(-0.21196 0.000799715 0)
(-0.207247 0.000625858 0)
(-0.200747 2.71783e-06 0)
(-0.197029 0.000472233 -1.43588e-20)
(-0.196741 0.00155708 0)
(-0.203094 0.00115641 -1.64871e-20)
(-0.199845 0.0011653 0)
(-0.194891 0.00117771 0)
(-0.192764 0.000420759 0)
(-0.189083 0.000216984 0)
(-0.185449 5.35652e-05 0)
(-0.181225 7.05424e-05 2.4584e-20)
(-0.179292 0.00103571 0)
(-0.180143 0.0016125 0)
(-0.179874 0.00125188 -2.71664e-20)
(-0.178444 0.000745479 0)
(-0.176676 0.00049676 0)
(-0.174647 0.000368536 0)
(-0.17201 0.000316309 3.34881e-20)
(-0.168203 0.000172683 0)
(-0.162408 9.69914e-05 0)
(-0.154101 0.000254905 0)
(-0.142917 0.000662294 0)
(-0.12939 0.00120047 -5.66849e-20)
(-0.114876 0.00162536 0)
(-0.101017 0.00177358 0)
(-0.0887965 0.00161414 0)
(-0.078959 0.00141893 9.4901e-20)
(-0.0685875 0.00130572 0)
(-0.0635467 0.00173947 0)
(-0.0349039 0.0014456 -1.39873e-19)
(-0.0672269 0.000423914 6.01853e-36)
(-0.101069 0.00572935 1.19279e-17)
(-0.124278 0.0101179 2.14028e-17)
(-0.136597 0.0126889 2.01175e-17)
(-0.143878 0.0140899 1.93393e-17)
(-0.149354 0.0149521 1.87145e-17)
(-0.153667 0.0155592 -1.81858e-17)
(-0.156787 0.0159966 -1.77002e-17)
(-0.159189 0.0163014 0)
(-0.161373 0.0165395 -3.37703e-17)
(-0.163535 0.0167552 -1.64931e-17)
(-0.165756 0.0169614 5.65742e-34)
(-0.16823 0.0171751 -1.20371e-35)
(-0.171167 0.0174179 -3.0322e-17)
(-0.174665 0.0177136 -2.91766e-17)
(-0.178845 0.0180685 -2.78578e-17)
(-0.183709 0.0184956 -4.81482e-35)
(-0.189346 0.0189899 4.91609e-17)
(-0.195824 0.019571 2.25553e-17)
(-0.203055 0.0202206 1.20371e-35)
(-0.211702 0.0209996 -3.51951e-17)
(-0.220042 0.0217793 -1.23265e-20)
(-0.233515 0.0229361 -6.01853e-36)
(-0.237902 0.0236621 1.32735e-17)
(-0.263444 0.0252211 -7.08823e-18)
)
;
    }
    lowerWall
    {
        type            calculated;
        value           nonuniform List<vector> 
250
(
(-0.624057 -0.00621219 0)
(-0.652539 -0.0113584 0)
(-0.608022 -0.0120471 0)
(-0.554574 -0.0105156 0)
(-0.521634 -0.00940508 0)
(-0.51827 -0.00875764 0)
(-0.487283 -0.00613639 0)
(-0.476191 -0.00365341 0)
(-0.465001 -0.00308542 0)
(-0.456036 -0.00302849 0)
(-0.448733 -0.00284458 0)
(-0.442043 -0.00326013 0)
(-0.436492 -0.0027121 0)
(-0.432 -0.00104265 0)
(-0.428912 0.000683405 0)
(-0.468793 0.0015007 0)
(-0.461947 0.00143899 0)
(-0.48976 0.00112472 0)
(0.00215 3.57908e-05 0)
(0.00238605 -0.00282209 0)
(0.00264761 -0.00576493 0)
(0.00301375 -0.00888655 1.13593e-19)
(0.00348563 -0.0120443 -9.61883e-20)
(0.00393868 -0.0160533 8.67479e-20)
(0.00357672 -0.0168413 -7.80575e-20)
(0.00740088 -0.0358481 0)
(-0.0481065 -0.107102 0)
(0.000220913 -0.000279267 0)
(5.14461e-05 -0.000795805 0)
(-1.50215e-05 -0.000876201 0)
(5.2703e-05 -0.000869591 0)
(3.38451e-05 -0.000839577 1.53418e-19)
(-0.000140022 -0.000279289 -1.49329e-19)
(-0.000576766 0.00115473 0)
(-0.00117538 0.00385449 -1.71346e-19)
(-0.00155414 0.00729737 1.31004e-19)
(-0.00149847 0.0105453 0)
(-0.00110363 0.0129368 0)
(-0.000568464 0.0141847 0)
(-5.54667e-05 0.0142651 0)
(0.000350661 0.0133716 0)
(0.000688953 0.0117862 0)
(0.00102062 0.00955599 0)
(0.00138543 0.00671809 0)
(0.00179859 0.0033143 0)
(-0.000146077 -0.000280438 0)
(0.000171127 -0.000452896 0)
(0.000483409 -0.000505727 0)
(0.00080873 -0.0004364 0)
(0.00106795 -0.000200882 -0)
(0.00111658 0.000189339 -0)
(0.000870103 0.000657112 1.42583e-20)
(0.000357175 0.00109657 -1.62679e-20)
(-0.00035531 0.00141682 0)
(-0.00117232 0.00157712 -9.33667e-21)
(-0.00201481 0.00159135 0)
(-0.00281797 0.00148961 0)
(-0.0035363 0.00130853 0)
(-0.00414453 0.00107884 4.57068e-21)
(-0.00463126 0.000821637 0)
(-0.00499206 0.000548622 0)
(-0.00522455 0.000268294 -3.96363e-21)
(-0.00533317 -2.5597e-05 -0)
(-0.0052925 -0.000330234 0)
(-0.0051012 -0.000623953 -0)
(-0.0047684 -0.000886298 4.2733e-21)
(-0.00430626 -0.0010968 -0)
(-0.00373325 -0.00123395 5.073e-21)
(-0.00307754 -0.0012782 0)
(-0.00237783 -0.00121502 -0)
(-0.00168457 -0.00104188 8.29232e-21)
(-0.00105655 -0.00077628 0)
(-0.000551336 -0.000465896 -1.38201e-20)
(-0.000199387 -0.000185326 0)
(2.04258e-05 4.01396e-06 2.36503e-20)
(0.000159161 0.000112798 0)
(0.000238787 0.000203427 0)
(0.000227551 0.000313113 0)
(0.000115402 0.00046469 0)
(-0.000135597 0.000670564 0)
(-0.000554567 0.000886085 -1.45101e-20)
(-0.00112038 0.00103081 0)
(-0.00174132 0.00102916 1.72335e-20)
(-0.00229608 0.000871687 0)
(-0.00268678 0.000608872 -1.37523e-20)
(-0.00287519 0.000327307 0)
(-0.00288941 0.000101474 0)
(-0.0027871 -2.3635e-05 1.36024e-20)
(-0.00264209 -2.21844e-05 0)
(-0.00252642 0.000102724 1.41918e-20)
(-0.00245322 0.000294778 -1.43371e-20)
(-0.00237031 0.000411121 0)
(-0.00213838 0.000214679 -1.56597e-20)
(-0.00150045 -0.00044058 -1.8278e-20)
(-0.000177524 -0.00113065 0)
(0.00157225 -0.00172398 0)
(0.00345848 -0.00239543 0)
(0.00562875 -0.00307498 0)
(0.00803691 -0.00359763 -0)
(0.0105752 -0.00385412 3.39861e-21)
(0.0131161 -0.00388147 0)
(0.0155687 -0.00380979 -2.68897e-21)
(0.017933 -0.0037157 -0)
(0.0211951 -0.0036949 -0)
(0.0242657 -0.0034971 2.31252e-21)
(0.0258715 -0.00309485 0)
(0.0260811 -0.00262219 -1.91464e-21)
(0.0291281 -0.00251449 -0)
(0.0309779 -0.00233235 0)
(0.0332079 -0.00217492 -0)
(0.0352433 -0.00202188 1.81817e-21)
(0.0371619 -0.00188721 0)
(0.0390402 -0.00176727 -0)
(0.0408194 -0.00166029 1.7703e-21)
(0.0425517 -0.00156583 0)
(0.0442161 -0.00148123 1.7491e-21)
(0.0458368 -0.00140556 0)
(0.0474047 -0.00133693 0)
(0.0489343 -0.00127412 0)
(0.0504196 -0.001216 -1.71754e-21)
(0.05187 -0.0011617 -0)
(0.0532815 -0.00111034 0)
(0.0546594 -0.0010613 -1.69747e-21)
(0.056001 -0.00101415 -1.69084e-21)
(0.0573096 -0.000968415 -0)
(0.0585829 -0.000923869 -1.67727e-21)
(0.059823 -0.000880102 0)
(0.0610274 -0.000837045 -3.32571e-21)
(0.0621979 -0.000794446 -0)
(0.0633322 -0.000752211 -3.29434e-21)
(0.0644309 -0.000710114 -0)
(0.0654923 -0.000668041 3.25964e-21)
(0.0665158 -0.000625724 0)
(0.0674999 -0.000583235 0)
(0.0684438 -0.000540322 0)
(0.0693461 -0.000496925 -3.17786e-21)
(0.0702055 -0.000452659 -0)
(0.07102 -0.000407233 3.12979e-21)
(0.0717877 -0.00036025 0)
(0.0725061 -0.000311453 -3.07622e-21)
(0.0731729 -0.000260531 -3.04726e-21)
(0.0737853 -0.000207507 -3.01684e-21)
(0.0743419 -0.000152917 -0)
(0.0748405 -9.85903e-05 0)
(0.075282 -4.85945e-05 0)
(0.0756718 -7.46911e-06 0)
(0.0760152 2.80745e-05 0)
(0.0763138 6.31259e-05 0)
(0.0765664 9.73893e-05 0)
(0.0767733 0.000131505 0)
(0.0769337 0.000165309 2.66945e-21)
(0.0770475 0.000199006 2.6212e-21)
(0.0771138 0.000232414 0)
(0.0771325 0.000265587 0)
(0.0771034 0.000298392 0)
(0.0770263 0.000331032 2.40749e-21)
(0.0769004 0.000363272 0)
(0.0767261 0.000395126 0)
(0.0765033 0.000426595 0)
(0.0762316 0.0004577 0)
(0.0759114 0.000488283 -2.09176e-21)
(0.0755427 0.000518441 0)
(0.0751257 0.000548107 0)
(0.0746607 0.000577255 1.87491e-21)
(0.0741478 0.000605868 -1.79784e-21)
(0.0735877 0.000633913 0)
(0.0729806 0.000661448 -1.63623e-21)
(0.0723268 0.000688333 0)
(0.0716271 0.000714631 1.46432e-21)
(0.070882 0.000740244 0)
(0.0700921 0.00076536 0)
(0.0692572 0.000789748 0)
(0.0683798 0.000813473 0)
(0.0674666 0.000836118 0)
(0.0665151 0.000858215 -1.76451e-21)
(0.0655105 0.000879159 -1.54948e-21)
(0.0644777 0.000899201 0)
(0.063401 0.00091757 0)
(0.0622957 0.000932888 0)
(0.0611584 0.000942893 6.25738e-22)
(0.0599903 0.000944229 0)
(0.058793 0.000936134 0)
(0.0575625 0.000939312 0)
(0.0563007 0.000955141 -4.10684e-22)
(0.0550072 0.000967298 6.90043e-22)
(0.0536883 0.000978571 0)
(0.0523451 0.000988911 0)
(0.0509788 0.000998396 1.58262e-21)
(0.0495914 0.00100702 1.89964e-21)
(0.0481846 0.00101489 0)
(0.0467597 0.00102207 0)
(0.0453188 0.00102856 -2.91571e-21)
(0.0438638 0.0010345 3.27777e-21)
(0.0423936 0.00103959 0)
(0.0409134 0.00104429 0)
(0.03942 0.00104811 4.44448e-21)
(0.03792 0.00105159 0)
(0.0364087 0.00105412 0)
(0.0348935 0.00105639 5.74928e-21)
(0.0333712 0.00105817 0)
(0.0318462 0.00105958 6.7112e-21)
(0.0303184 0.00106089 0)
(0.028789 0.00106219 0)
(0.0272584 0.00106366 0)
(0.0257272 0.00106537 -8.91277e-21)
(0.0241958 0.00106745 0)
(0.0226642 0.00106991 0)
(0.0211326 0.00107278 0)
(0.019601 0.00107606 0)
(0.0180698 0.00107984 0)
(0.0165389 0.00108417 0)
(0.0150086 0.00108924 -1.4118e-20)
(0.0134786 0.00109516 -1.50735e-20)
(0.0119487 0.00110204 0)
(0.0104184 0.0011099 0)
(0.00888756 0.00111862 0)
(0.00735627 0.00112796 1.97533e-20)
(0.00582516 0.00113814 0)
(0.00429589 0.00114801 -4.56229e-20)
(0.00277252 0.00115453 4.91831e-20)
(0.00126444 0.00115253 5.31511e-20)
(-0.000225523 0.00111798 -5.52267e-20)
(-0.0016037 0.0010487 5.40048e-20)
(-0.00312973 0.00088176 -5.20497e-20)
(-0.00346596 0.00049216 0)
(-0.00544439 0.00108585 -3.10404e-18)
(-0.00855616 0.00085776 -2.81429e-18)
(-0.0116424 0.000510301 0)
(-0.0148157 0.000185014 -4.79036e-18)
(-0.0181951 -0.000155196 -8.91115e-18)
(-0.0217868 -0.000513946 -4.15913e-18)
(-0.0256008 -0.000892279 3.89234e-18)
(-0.0296602 -0.00129423 6.01853e-36)
(-0.0339889 -0.00172294 3.00927e-36)
(-0.0386039 -0.0021826 3.22205e-18)
(-0.0435238 -0.00267054 3.03005e-18)
(-0.0487647 -0.00315536 3.00927e-36)
(-0.0543403 -0.00367124 0)
(-0.0603076 -0.00426491 0)
(-0.0667233 -0.00491897 -1.1233e-34)
(-0.0735922 -0.00562602 -9.30521e-35)
(-0.0810616 -0.00638823 3.91205e-35)
(-0.0889947 -0.00721087 -3.75624e-18)
(-0.0979496 -0.00810419 -3.42176e-18)
(-0.107013 -0.00907168 6.01853e-36)
(-0.118545 -0.0101351 5.38287e-18)
(-0.128116 -0.0113034 8.93454e-18)
(-0.14548 -0.0125338 0)
(-0.152932 -0.0140441 -4.30857e-18)
(-0.187442 -0.0163855 -9.0278e-36)
)
;
    }
    frontAndBack
    {
        type            empty;
    }
}


// ************************************************************************* //
