/*--------------------------------*- C++ -*----------------------------------*\
  =========                 |
  \\      /  F ield         | OpenFOAM: The Open Source CFD Toolbox
   \\    /   O peration     | Website:  https://openfoam.org
    \\  /    A nd           | Version:  8
     \\/     M anipulation  |
\*---------------------------------------------------------------------------*/
FoamFile
{
    version     2.0;
    format      ascii;
    class       volVectorField;
    location    "1800";
    object      wallShearStress;
}
// * * * * * * * * * * * * * * * * * * * * * * * * * * * * * * * * * * * * * //

dimensions      [0 2 -2 0 0 0 0];

internalField   uniform (0 0 0);

boundaryField
{
    inlet
    {
        type            calculated;
        value           uniform (0 0 0);
    }
    outlet
    {
        type            calculated;
        value           uniform (0 0 0);
    }
    upperWall
    {
        type            calculated;
        value           nonuniform List<vector> 
223
(
(-0.443991 0.00298287 0)
(-0.470662 0.00546549 0)
(-0.497232 0.00688382 0)
(-0.503858 0.00739956 0)
(-0.50031 0.007384 0)
(-0.490135 0.00702509 0)
(-0.478307 0.00651451 0)
(-0.466309 0.00593803 0)
(-0.453904 0.00533425 0)
(-0.442226 0.00475026 0)
(-0.431504 0.00420386 0)
(-0.42179 0.00370144 0)
(-0.413084 0.00324537 0)
(-0.405319 0.00283625 0)
(-0.398422 0.00247316 0)
(-0.392301 0.00216594 0)
(-0.386821 0.00191869 0)
(-0.381943 0.00177059 0)
(-0.378036 0.00169277 0)
(-0.374951 0.0016448 5.92667e-22)
(-0.371936 0.00157635 0)
(-0.369004 0.00149701 0)
(-0.366152 0.0014126 0)
(-0.36338 0.00132621 6.04405e-22)
(-0.360696 0.00123966 0)
(-0.358099 0.00115437 0)
(-0.355592 0.00107133 0)
(-0.353173 0.000991089 -1.22973e-21)
(-0.350844 0.0009138 1.23472e-21)
(-0.348604 0.000839857 1.23963e-21)
(-0.346451 0.000769401 0)
(-0.344385 0.000702598 -1.24923e-21)
(-0.342404 0.000639331 0)
(-0.340507 0.000579764 1.25858e-21)
(-0.33869 0.000523999 1.26317e-21)
(-0.336952 0.000471919 -1.26771e-21)
(-0.335289 0.000423536 0)
(-0.333699 0.00037865 0)
(-0.332178 0.000337379 0)
(-0.330725 0.00029964 0)
(-0.329334 0.000265205 -1.28989e-21)
(-0.328004 0.000234083 0)
(-0.32673 0.000206144 0)
(-0.32551 0.0001812 1.303e-21)
(-0.324339 0.000159093 0)
(-0.323215 0.000139671 1.31175e-21)
(-0.322134 0.000122767 -1.31614e-21)
(-0.321095 0.000108185 1.32057e-21)
(-0.320093 9.58531e-05 0)
(-0.319127 8.56622e-05 0)
(-0.318192 7.74076e-05 0)
(-0.317289 7.10953e-05 1.33857e-21)
(-0.31641 6.64448e-05 -1.34317e-21)
(-0.31556 6.33431e-05 0)
(-0.314728 6.16674e-05 0)
(-0.313923 6.1302e-05 0)
(-0.313128 6.20675e-05 0)
(-0.312361 6.39228e-05 0)
(-0.311594 6.68312e-05 0)
(-0.310856 7.05364e-05 0)
(-0.310112 7.50294e-05 0)
(-0.309392 8.02283e-05 1.38675e-21)
(-0.308672 8.58988e-05 -1.3918e-21)
(-0.307951 9.25893e-05 0)
(-0.307261 9.93844e-05 0)
(-0.306528 0.00010686 0)
(-0.305853 0.000115005 -1.41235e-21)
(-0.305114 0.000122365 0)
(-0.304472 0.000134785 0)
(-0.303539 0.000143631 0)
(-0.30347 0.000140487 0)
(-0.301877 0.000146463 0)
(-0.314151 0.000151095 -3.0068e-21)
(-0.364763 0.000151179 0)
(-0.379666 0.000151012 0)
(-0.353502 0.000167551 0)
(-0.383151 3.38215e-05 0)
(-0.38489 0.000754215 0)
(-0.360749 0.00126854 0)
(-0.344155 0.00076481 0)
(-0.326336 0.000471705 3.25209e-21)
(-0.315581 0.000357009 0)
(-0.307816 0.000284245 0)
(-0.309529 0.000115034 0)
(-0.298977 -6.7186e-05 -3.07379e-21)
(-0.325952 -0.000116424 0)
(-0.339635 -3.87319e-05 -3.52147e-21)
(-0.331396 0.000113145 0)
(-0.36513 0.000328698 0)
(-0.342136 0.000216242 0)
(-0.358157 0.000463667 -3.7861e-21)
(-0.336277 0.000761727 0)
(-0.320967 0.000739066 3.41465e-21)
(-0.310817 0.000642577 3.32705e-21)
(-0.29738 4.62918e-05 0)
(-0.327083 0.000523515 3.53375e-21)
(-0.313552 0.00106393 0)
(-0.303369 0.000845545 0)
(-0.297575 0.000585801 0)
(-0.303057 0.000303037 -3.28913e-21)
(-0.294227 0.000307872 0)
(-0.293893 0.000272151 -3.22855e-21)
(-0.293443 0.000338232 3.23296e-21)
(-0.293113 1.01095e-05 0)
(-0.31839 0.000251973 0)
(-0.312553 0.00078463 0)
(-0.291859 0.00106705 0)
(-0.291058 0.000993129 0)
(-0.290651 0.000526468 0)
(-0.290133 0.000292233 0)
(-0.289642 2.1633e-05 -3.16288e-21)
(-0.2893 1.32837e-05 0)
(-0.288854 -4.61992e-05 0)
(-0.300267 -0.000157941 0)
(-0.315513 -8.1163e-05 0)
(-0.319017 7.85936e-05 0)
(-0.33651 0.000257645 0)
(-0.349038 0.000493655 0)
(-0.329244 0.000443134 0)
(-0.335303 0.00111798 0)
(-0.302676 0.00120773 0)
(-0.281973 0.000569282 0)
(-0.327002 0.000952322 0)
(-0.3029 0.00150682 -6.15217e-21)
(-0.279246 0.00129002 0)
(-0.278319 0.00141815 0)
(-0.277102 0.00141984 0)
(-0.276194 0.00101185 5.25117e-21)
(-0.275005 0.00124154 0)
(-0.273695 0.00125822 0)
(-0.272277 0.00112123 4.95945e-21)
(-0.270799 0.000863437 0)
(-0.269224 0.000313815 -4.81027e-21)
(-0.267976 0.000128965 0)
(-0.266626 -6.87467e-05 0)
(-0.280028 0.000209543 0)
(-0.264536 0.000297008 4.28267e-21)
(-0.288338 0.000443092 0)
(-0.262355 0.000449821 -3.93225e-21)
(-0.287402 0.000527671 0)
(-0.259882 0.000513813 0)
(-0.28226 0.000557183 0)
(-0.257067 0.000546943 0)
(-0.274756 0.000567651 0)
(-0.25396 0.000568831 0)
(-0.265902 0.000571482 0)
(-0.250624 0.000586227 0)
(-0.256276 0.000572711 0)
(-0.247029 0.000550167 0)
(-0.248929 -0.000138842 0)
(-0.242344 -0.000158991 -1.2073e-21)
(-0.239679 0.000152365 9.11552e-22)
(-0.23668 0.000331981 0)
(-0.234165 0.000389609 0)
(-0.231332 0.000522233 0)
(-0.228358 0.000443016 0)
(-0.225551 0.000382101 -6.93891e-22)
(-0.223723 0.00025571 1.04886e-21)
(-0.220359 0.00168002 -1.42559e-21)
(-0.220391 0.00293641 0)
(-0.219999 0.00186351 -2.10313e-21)
(-0.219475 0.00141186 -5.06288e-21)
(-0.218684 0.00220003 0)
(-0.217989 0.00112308 -6.58299e-21)
(-0.215357 -0.000330553 7.91263e-21)
(-0.212996 0.000265913 0)
(-0.222768 -4.97006e-05 0)
(-0.20771 -0.000123598 0)
(-0.205386 -1.45707e-05 0)
(-0.201917 0.000736877 0)
(-0.202555 0.00171973 -1.36317e-20)
(-0.203602 0.000282213 0)
(-0.196089 0.000193446 -1.63848e-20)
(-0.19506 0.00156448 0)
(-0.196077 0.00177393 0)
(-0.196182 0.00113938 0)
(-0.189499 0.000424917 0)
(-0.186111 0.000401027 0)
(-0.182457 0.00034229 2.40807e-20)
(-0.177933 0.000139822 0)
(-0.174045 0.000397815 0)
(-0.172232 0.00117382 -2.90101e-20)
(-0.173544 0.00165769 0)
(-0.176156 0.00129318 0)
(-0.177901 0.000764289 0)
(-0.177654 0.000543392 3.13017e-20)
(-0.175847 0.000407542 0)
(-0.172102 0.000240779 0)
(-0.165846 9.43963e-05 0)
(-0.156178 0.00026249 0)
(-0.143042 0.000711552 -5.13163e-20)
(-0.127312 0.00133389 0)
(-0.11082 0.00179676 0)
(-0.0955242 0.00185039 0)
(-0.0827895 0.00171373 9.17579e-20)
(-0.0704625 0.00149546 0)
(-0.0642565 0.00184465 0)
(-0.0349148 0.00145414 -1.39169e-19)
(-0.067841 0.000417722 -6.01853e-36)
(-0.102153 0.00577762 1.18114e-17)
(-0.125612 0.0102176 2.11597e-17)
(-0.138129 0.0128084 1.98605e-17)
(-0.145514 0.0142436 1.90771e-17)
(-0.151024 0.015116 1.84556e-17)
(-0.155311 0.0157346 -1.79342e-17)
(-0.158357 0.0161678 -1.7457e-17)
(-0.16066 0.0164654 -6.01853e-36)
(-0.162736 0.0166936 -3.33388e-17)
(-0.164797 0.0168962 -1.62941e-17)
(-0.166914 0.0170917 5.89816e-34)
(-0.169325 0.0172932 -1.20371e-35)
(-0.172168 0.0175328 -3.00056e-17)
(-0.175641 0.0178205 -2.88947e-17)
(-0.179726 0.0181761 -2.75944e-17)
(-0.184594 0.0185952 2.40741e-35)
(-0.190148 0.0190915 4.87493e-17)
(-0.196668 0.0196673 2.23975e-17)
(-0.20384 0.0203207 2.40741e-35)
(-0.212567 0.0210983 -3.49966e-17)
(-0.220859 0.0218818 -1.2391e-20)
(-0.234489 0.0230438 0)
(-0.238755 0.0237711 1.31545e-17)
(-0.264603 0.0253424 -7.11125e-18)
)
;
    }
    lowerWall
    {
        type            calculated;
        value           nonuniform List<vector> 
250
(
(-0.625294 -0.0061632 0)
(-0.666739 -0.0117827 0)
(-0.604457 -0.0127049 0)
(-0.579511 -0.0126756 0)
(-0.529166 -0.00989185 0)
(-0.500992 -0.00683139 0)
(-0.500416 -0.00489407 0)
(-0.473791 -0.00341112 0)
(-0.555972 -0.00306907 0)
(-0.577525 -0.00212268 0)
(-0.557857 -0.00203286 0)
(-0.491558 -0.00160825 0)
(-0.448526 -0.000841638 0)
(-0.433333 -0.000807084 0)
(-0.454501 -0.000788218 0)
(-0.457688 -0.000505147 0)
(-0.485095 -0.00106982 0)
(-0.445614 -0.000915817 0)
(0.00217072 0.000101502 0)
(0.00240648 -0.00276252 0)
(0.00265664 -0.00570917 0)
(0.00297134 -0.00879782 1.13293e-19)
(0.00336405 -0.0118352 -9.5469e-20)
(0.00375783 -0.0156086 8.3788e-20)
(0.00368186 -0.0155782 -7.55673e-20)
(0.00987331 -0.0363674 0)
(-0.0498878 -0.110857 0)
(0.000221745 -0.000281491 0)
(5.12385e-05 -0.000801819 0)
(-1.53692e-05 -0.00088438 0)
(5.35042e-05 -0.000880312 0)
(3.56992e-05 -0.000854481 1.54046e-19)
(-0.000139663 -0.000293965 -1.50271e-19)
(-0.000582242 0.00114556 0)
(-0.00119027 0.00386991 -1.72193e-19)
(-0.00157277 0.00734822 1.31535e-19)
(-0.0015132 0.0106249 0)
(-0.00111152 0.0130305 0)
(-0.00057125 0.014279 0)
(-5.58445e-05 0.0143522 0)
(0.000351473 0.0134521 0)
(0.000692062 0.0118598 0)
(0.00102689 0.00962354 0)
(0.00139625 0.00678138 0)
(0.00181458 0.003378 0)
(-0.000147094 -0.000281848 0)
(0.000171176 -0.000454564 0)
(0.000484336 -0.000508148 0)
(0.000811599 -0.000439314 0)
(0.00107309 -0.000203709 -0)
(0.00112364 0.000187499 -0)
(0.000877529 0.000657081 1.43455e-20)
(0.000363502 0.0010993 -1.64121e-20)
(-0.000351929 0.00142222 0)
(-0.00117293 0.00158433 -9.43405e-21)
(-0.00202022 0.00159959 0)
(-0.00282835 0.00149794 0)
(-0.00355142 0.00131629 0)
(-0.00416388 0.00108561 4.61259e-21)
(-0.00465426 0.000827195 0)
(-0.00501811 0.000552858 0)
(-0.00525297 0.000271058 -3.99735e-21)
(-0.00536325 -2.43039e-05 -0)
(-0.00532373 -0.000330665 0)
(-0.00513269 -0.000626523 -0)
(-0.00479905 -0.000891408 4.30521e-21)
(-0.00433496 -0.00110474 -0)
(-0.00375868 -0.00124487 5.10653e-21)
(-0.0030982 -0.00129194 0)
(-0.00239195 -0.00123086 -0)
(-0.00169044 -0.0010582 8.3417e-21)
(-0.00105293 -0.000790464 0)
(-0.00053872 -0.000474946 -1.39459e-20)
(-0.000180558 -0.000188539 0)
(4.2829e-05 3.02522e-06 2.37254e-20)
(0.000185177 0.000110654 0)
(0.000269152 0.000198403 0)
(0.00026555 0.000305772 0)
(0.00016005 0.000455681 0)
(-8.3037e-05 0.00066086 0)
(-0.000494647 0.000879269 -1.51828e-20)
(-0.00105671 0.00103022 0)
(-0.00168027 0.00103625 1.77587e-20)
(-0.00224383 0.000884443 0)
(-0.00264755 0.000622548 -1.40172e-20)
(-0.0028486 0.000335091 0)
(-0.00286941 9.76647e-05 0)
(-0.00276553 -3.88631e-05 1.3835e-20)
(-0.0026137 -4.84984e-05 0)
(-0.00248912 6.88401e-05 1.44934e-20)
(-0.00241087 0.00026179 -1.4667e-20)
(-0.00233217 0.000400227 0)
(-0.0021294 0.000248827 -1.58882e-20)
(-0.00154352 -0.000378241 -1.83544e-20)
(-0.000280541 -0.00108881 0)
(0.00146147 -0.00167757 0)
(0.0033203 -0.00232633 0)
(0.00545502 -0.00303297 0)
(0.00784367 -0.00359274 -0)
(0.0103792 -0.00386395 3.48219e-21)
(0.0129176 -0.00390439 0)
(0.0153896 -0.00386043 -2.76328e-21)
(0.0188056 -0.0039159 -0)
(0.0209166 -0.00357766 -0)
(0.0221746 -0.00315399 2.18042e-21)
(0.0241252 -0.00293391 0)
(0.0259695 -0.00269102 -1.94527e-21)
(0.0287177 -0.00251042 -0)
(0.0309892 -0.00234363 0)
(0.0330524 -0.00218679 -0)
(0.0351662 -0.00203659 1.84519e-21)
(0.0370759 -0.00189829 0)
(0.0389723 -0.00177761 -0)
(0.0407561 -0.00166931 1.79504e-21)
(0.0425012 -0.00157389 0)
(0.0441723 -0.00148863 1.77354e-21)
(0.0458023 -0.0014124 0)
(0.0473789 -0.00134345 0)
(0.0489162 -0.00128054 0)
(0.0504112 -0.0012226 -1.74173e-21)
(0.0518696 -0.00116857 -0)
(0.053291 -0.00111779 0)
(0.0546782 -0.00106958 -1.72139e-21)
(0.056031 -0.00102335 -1.71463e-21)
(0.0573502 -0.000978794 -0)
(0.0586359 -0.000935538 -1.7007e-21)
(0.0598883 -0.000893319 0)
(0.0611069 -0.000851803 -3.37171e-21)
(0.0622917 -0.0008109 -0)
(0.0634417 -0.000770331 -3.33947e-21)
(0.0645569 -0.000729974 -0)
(0.0656356 -0.00068968 3.30415e-21)
(0.0666784 -0.000649147 0)
(0.0676825 -0.000608037 0)
(0.0686475 -0.000566422 0)
(0.0695718 -0.000523593 -3.22188e-21)
(0.0704533 -0.000479482 -0)
(0.0712905 -0.000433639 3.17406e-21)
(0.0720807 -0.000385758 0)
(0.0728217 -0.00033557 -3.12155e-21)
(0.0735104 -0.000282723 -3.09347e-21)
(0.0741436 -0.000227676 -3.06417e-21)
(0.0747193 -0.000171021 -0)
(0.0752347 -0.000114895 0)
(0.0756903 -6.20915e-05 0)
(0.0760907 -1.79691e-05 0)
(0.0764422 2.04943e-05 0)
(0.0767452 5.82385e-05 0)
(0.0770001 9.55204e-05 0)
(0.0772057 0.000132661 0)
(0.0773617 0.000169718 2.73149e-21)
(0.0774678 0.000206521 2.68439e-21)
(0.0775231 0.000243191 0)
(0.0775277 0.000279448 0)
(0.0774811 0.000315357 0)
(0.0773833 0.000350824 2.47236e-21)
(0.0772339 0.000385732 0)
(0.0770335 0.000420063 0)
(0.0767816 0.000453688 0)
(0.0764791 0.000486662 0)
(0.0761259 0.000518738 -2.15092e-21)
(0.0757232 0.000550227 0)
(0.0752702 0.000580749 0)
(0.074769 0.000610568 1.92699e-21)
(0.0742189 0.000639387 -1.84714e-21)
(0.0736219 0.000667595 0)
(0.0729772 0.000694771 -1.67959e-21)
(0.0722874 0.000721272 0)
(0.0715518 0.000746879 1.50152e-21)
(0.0707721 0.00077179 0)
(0.0699492 0.000795701 0)
(0.0690846 0.00081905 0)
(0.0681807 0.000841315 0)
(0.0672383 0.000863005 0)
(0.0662439 0.00088337 -1.80443e-21)
(0.0652307 0.000903277 -1.58497e-21)
(0.0641543 0.000921536 0)
(0.0630626 0.000937679 0)
(0.0619305 0.000950072 0)
(0.0607727 0.000955872 6.43566e-22)
(0.0595844 0.000952997 0)
(0.0583682 0.00094857 0)
(0.0571193 0.00095612 0)
(0.0558403 0.000970504 -4.06651e-22)
(0.0545318 0.000981901 6.89183e-22)
(0.0531992 0.000992543 0)
(0.0518433 0.00100218 0)
(0.0504668 0.00101117 1.59057e-21)
(0.0490703 0.00101931 1.91032e-21)
(0.0476566 0.00102678 0)
(0.0462263 0.00103344 0)
(0.0447815 0.00103942 -2.93389e-21)
(0.0433237 0.00104461 3.29836e-21)
(0.0418538 0.0010491 0)
(0.0403729 0.00105265 0)
(0.0388832 0.00105553 4.47088e-21)
(0.0373848 0.00105744 0)
(0.0358811 0.00105861 0)
(0.0343724 0.00105911 5.7794e-21)
(0.0328608 0.00105898 0)
(0.0313479 0.00105846 6.74091e-21)
(0.0298341 0.00105767 0)
(0.0283212 0.00105676 0)
(0.0268093 0.00105595 0)
(0.0252992 0.00105536 -8.93146e-21)
(0.0237911 0.0010551 0)
(0.0222848 0.00105525 0)
(0.0207806 0.00105584 0)
(0.0192783 0.00105693 0)
(0.0177779 0.00105857 0)
(0.0162794 0.00106092 0)
(0.0147825 0.00106408 -1.40591e-20)
(0.0132869 0.00106826 -1.4994e-20)
(0.0117921 0.00107353 0)
(0.0102975 0.00107998 0)
(0.00880236 0.00108742 0)
(0.00730657 0.00109573 1.95524e-20)
(0.0058104 0.00110501 0)
(0.00431529 0.00111434 -4.50325e-20)
(0.002825 0.0011206 4.8474e-20)
(0.00134854 0.00111867 5.23002e-20)
(-0.000109844 0.00108707 -5.46804e-20)
(-0.00145751 0.00102204 5.38566e-20)
(-0.00295689 0.000859638 -5.192e-20)
(-0.00327666 0.000477451 0)
(-0.00522859 0.00108958 -3.09732e-18)
(-0.00830857 0.000867449 -2.80705e-18)
(-0.0113629 0.000525829 0)
(-0.0145158 0.000205832 -4.77439e-18)
(-0.017882 -0.000130775 -8.87776e-18)
(-0.0214667 -0.000486611 -4.14197e-18)
(-0.0252809 -0.000862888 3.87491e-18)
(-0.0293454 -0.00126358 -1.80556e-35)
(-0.0336877 -0.00169207 9.0278e-36)
(-0.0383238 -0.00215178 3.20494e-18)
(-0.0432706 -0.00264552 3.01321e-18)
(-0.048546 -0.00313433 0)
(-0.0541564 -0.0036485 0)
(-0.0601637 -0.00424342 0)
(-0.0666213 -0.00490053 -2.76946e-35)
(-0.0735361 -0.00561197 -5.68939e-36)
(-0.0810541 -0.00637898 9.32872e-35)
(-0.0890387 -0.00720694 -3.73659e-18)
(-0.0980462 -0.00810559 -3.40495e-18)
(-0.107162 -0.00907901 1.20371e-35)
(-0.118757 -0.0101485 5.36118e-18)
(-0.128375 -0.0113231 8.90135e-18)
(-0.145828 -0.0125595 0)
(-0.153313 -0.0140768 -4.294e-18)
(-0.187981 -0.0164271 -2.40741e-35)
)
;
    }
    frontAndBack
    {
        type            empty;
    }
}


// ************************************************************************* //
