/*--------------------------------*- C++ -*----------------------------------*\
  =========                 |
  \\      /  F ield         | OpenFOAM: The Open Source CFD Toolbox
   \\    /   O peration     | Website:  https://openfoam.org
    \\  /    A nd           | Version:  8
     \\/     M anipulation  |
\*---------------------------------------------------------------------------*/
FoamFile
{
    version     2.0;
    format      ascii;
    class       volVectorField;
    location    "500";
    object      wallShearStress;
}
// * * * * * * * * * * * * * * * * * * * * * * * * * * * * * * * * * * * * * //

dimensions      [0 2 -2 0 0 0 0];

internalField   uniform (0 0 0);

boundaryField
{
    inlet
    {
        type            calculated;
        value           uniform (0 0 0);
    }
    outlet
    {
        type            calculated;
        value           uniform (0 0 0);
    }
    upperWall
    {
        type            calculated;
        value           nonuniform List<vector> 
223
(
(-0.443517 -0.00997859 0)
(-0.437682 -0.00940634 0)
(-0.430564 -0.00613655 0)
(-0.423214 -0.00354908 0)
(-0.416368 -0.00183037 0)
(-0.41027 -0.000744671 0)
(-0.404865 -7.28216e-05 0)
(-0.400077 0.000341784 0)
(-0.395846 0.000593927 0)
(-0.392123 0.000742416 0)
(-0.388846 0.000827012 0)
(-0.385965 0.000867893 0)
(-0.383424 0.000880317 0)
(-0.381179 0.000879228 0)
(-0.379187 0.000874148 0)
(-0.377411 0.00086981 0)
(-0.375804 0.000867846 0)
(-0.374356 0.000908793 0)
(-0.373255 0.000968546 0)
(-0.372498 0.00101926 4.13996e-22)
(-0.371758 0.00104275 0)
(-0.371047 0.00104803 0)
(-0.370364 0.00104153 0)
(-0.369712 0.00102781 4.24903e-22)
(-0.369093 0.00101027 0)
(-0.368509 0.000991139 0)
(-0.367958 0.000971979 0)
(-0.367439 0.000953644 -8.69417e-22)
(-0.366949 0.000936703 8.74161e-22)
(-0.366487 0.000921547 8.78855e-22)
(-0.366052 0.000908318 0)
(-0.36564 0.000896961 -8.88156e-22)
(-0.365251 0.000887468 0)
(-0.364882 0.000879759 8.97362e-22)
(-0.364531 0.000873555 9.01947e-22)
(-0.364196 0.000868669 -9.06528e-22)
(-0.363877 0.000864831 0)
(-0.36357 0.000861838 0)
(-0.363275 0.000859536 0)
(-0.36299 0.000857615 0)
(-0.362714 0.000855852 -9.29521e-22)
(-0.362446 0.000854085 0)
(-0.362184 0.000852213 0)
(-0.361927 0.000850017 9.4351e-22)
(-0.361675 0.000847406 0)
(-0.361427 0.000844286 9.52963e-22)
(-0.361181 0.000840567 -9.57734e-22)
(-0.360938 0.000836202 9.62534e-22)
(-0.360696 0.000831139 0)
(-0.360456 0.000825373 0)
(-0.360216 0.000818979 0)
(-0.359976 0.000811933 9.82033e-22)
(-0.359736 0.000804231 -9.86983e-22)
(-0.359496 0.000795938 0)
(-0.359255 0.000787154 0)
(-0.359012 0.000777907 0)
(-0.358769 0.000768182 0)
(-0.358525 0.000758233 0)
(-0.358278 0.000748052 0)
(-0.35803 0.000737575 0)
(-0.35778 0.00072706 0)
(-0.357529 0.000716586 1.03257e-21)
(-0.357275 0.000706087 -1.03769e-21)
(-0.357019 0.000695722 0)
(-0.356761 0.000685504 0)
(-0.3565 0.00067549 0)
(-0.356237 0.000665819 -1.05812e-21)
(-0.355972 0.00065645 0)
(-0.355703 0.000647423 0)
(-0.355432 0.000638818 0)
(-0.355158 0.000630662 0)
(-0.354881 0.000622938 0)
(-0.3546 0.000615702 -2.17567e-21)
(-0.354316 0.000609017 0)
(-0.354028 0.000602814 0)
(-0.353736 0.000597089 0)
(-0.35344 0.000591968 0)
(-0.353139 0.000587369 0)
(-0.352833 0.00058325 0)
(-0.352523 0.000579677 0)
(-0.352207 0.000576604 2.24581e-21)
(-0.351885 0.000574051 0)
(-0.351557 0.000572013 0)
(-0.351222 0.00057043 0)
(-0.35088 0.000569368 -2.27377e-21)
(-0.350531 0.000568726 0)
(-0.350174 0.00056848 -2.28521e-21)
(-0.349808 0.000568702 0)
(-0.349433 0.000569347 0)
(-0.349049 0.000570387 0)
(-0.348655 0.000571835 -2.30167e-21)
(-0.348249 0.000573597 0)
(-0.347833 0.000575729 2.30611e-21)
(-0.347404 0.000578249 2.30724e-21)
(-0.346963 0.000581001 0)
(-0.346509 0.00058407 2.30712e-21)
(-0.346041 0.00058744 0)
(-0.345558 0.000591057 0)
(-0.345061 0.000594971 0)
(-0.344546 0.000599069 -2.29611e-21)
(-0.344016 0.000603426 0)
(-0.343468 0.000607997 -2.28444e-21)
(-0.342902 0.000612723 2.27689e-21)
(-0.342316 0.000617658 0)
(-0.341712 0.000622737 0)
(-0.341087 0.000627982 0)
(-0.340441 0.000633366 0)
(-0.339773 0.000638823 0)
(-0.339083 0.000644391 0)
(-0.338369 0.000650078 0)
(-0.337632 0.000655779 -2.16816e-21)
(-0.336869 0.000661582 0)
(-0.336082 0.000667372 0)
(-0.335269 0.000673223 0)
(-0.334428 0.000679119 0)
(-0.333561 0.000684992 0)
(-0.332665 0.000690793 0)
(-0.331741 0.000696529 0)
(-0.330789 0.000702249 0)
(-0.329806 0.000707849 0)
(-0.328794 0.000713342 0)
(-0.32775 0.000718734 0)
(-0.326676 0.000723951 0)
(-0.32557 0.000729085 -3.49764e-21)
(-0.324433 0.000734059 0)
(-0.323263 0.000738771 0)
(-0.322061 0.000743434 0)
(-0.320827 0.000747759 3.08329e-21)
(-0.319559 0.000751982 0)
(-0.318259 0.000755841 0)
(-0.316925 0.000759616 2.71529e-21)
(-0.315558 0.000762863 0)
(-0.314158 0.000766095 -2.4409e-21)
(-0.312727 0.000768809 0)
(-0.311262 0.000771301 0)
(-0.309766 0.00077368 0)
(-0.308236 0.000775712 1.81803e-21)
(-0.306674 0.000777163 0)
(-0.305079 0.000777718 -1.46785e-21)
(-0.303452 0.000778221 0)
(-0.301795 0.000778617 0)
(-0.300107 0.000778746 0)
(-0.298389 0.000779783 0)
(-0.296644 0.000777165 0)
(-0.294869 0.000778207 0)
(-0.293071 0.000775524 0)
(-0.291244 0.000772124 0)
(-0.289396 0.00077256 0)
(-0.287522 0.000768787 0)
(-0.285629 0.000766621 0)
(-0.283715 0.000761682 1.22936e-21)
(-0.281783 0.000757094 -1.5032e-21)
(-0.279835 0.000752078 0)
(-0.277871 0.00074704 0)
(-0.275895 0.000741627 0)
(-0.273907 0.000735703 0)
(-0.27191 0.000729915 -2.99097e-21)
(-0.269905 0.000723441 3.31259e-21)
(-0.267894 0.000716908 -3.64238e-21)
(-0.265877 0.000710316 0)
(-0.263856 0.00070308 -4.32638e-21)
(-0.261834 0.000695192 -9.36134e-21)
(-0.259812 0.000687007 0)
(-0.257794 0.000679448 -1.08276e-20)
(-0.255781 0.000671727 1.15856e-20)
(-0.253772 0.000663957 0)
(-0.251766 0.000655235 0)
(-0.249762 0.00064563 0)
(-0.247765 0.000637261 0)
(-0.245774 0.000629587 0)
(-0.243787 0.000622772 -1.64934e-20)
(-0.241806 0.000616066 0)
(-0.239826 0.000609994 -1.82729e-20)
(-0.237844 0.000604133 0)
(-0.235856 0.000598697 0)
(-0.23386 0.000593347 0)
(-0.231858 0.000588685 0)
(-0.229848 0.000584445 0)
(-0.227826 0.000582075 2.4131e-20)
(-0.225791 0.000580883 0)
(-0.223732 0.000581498 0)
(-0.221645 0.000583103 -2.74109e-20)
(-0.219517 0.00058679 0)
(-0.217343 0.00059222 0)
(-0.215106 0.000600368 0)
(-0.212799 0.000610961 3.2305e-20)
(-0.210399 0.000625205 0)
(-0.207895 0.000643018 0)
(-0.205259 0.000666195 0)
(-0.202469 0.000694802 0)
(-0.199482 0.000732272 -3.97526e-20)
(-0.196249 0.000779243 0)
(-0.192718 0.000844087 0)
(-0.188706 0.000930485 0)
(-0.184314 0.00107332 4.78509e-20)
(-0.178229 0.00128644 0)
(-0.172851 0.00195975 0)
(-0.154023 0.00230029 -5.90643e-20)
(-0.161995 0.00908866 0)
(-0.185593 0.0154071 6.87402e-18)
(-0.201453 0.0185127 1.27932e-17)
(-0.210074 0.0202276 1.23526e-17)
(-0.217257 0.0213929 1.19802e-17)
(-0.224249 0.0223643 1.15683e-17)
(-0.230593 0.0232076 -1.12081e-17)
(-0.236425 0.0239575 -1.08831e-17)
(-0.241931 0.0246356 -3.00927e-36)
(-0.247252 0.0252646 -2.05331e-17)
(-0.252569 0.0258629 -9.95772e-18)
(-0.257991 0.0264494 1.95602e-34)
(-0.263638 0.0270392 -6.01853e-36)
(-0.269619 0.0276511 -1.79235e-17)
(-0.27606 0.0282972 -1.7157e-17)
(-0.283051 0.0289922 -1.63105e-17)
(-0.290727 0.0297457 0)
(-0.299189 0.030575 2.86293e-17)
(-0.308702 0.031501 1.31227e-17)
(-0.319169 0.0325273 6.01853e-36)
(-0.331336 0.0337029 -2.049e-17)
(-0.343929 0.0349656 -8.32948e-21)
(-0.361275 0.0365613 0)
(-0.372938 0.0380264 7.6499e-18)
(-0.402744 0.0402636 -4.6484e-18)
)
;
    }
    lowerWall
    {
        type            calculated;
        value           nonuniform List<vector> 
250
(
(-0.623891 0.020904 0)
(-0.603378 0.0184063 0)
(-0.582416 0.0107981 0)
(-0.562652 0.00525831 0)
(-0.545504 0.00199093 0)
(-0.531623 0.000174581 0)
(-0.520247 -0.000696588 0)
(-0.511417 -0.00110617 0)
(-0.504308 -0.001292 0)
(-0.498808 -0.00140197 0)
(-0.494325 -0.00145177 0)
(-0.490696 -0.00150455 0)
(-0.487615 -0.00153355 0)
(-0.484973 -0.0015504 0)
(-0.482613 -0.00156013 0)
(-0.48064 -0.00155559 0)
(-0.478243 -0.00159283 0)
(-0.477635 -0.00106822 0)
(0.000502941 -0.0131711 0)
(0.000631398 -0.0138286 0)
(0.00084426 -0.0146103 0)
(0.00119316 -0.0155822 7.10556e-20)
(0.00173863 -0.0168071 -6.80136e-20)
(0.00282415 -0.0186973 6.46622e-20)
(0.00371766 -0.019326 -5.9909e-20)
(0.00973191 -0.0397084 0)
(-0.0563018 -0.121718 0)
(-0.000312279 0.000311578 0)
(-0.000308647 0.00112982 0)
(-4.65901e-05 0.00150278 0)
(0.000257354 0.00128209 0)
(0.000487562 0.000625484 7.72736e-20)
(0.000641107 -0.000314407 -7.18465e-20)
(0.000725097 -0.00143086 0)
(0.000760824 -0.00264623 -1.11489e-19)
(0.000762343 -0.00389921 1.00524e-19)
(0.000738643 -0.00514253 0)
(0.000696602 -0.0063403 0)
(0.000642265 -0.00746643 0)
(0.000581116 -0.00850375 0)
(0.000518383 -0.00944271 0)
(0.000461279 -0.010285 0)
(0.000419394 -0.0110482 0)
(0.000403372 -0.0117628 0)
(0.000430257 -0.0124879 0)
(0.000166889 0.000332282 0)
(-0.000203845 0.000499018 0)
(-0.00048522 0.000448127 0)
(-0.000652142 0.000288806 0)
(-0.000711388 9.15937e-05 0)
(-0.000671154 -9.69449e-05 0)
(-0.000557397 -0.000249226 7.33491e-21)
(-0.000393427 -0.00036105 -6.95617e-21)
(-0.000195373 -0.000438166 -0)
(2.62833e-05 -0.000490012 -5.94802e-21)
(0.000265975 -0.000526646 -0)
(0.000522176 -0.000556184 0)
(0.00079514 -0.000583171 -0)
(0.00108522 -0.000609675 3.25565e-21)
(0.00139265 -0.0006362 0)
(0.00171728 -0.000662705 0)
(0.00205888 -0.000688787 -2.32763e-21)
(0.002417 -0.000714145 -0)
(0.00279119 -0.000738407 0)
(0.00318088 -0.000761341 -0)
(0.00358552 -0.000782652 1.6797e-21)
(0.00400443 -0.000802108 0)
(0.00443678 -0.000819491 1.48051e-21)
(0.00488186 -0.000834517 0)
(0.00533861 -0.000847021 -0)
(0.00580613 -0.000856748 1.26848e-21)
(0.00628302 -0.000863722 0)
(0.00676829 -0.00086824 -1.1677e-21)
(0.00726047 -0.000871397 -0)
(0.00775932 -0.000875043 1.09126e-21)
(0.00826368 -0.000882745 0)
(0.00877472 -0.000901164 0)
(0.00929771 -0.000935216 0)
(0.00983174 -0.000979798 -0)
(0.0103644 -0.00104755 0)
(0.0109556 -0.00117119 -9.5236e-22)
(0.0115653 -0.0011631 -0)
(0.0120318 -0.00116792 1.81573e-21)
(0.0124583 -0.00157487 0)
(0.013143 -0.00210409 -1.78726e-21)
(0.0140157 -0.00239205 -0)
(0.0153826 -0.00263791 -0)
(0.0163528 -0.00193185 2.31399e-21)
(0.0166942 -0.000881351 0)
(0.0170931 -0.000896228 2.33543e-21)
(0.0180976 -0.00110827 -2.31591e-21)
(0.0191699 -0.00122789 -0)
(0.0203287 -0.00124528 -2.2603e-21)
(0.0214505 -0.0012664 -2.23384e-21)
(0.0226284 -0.00128754 -0)
(0.0238242 -0.00130291 0)
(0.0250503 -0.00131448 0)
(0.0262971 -0.0013234 0)
(0.0275675 -0.00133048 -0)
(0.0288586 -0.00133606 2.11439e-21)
(0.0301706 -0.00134047 0)
(0.0315024 -0.00134378 -2.0844e-21)
(0.0328534 -0.00134607 -0)
(0.0342228 -0.00134739 -0)
(0.0356098 -0.00134764 2.0462e-21)
(0.0370134 -0.00134689 0)
(0.038433 -0.0013451 -2.0243e-21)
(0.0398675 -0.00134207 -0)
(0.0413157 -0.00133786 0)
(0.0427766 -0.00133234 -0)
(0.0442488 -0.00132542 1.9865e-21)
(0.0457309 -0.0013171 0)
(0.0472216 -0.00130721 -0)
(0.048719 -0.00129576 1.96151e-21)
(0.0502219 -0.00128275 0)
(0.0517285 -0.00126794 1.94563e-21)
(0.0532364 -0.00125138 0)
(0.0547442 -0.0012331 0)
(0.0562496 -0.00121296 0)
(0.0577508 -0.00119095 -1.91395e-21)
(0.0592452 -0.00116711 -0)
(0.060731 -0.00114137 0)
(0.0622055 -0.00111372 -1.88875e-21)
(0.0636667 -0.00108422 -1.87982e-21)
(0.065112 -0.00105278 -0)
(0.0665388 -0.00101949 -1.8609e-21)
(0.067945 -0.000984386 0)
(0.0693279 -0.000947416 -3.68049e-21)
(0.0706849 -0.000908585 -0)
(0.0720134 -0.000867971 -3.63494e-21)
(0.0733111 -0.000825576 -0)
(0.074575 -0.000781352 3.58447e-21)
(0.0758026 -0.000735269 0)
(0.076991 -0.000687351 0)
(0.0781378 -0.000637469 0)
(0.0792399 -0.000585385 -3.46572e-21)
(0.0802943 -0.000530814 -0)
(0.0812977 -0.000473407 3.39601e-21)
(0.0822464 -0.000412698 0)
(0.0831363 -0.000348208 -3.31856e-21)
(0.083963 -0.000279837 -3.2768e-21)
(0.0847226 -0.000207998 -3.23303e-21)
(0.0854106 -0.000134461 0)
(0.0860229 -6.37506e-05 0)
(0.0865625 -2.73653e-06 0)
(0.0870403 5.14421e-05 0)
(0.0874556 0.000105089 0)
(0.0878068 0.000158158 0)
(0.0880942 0.000211281 0)
(0.0883158 0.000264494 0)
(0.0884708 0.000317744 2.72513e-21)
(0.0885581 0.000371009 2.65406e-21)
(0.0885766 0.000424206 0)
(0.0885257 0.000477199 0)
(0.0884047 0.000529956 0)
(0.0882132 0.000582441 2.33697e-21)
(0.0879503 0.000634524 0)
(0.0876163 0.000686165 0)
(0.0872102 0.000737297 0)
(0.0867327 0.000787822 0)
(0.0861831 0.000837675 -1.86106e-21)
(0.0855624 0.000886767 0)
(0.0848701 0.000935134 0)
(0.0841073 0.000982538 1.52945e-21)
(0.0832742 0.00102901 -1.41077e-21)
(0.0823719 0.00107452 0)
(0.0814006 0.00111895 -1.16068e-21)
(0.0803621 0.00116218 0)
(0.079257 0.00120429 8.93042e-22)
(0.0780866 0.00124512 0)
(0.0768524 0.00128464 0)
(0.0755559 0.00132277 0)
(0.074199 0.00135955 0)
(0.0727827 0.00139492 0)
(0.0713095 0.00142884 4.61102e-23)
(0.0697838 0.00146138 3.86894e-22)
(0.0682025 0.00149237 0)
(0.066571 0.00152189 0)
(0.0648882 0.00154968 0)
(0.0631584 0.00157586 -1.86144e-21)
(0.0613871 0.00160069 0)
(0.0595756 0.00162394 0)
(0.0577232 0.00164553 0)
(0.0558345 0.00166557 -3.53184e-21)
(0.053912 0.00168403 3.98342e-21)
(0.0519578 0.00170099 0)
(0.0499752 0.00171639 0)
(0.0479669 0.00173044 5.42916e-21)
(0.0459348 0.00174311 5.94378e-21)
(0.0438823 0.00175436 0)
(0.0418118 0.0017644 0)
(0.0397252 0.00177325 -7.59813e-21)
(0.0376254 0.00178093 8.18997e-21)
(0.0355146 0.00178753 0)
(0.0333954 0.00179311 0)
(0.0312699 0.00179778 1.01052e-20)
(0.0291404 0.0018016 0)
(0.027009 0.00180467 0)
(0.0248777 0.00180708 1.22662e-20)
(0.0227484 0.00180891 0)
(0.0206231 0.00181027 1.38731e-20)
(0.0185033 0.00181124 0)
(0.0163909 0.00181192 0)
(0.0142874 0.0018124 0)
(0.0121942 0.00181272 -1.76007e-20)
(0.0101127 0.00181293 0)
(0.00804444 0.00181315 0)
(0.00599057 0.00181405 0)
(0.00395221 0.00181592 0)
(0.0019298 0.00181657 0)
(-7.61333e-05 0.00180343 0)
(-0.00206561 0.00176877 -2.43448e-20)
(-0.00404466 0.0017249 -2.37058e-20)
(-0.00601408 0.00168251 0)
(-0.00797459 0.00164264 0)
(-0.00992648 0.0016047 0)
(-0.0118695 0.00156783 2.15717e-20)
(-0.0138024 0.00153082 0)
(-0.0157214 0.0014919 -4.13771e-20)
(-0.0176208 0.00144737 4.05743e-20)
(-0.0194819 0.00139221 3.98323e-20)
(-0.0212953 0.0013053 -3.91727e-20)
(-0.0229096 0.00117357 3.8644e-20)
(-0.0245181 0.000833837 -3.84141e-20)
(-0.024275 0.000122152 0)
(-0.0266482 0.000128518 -2.43943e-18)
(-0.0312466 -0.000660162 -2.3092e-18)
(-0.0357234 -0.00131485 0)
(-0.0398787 -0.00183923 -4.2024e-18)
(-0.0441481 -0.00232826 -8.03836e-18)
(-0.0486482 -0.00281231 -3.84497e-18)
(-0.0533822 -0.00330316 3.678e-18)
(-0.0583704 -0.00381337 -3.61112e-35)
(-0.0636466 -0.00435093 3.00927e-36)
(-0.0692348 -0.00492038 3.20791e-18)
(-0.0751555 -0.0055249 3.05712e-18)
(-0.0814299 -0.00616773 3.00927e-36)
(-0.0880818 -0.00685138 0)
(-0.0951303 -0.00757886 0)
(-0.102613 -0.00835196 -3.78509e-35)
(-0.110539 -0.00917586 9.40395e-38)
(-0.118994 -0.0100478 1.56482e-34)
(-0.127926 -0.0109863 -3.94342e-18)
(-0.13763 -0.0119639 -3.59186e-18)
(-0.147601 -0.0130521 6.01853e-36)
(-0.159439 -0.0141333 5.63468e-18)
(-0.169733 -0.0154517 9.30388e-18)
(-0.18695 -0.0165757 6.01853e-36)
(-0.193912 -0.0183963 -4.3872e-18)
(-0.22791 -0.0190413 -3.00927e-36)
)
;
    }
    frontAndBack
    {
        type            empty;
    }
}


// ************************************************************************* //
