/*--------------------------------*- C++ -*----------------------------------*\
  =========                 |
  \\      /  F ield         | OpenFOAM: The Open Source CFD Toolbox
   \\    /   O peration     | Website:  https://openfoam.org
    \\  /    A nd           | Version:  8
     \\/     M anipulation  |
\*---------------------------------------------------------------------------*/
FoamFile
{
    version     2.0;
    format      ascii;
    class       volVectorField;
    location    "498";
    object      wallShearStress;
}
// * * * * * * * * * * * * * * * * * * * * * * * * * * * * * * * * * * * * * //

dimensions      [0 2 -2 0 0 0 0];

internalField   uniform (0 0 0);

boundaryField
{
    inlet
    {
        type            calculated;
        value           uniform (0 0 0);
    }
    outlet
    {
        type            calculated;
        value           uniform (0 0 0);
    }
    upperWall
    {
        type            calculated;
        value           nonuniform List<vector> 
223
(
(-0.443123 -0.0253988 0)
(-0.442122 -0.0232069 0)
(-0.437389 -0.0147873 0)
(-0.431428 -0.00853203 0)
(-0.425609 -0.00465151 0)
(-0.42041 -0.00235794 0)
(-0.415817 -0.00101997 0)
(-0.411751 -0.000236677 0)
(-0.408152 0.000226252 0)
(-0.404967 0.000501361 0)
(-0.40213 0.000665102 0)
(-0.399594 0.000761946 0)
(-0.397308 0.000818627 0)
(-0.395241 0.000850889 0)
(-0.393359 0.000868357 0)
(-0.391639 0.000882346 0)
(-0.390047 0.000892898 0)
(-0.38857 0.000939443 0)
(-0.387445 0.00101292 0)
(-0.386663 0.00107308 3.87905e-22)
(-0.38589 0.00109986 0)
(-0.38514 0.00110371 0)
(-0.384412 0.00109307 0)
(-0.383709 0.00107384 3.99102e-22)
(-0.383034 0.00105009 0)
(-0.382388 0.00102453 0)
(-0.381769 0.000998902 0)
(-0.381175 0.000974225 -8.18835e-22)
(-0.380606 0.000951159 8.23899e-22)
(-0.38006 0.000930038 8.28942e-22)
(-0.379535 0.000910865 0)
(-0.37903 0.000893889 -8.38985e-22)
(-0.378544 0.000878859 0)
(-0.378074 0.000865599 8.48992e-22)
(-0.37762 0.000854076 8.5399e-22)
(-0.37718 0.000843992 -8.58982e-22)
(-0.376754 0.000835184 0)
(-0.37634 0.000827472 0)
(-0.375937 0.000820637 0)
(-0.375544 0.000814516 0)
(-0.375161 0.000808926 -8.83987e-22)
(-0.374787 0.000803779 0)
(-0.374421 0.000798974 0)
(-0.374062 0.000794298 8.99066e-22)
(-0.37371 0.000789679 0)
(-0.373365 0.000785098 9.09165e-22)
(-0.373025 0.000780496 -9.14228e-22)
(-0.372691 0.000775788 9.19302e-22)
(-0.372361 0.000770934 0)
(-0.372036 0.000765872 0)
(-0.371715 0.000760636 0)
(-0.371397 0.000755228 9.39707e-22)
(-0.371083 0.000749648 -9.44836e-22)
(-0.370772 0.00074386 0)
(-0.370464 0.000737876 0)
(-0.370158 0.000731815 0)
(-0.369854 0.000725603 0)
(-0.369552 0.00071922 0)
(-0.369251 0.000712786 0)
(-0.368952 0.000706328 0)
(-0.368653 0.000699832 0)
(-0.368355 0.000693326 9.91134e-22)
(-0.368057 0.000686839 -9.96252e-22)
(-0.36776 0.000680446 0)
(-0.367462 0.000674132 0)
(-0.367164 0.000667924 0)
(-0.366865 0.000661892 -1.01653e-21)
(-0.366564 0.000656059 0)
(-0.366262 0.000650362 0)
(-0.365959 0.000644907 0)
(-0.365653 0.000639718 0)
(-0.365345 0.000634725 0)
(-0.365034 0.000630032 -2.09143e-21)
(-0.36472 0.000625689 0)
(-0.364402 0.000621589 0)
(-0.364081 0.000617824 0)
(-0.363755 0.000614444 0)
(-0.363424 0.000611335 0)
(-0.363089 0.000608584 0)
(-0.362748 0.000606196 0)
(-0.362401 0.000604172 2.15947e-21)
(-0.362047 0.000602516 0)
(-0.361687 0.000601264 0)
(-0.361318 0.000600341 0)
(-0.360942 0.000599742 -2.18623e-21)
(-0.360558 0.000599542 0)
(-0.360164 0.000599734 -2.19703e-21)
(-0.359761 0.000600275 0)
(-0.359348 0.000601125 0)
(-0.358924 0.000602349 0)
(-0.358489 0.000603939 -2.21213e-21)
(-0.358041 0.000605849 0)
(-0.357581 0.00060807 2.21584e-21)
(-0.357108 0.000610591 2.2166e-21)
(-0.356621 0.000613438 0)
(-0.35612 0.000616598 2.21569e-21)
(-0.355603 0.000620024 0)
(-0.35507 0.000623705 0)
(-0.354521 0.000627662 0)
(-0.353955 0.00063188 -2.20292e-21)
(-0.35337 0.000636314 0)
(-0.352767 0.000640983 -2.19027e-21)
(-0.352144 0.000645802 2.1822e-21)
(-0.351502 0.000650828 0)
(-0.350838 0.000656075 0)
(-0.350153 0.0006614 0)
(-0.349447 0.000666912 0)
(-0.348716 0.000672538 0)
(-0.347963 0.000678222 0)
(-0.347185 0.000684021 0)
(-0.346382 0.000689879 -2.06834e-21)
(-0.345554 0.000695789 0)
(-0.344699 0.000701721 0)
(-0.343817 0.000707676 0)
(-0.342908 0.000713572 0)
(-0.341972 0.000719483 0)
(-0.341006 0.000725355 0)
(-0.340012 0.000731124 0)
(-0.338987 0.000736797 0)
(-0.337933 0.00074237 0)
(-0.336848 0.000747843 0)
(-0.335733 0.00075316 0)
(-0.334586 0.000758259 0)
(-0.333408 0.000763243 -3.27188e-21)
(-0.332197 0.000768018 0)
(-0.330955 0.000772546 0)
(-0.32968 0.000776887 0)
(-0.328373 0.000780962 2.84689e-21)
(-0.327033 0.000784771 0)
(-0.32566 0.000788283 0)
(-0.324255 0.000791504 2.47032e-21)
(-0.322818 0.000794371 0)
(-0.321348 0.000796794 -2.18997e-21)
(-0.319848 0.000799015 0)
(-0.318315 0.000800895 0)
(-0.316752 0.000802787 0)
(-0.315157 0.000804456 1.55465e-21)
(-0.31353 0.000805012 0)
(-0.31187 0.000805055 -1.1982e-21)
(-0.31018 0.00080503 0)
(-0.30846 0.000804715 0)
(-0.306713 0.000804599 0)
(-0.304938 0.00080217 0)
(-0.303133 0.0008039 0)
(-0.301306 0.000800108 0)
(-0.299449 0.000796374 0)
(-0.297571 0.00079646 0)
(-0.295668 0.000792227 0)
(-0.293744 0.000790536 0)
(-0.291799 0.000785449 0)
(-0.289834 0.000780909 1.53253e-21)
(-0.287851 0.000776011 -1.80853e-21)
(-0.285852 0.000770996 0)
(-0.283837 0.000765506 0)
(-0.281808 0.000759855 0)
(-0.279767 0.000753795 0)
(-0.277714 0.000747458 -3.30595e-21)
(-0.275652 0.000740533 3.62932e-21)
(-0.273583 0.000733437 -3.96068e-21)
(-0.271507 0.000725938 0)
(-0.269428 0.000718426 -4.64776e-21)
(-0.267345 0.000710572 -1.00071e-20)
(-0.265261 0.000702763 0)
(-0.263176 0.000694711 -1.14797e-20)
(-0.26109 0.000686746 1.22408e-20)
(-0.259006 0.000678588 0)
(-0.256923 0.000670654 0)
(-0.254841 0.000662618 0)
(-0.252761 0.000654974 0)
(-0.250681 0.000647276 0)
(-0.248603 0.000639986 -1.71712e-20)
(-0.246527 0.000632824 0)
(-0.244451 0.000626204 -1.8961e-20)
(-0.242374 0.000619863 0)
(-0.240296 0.000614159 0)
(-0.238214 0.000608994 0)
(-0.236128 0.000604603 0)
(-0.234033 0.000600884 0)
(-0.231927 0.000598197 2.4838e-20)
(-0.229806 0.000596504 0)
(-0.227665 0.00059637 0)
(-0.225497 0.000597645 -2.81225e-20)
(-0.223293 0.000600888 0)
(-0.221044 0.000605904 0)
(-0.21874 0.000613491 0)
(-0.216367 0.000623609 3.30113e-20)
(-0.213911 0.000637453 0)
(-0.211354 0.000655015 0)
(-0.208666 0.00067815 0)
(-0.205824 0.000706859 0)
(-0.202786 0.000744779 -4.04324e-20)
(-0.1995 0.000792745 0)
(-0.195909 0.00085933 0)
(-0.191827 0.000948623 0)
(-0.187347 0.00109563 4.85311e-20)
(-0.181149 0.00131597 0)
(-0.175604 0.00200533 0)
(-0.156458 0.00234289 -5.98567e-20)
(-0.164465 0.00921771 -3.00927e-36)
(-0.188314 0.0156207 6.96633e-18)
(-0.204359 0.0187756 1.29558e-17)
(-0.213018 0.0205143 1.25067e-17)
(-0.22019 0.0216911 1.21277e-17)
(-0.227176 0.022666 1.17082e-17)
(-0.233519 0.0235125 -1.13399e-17)
(-0.239346 0.0242635 -1.1009e-17)
(-0.24483 0.0249415 0)
(-0.250153 0.0255694 -2.07555e-17)
(-0.25548 0.0261677 -1.00617e-17)
(-0.260918 0.0267542 2.61806e-34)
(-0.266587 0.0273459 -6.01853e-36)
(-0.272603 0.0279608 -1.80895e-17)
(-0.279071 0.0286099 -1.73095e-17)
(-0.286097 0.0293076 -1.64494e-17)
(-0.293808 0.0300653 -1.20371e-35)
(-0.30231 0.0308984 2.88501e-17)
(-0.311861 0.0318291 1.32194e-17)
(-0.322348 0.0328579 1.80556e-35)
(-0.334572 0.0340386 -2.06344e-17)
(-0.347145 0.0353021 -8.31838e-21)
(-0.364653 0.0369066 0)
(-0.37615 0.0383703 7.6952e-18)
(-0.4064 0.04061 -4.74457e-18)
)
;
    }
    lowerWall
    {
        type            calculated;
        value           nonuniform List<vector> 
250
(
(-0.624333 0.0512075 0)
(-0.613096 0.0432651 0)
(-0.597345 0.0249256 0)
(-0.58103 0.0124443 0)
(-0.566286 0.00541672 0)
(-0.55373 0.00173223 0)
(-0.543076 -0.000115763 0)
(-0.5342 -0.00104647 0)
(-0.526712 -0.0014538 0)
(-0.52047 -0.00164644 0)
(-0.515135 -0.00172011 0)
(-0.510571 -0.00174233 0)
(-0.506574 -0.00173495 0)
(-0.503061 -0.00171599 0)
(-0.499895 -0.0016839 0)
(-0.497201 -0.001648 0)
(-0.494003 -0.00177374 0)
(-0.492909 -0.00128179 0)
(0.000551089 -0.013748 0)
(0.000693294 -0.0144661 0)
(0.000926496 -0.0153217 0)
(0.00130743 -0.0163837 6.78985e-20)
(0.00189494 -0.0177306 -6.47646e-20)
(0.00306982 -0.0197562 6.14149e-20)
(0.00401352 -0.0206273 -5.67716e-20)
(0.0100693 -0.0421031 0)
(-0.0598147 -0.12574 0)
(-0.000326996 0.000323445 0)
(-0.000325526 0.00117624 0)
(-5.36418e-05 0.00156943 0)
(0.000262188 0.00134922 0)
(0.000502346 0.000677635 7.55812e-20)
(0.000663788 -0.000288896 -7.03063e-20)
(0.000753374 -0.00144105 0)
(0.000792524 -0.00269863 -1.08812e-19)
(0.000795906 -0.00399798 9.79536e-20)
(0.000772673 -0.00528965 0)
(0.000730086 -0.00653595 0)
(0.000674466 -0.00770946 0)
(0.000611766 -0.00879234 0)
(0.000547432 -0.00977464 0)
(0.000489498 -0.0106591 0)
(0.000448152 -0.0114648 0)
(0.000435031 -0.0122255 0)
(0.000468677 -0.0130057 0)
(0.000172793 0.000346635 0)
(-0.000214133 0.000519875 0)
(-0.00050719 0.000467636 0)
(-0.000682388 0.000304264 0)
(-0.000747228 0.000101852 0)
(-0.000710198 -9.17382e-05 0)
(-0.00059771 -0.000248119 7.06194e-21)
(-0.000433928 -0.000362722 -6.6854e-21)
(-0.000235469 -0.000441407 -0)
(-1.32618e-05 -0.000493926 -5.74491e-21)
(0.000227228 -0.000530181 -0)
(0.000483622 -0.000558507 0)
(0.000756078 -0.000583617 -0)
(0.00104453 -0.000608119 3.18693e-21)
(0.00134937 -0.000632516 0)
(0.00167004 -0.000657283 0)
(0.00200647 -0.000681998 -2.29529e-21)
(0.00235803 -0.000706934 -0)
(0.00272459 -0.000731629 0)
(0.0031056 -0.000756236 -0)
(0.00350095 -0.000780117 1.68059e-21)
(0.00390999 -0.000803139 0)
(0.00433224 -0.000824636 1.49927e-21)
(0.00476725 -0.000843903 0)
(0.00521415 -0.000860072 -0)
(0.0056724 -0.000872083 1.32081e-21)
(0.00614047 -0.00087935 0)
(0.00661788 -0.00088175 -1.24746e-21)
(0.00710245 -0.000881529 -0)
(0.00759546 -0.000884787 1.20098e-21)
(0.00809922 -0.000898238 0)
(0.00861906 -0.000928477 0)
(0.00920236 -0.00097204 0)
(0.00984222 -0.00088942 0)
(0.0103745 -0.000661501 0)
(0.0108681 -0.000690844 -1.0593e-21)
(0.0114608 -0.00100452 -0)
(0.0121746 -0.00130425 2.00077e-21)
(0.0128716 -0.00165329 0)
(0.01356 -0.0021008 -1.90584e-21)
(0.0145762 -0.00269504 -0)
(0.0158649 -0.0020982 -0)
(0.0163952 -0.00091613 2.42999e-21)
(0.0166045 -0.000960085 0)
(0.0177476 -0.00118308 2.32782e-21)
(0.0188253 -0.00128125 -2.29053e-21)
(0.020016 -0.0012882 -0)
(0.0211521 -0.00130787 -2.23796e-21)
(0.0223547 -0.0013284 -2.21436e-21)
(0.023571 -0.00134335 -0)
(0.02482 -0.00135489 0)
(0.026089 -0.00136383 0)
(0.0273827 -0.00137089 0)
(0.0286971 -0.00137657 -0)
(0.0300334 -0.00138109 2.09822e-21)
(0.0313897 -0.00138454 0)
(0.032766 -0.00138709 -2.06947e-21)
(0.0341613 -0.00138865 -0)
(0.035575 -0.00138922 -0)
(0.037006 -0.00138886 2.03288e-21)
(0.038454 -0.00138744 0)
(0.0399175 -0.0013849 -2.01188e-21)
(0.0413959 -0.00138115 -0)
(0.0428876 -0.0013761 0)
(0.0443918 -0.00136976 -0)
(0.045907 -0.00136196 1.97548e-21)
(0.0474318 -0.00135265 0)
(0.0489646 -0.0013417 -0)
(0.0505036 -0.00132907 1.95118e-21)
(0.052047 -0.00131476 0)
(0.0535933 -0.00129873 1.93559e-21)
(0.0551405 -0.00128082 0)
(0.0566864 -0.00126095 0)
(0.0582285 -0.0012392 0)
(0.0597653 -0.00121556 -1.90404e-21)
(0.061294 -0.00118994 -0)
(0.0628127 -0.00116234 0)
(0.0643186 -0.00113264 -1.87851e-21)
(0.0658089 -0.00110107 -1.86939e-21)
(0.0672821 -0.00106752 -0)
(0.0687346 -0.00103188 -1.84995e-21)
(0.0701641 -0.00099438 0)
(0.0715682 -0.000954935 -3.65717e-21)
(0.0729439 -0.000913494 -0)
(0.0742886 -0.000870173 -3.60981e-21)
(0.0755996 -0.000824966 -0)
(0.0768742 -0.000777751 3.55711e-21)
(0.0781092 -0.000728521 0)
(0.079302 -0.000677257 0)
(0.0804496 -0.000623699 0)
(0.0815486 -0.000567574 -3.43252e-21)
(0.0825955 -0.000508648 -0)
(0.0835871 -0.000446511 3.35923e-21)
(0.0845194 -0.000380502 0)
(0.0853873 -0.000310372 -3.27777e-21)
(0.0861869 -0.000236322 -3.23389e-21)
(0.0869131 -0.00015973 -3.18797e-21)
(0.087562 -8.45872e-05 0)
(0.0881339 -1.78978e-05 0)
(0.0886388 4.06573e-05 0)
(0.0890786 9.69303e-05 0)
(0.0894528 0.00015264 0)
(0.0897599 0.000208266 0)
(0.0899993 0.000263942 0)
(0.0901695 0.000319701 0)
(0.0902695 0.000375496 2.65126e-21)
(0.090298 0.000431155 2.57623e-21)
(0.0902548 0.000486669 0)
(0.0901383 0.000541968 0)
(0.0899485 0.000596833 0)
(0.0896852 0.00065135 2.24169e-21)
(0.0893473 0.000705404 0)
(0.088935 0.000758881 0)
(0.088448 0.000811613 0)
(0.0878871 0.000863642 0)
(0.0872515 0.000914914 -1.74046e-21)
(0.0865423 0.000965211 0)
(0.0857598 0.00101454 0)
(0.0849049 0.00106283 1.3918e-21)
(0.0839781 0.0011101 -1.26712e-21)
(0.0829802 0.00115615 0)
(0.0819128 0.00120092 -1.00457e-21)
(0.0807768 0.00124441 0)
(0.0795738 0.00128656 7.23833e-22)
(0.078305 0.00132731 0)
(0.0769724 0.00136661 0)
(0.0755776 0.00140442 0)
(0.0741225 0.00144071 0)
(0.0726094 0.00147556 0)
(0.0710404 0.00150895 4.71444e-22)
(0.0694156 0.00154069 8.28098e-22)
(0.067739 0.00157076 0)
(0.0660101 0.00159911 0)
(0.0642354 0.001626 0)
(0.0624192 0.00165151 -2.3711e-21)
(0.0605597 0.00167541 0)
(0.0586591 0.0016975 0)
(0.0567218 0.00171802 0)
(0.0547497 0.00173696 -4.12039e-21)
(0.0527459 0.00175427 4.59382e-21)
(0.0507134 0.0017701 0)
(0.0486543 0.00178444 0)
(0.0465718 0.00179725 6.11156e-21)
(0.0444688 0.00180866 6.65273e-21)
(0.0423477 0.00181874 0)
(0.0402109 0.00182752 0)
(0.0380614 0.00183498 -8.39621e-21)
(0.035902 0.00184126 9.02146e-21)
(0.0337349 0.00184644 0)
(0.0315626 0.00185057 0)
(0.0293876 0.00185374 1.10508e-20)
(0.0272122 0.00185603 0)
(0.0250386 0.00185753 0)
(0.0228689 0.00185834 1.33524e-20)
(0.0207051 0.00185855 0)
(0.0185491 0.00185827 1.50724e-20)
(0.0164027 0.0018576 0)
(0.0142675 0.00185664 0)
(0.0121451 0.00185543 0)
(0.010037 0.00185402 -1.90917e-20)
(0.00794468 0.00185258 0)
(0.00586943 0.00185184 0)
(0.0038123 0.001852 0)
(0.00177372 0.00185055 0)
(-0.000245732 0.00183347 0)
(-0.00224686 0.00179458 0)
(-0.00423512 0.00174803 -2.40653e-20)
(-0.00621138 0.00170332 -2.34625e-20)
(-0.00817633 0.00166138 0)
(-0.0101306 0.00162174 0)
(-0.0120746 0.00158371 0)
(-0.0140076 0.00154649 2.14208e-20)
(-0.0159281 0.00150886 0)
(-0.0178322 0.0014691 -4.1141e-20)
(-0.0197137 0.00142342 4.03674e-20)
(-0.0215529 0.00136671 3.9653e-20)
(-0.0233397 0.00127708 -3.90204e-20)
(-0.0249172 0.00114144 3.85188e-20)
(-0.0264823 0.000786888 -3.83232e-20)
(-0.0261058 6.05177e-05 0)
(-0.0285073 2.79154e-05 -2.43581e-18)
(-0.0331941 -0.00082059 -2.3073e-18)
(-0.0377507 -0.00150638 0)
(-0.0419433 -0.00204689 -4.20413e-18)
(-0.0462297 -0.0025451 -8.04669e-18)
(-0.0507415 -0.00303506 -3.85119e-18)
(-0.0554821 -0.00352966 3.68577e-18)
(-0.0604733 -0.00404186 -6.01853e-36)
(-0.0657499 -0.00458044 3.00927e-36)
(-0.0713365 -0.0051502 3.21887e-18)
(-0.0772556 -0.00575466 3.06867e-18)
(-0.0835282 -0.00639715 3.00927e-36)
(-0.0901787 -0.00708026 0)
(-0.097227 -0.00780709 0)
(-0.10471 -0.00857943 -5.52953e-35)
(-0.112638 -0.00940256 -5.66118e-35)
(-0.121095 -0.0102738 3.31019e-35)
(-0.13003 -0.0112114 -3.96547e-18)
(-0.13974 -0.0121884 -3.61279e-18)
(-0.149709 -0.0132758 0)
(-0.161559 -0.0143562 5.67003e-18)
(-0.171846 -0.015674 9.365e-18)
(-0.189088 -0.0167977 6.01853e-36)
(-0.196004 -0.0186184 -4.42015e-18)
(-0.230064 -0.0192499 -4.5139e-35)
)
;
    }
    frontAndBack
    {
        type            empty;
    }
}


// ************************************************************************* //
