/*--------------------------------*- C++ -*----------------------------------*\
  =========                 |
  \\      /  F ield         | OpenFOAM: The Open Source CFD Toolbox
   \\    /   O peration     | Website:  https://openfoam.org
    \\  /    A nd           | Version:  8
     \\/     M anipulation  |
\*---------------------------------------------------------------------------*/
FoamFile
{
    version     2.0;
    format      ascii;
    class       volVectorField;
    location    "2000";
    object      wallShearStress;
}
// * * * * * * * * * * * * * * * * * * * * * * * * * * * * * * * * * * * * * //

dimensions      [0 2 -2 0 0 0 0];

internalField   uniform (0 0 0);

boundaryField
{
    inlet
    {
        type            calculated;
        value           uniform (0 0 0);
    }
    outlet
    {
        type            calculated;
        value           uniform (0 0 0);
    }
    upperWall
    {
        type            calculated;
        value           nonuniform List<vector> 
223
(
(-0.460848 0.00305975 0)
(-0.493541 0.00569404 0)
(-0.509618 0.00687681 0)
(-0.510756 0.00714253 0)
(-0.505133 0.00699687 0)
(-0.49415 0.0065848 0)
(-0.483033 0.00608695 0)
(-0.471604 0.00554234 0)
(-0.46001 0.00497611 0)
(-0.449113 0.00443471 0)
(-0.439096 0.00394144 0)
(-0.429955 0.00349281 0)
(-0.421702 0.0030888 0)
(-0.414276 0.00273215 0)
(-0.407603 0.00242301 0)
(-0.401632 0.00216549 0)
(-0.396183 0.0019595 0)
(-0.391291 0.00185128 0)
(-0.387152 0.00181205 0)
(-0.383812 0.00178659 5.77169e-22)
(-0.38053 0.00174173 0)
(-0.377324 0.00168136 0)
(-0.374178 0.00160506 0)
(-0.371159 0.00152826 5.89131e-22)
(-0.368221 0.00145781 0)
(-0.365399 0.00138576 0)
(-0.362677 0.00130252 0)
(-0.360077 0.00120523 -1.20088e-21)
(-0.357627 0.00110107 1.20634e-21)
(-0.35534 0.00099657 1.2117e-21)
(-0.353202 0.00089635 0)
(-0.351198 0.000801775 -1.22209e-21)
(-0.349326 0.000715754 0)
(-0.347552 0.00063721 1.23201e-21)
(-0.345884 0.000565583 1.23679e-21)
(-0.344309 0.000501285 -1.24149e-21)
(-0.34281 0.000442391 0)
(-0.341406 0.000389719 0)
(-0.340068 0.000343071 0)
(-0.338799 0.00030053 0)
(-0.337605 0.000263858 -1.26372e-21)
(-0.336453 0.000231978 0)
(-0.335371 0.000206326 0)
(-0.334319 0.000186216 1.27636e-21)
(-0.333304 0.000168833 0)
(-0.332332 0.00015613 1.2846e-21)
(-0.33137 0.000145625 -1.2887e-21)
(-0.33045 0.000138863 1.29281e-21)
(-0.329532 0.000138647 0)
(-0.328619 0.000144574 0)
(-0.327713 0.00015537 0)
(-0.326791 0.000164095 1.31024e-21)
(-0.325876 0.000167202 -1.31486e-21)
(-0.324969 0.000166682 0)
(-0.324087 0.000163345 0)
(-0.323235 0.000158641 0)
(-0.32241 0.000153798 0)
(-0.321609 0.000149608 0)
(-0.320828 0.000146158 0)
(-0.320068 0.000143723 0)
(-0.319318 0.000142405 0)
(-0.318584 0.000142105 1.35735e-21)
(-0.317854 0.000142837 -1.36205e-21)
(-0.317137 0.000144457 0)
(-0.31642 0.000147009 0)
(-0.31571 0.000150451 0)
(-0.314998 0.000154475 -1.38104e-21)
(-0.314286 0.000159124 0)
(-0.313578 0.000164307 0)
(-0.312856 0.000169925 0)
(-0.31214 0.000176032 0)
(-0.311416 0.00018238 0)
(-0.310672 0.000189836 -2.81876e-21)
(-0.309947 0.000197415 0)
(-0.309183 0.000205731 0)
(-0.308391 0.000217611 0)
(-0.307669 0.000203159 0)
(-0.306682 0.00012194 0)
(-0.306322 0.000253371 0)
(-0.307835 0.000504222 0)
(-0.30572 0.000646892 2.90806e-21)
(-0.313096 0.00105491 0)
(-0.310575 0.00117852 0)
(-0.308806 0.00105236 0)
(-0.307756 0.000919098 -3.02072e-21)
(-0.315088 0.000537958 0)
(-0.314519 0.000149623 -3.1445e-21)
(-0.315191 -0.000132513 0)
(-0.303269 -0.00023603 0)
(-0.324665 -0.000213928 0)
(-0.369564 0.000321762 -3.75319e-21)
(-0.346934 0.000472031 0)
(-0.333504 0.000178646 3.38113e-21)
(-0.313817 0.0003541 3.19612e-21)
(-0.312397 0.000530005 0)
(-0.302593 0.000170731 3.09482e-21)
(-0.337971 0.000558512 0)
(-0.323285 0.000830151 0)
(-0.322201 0.000254856 0)
(-0.305081 0.000286736 -3.15696e-21)
(-0.300125 0.000338791 0)
(-0.299817 4.97123e-05 -3.12155e-21)
(-0.335516 0.000139611 3.50464e-21)
(-0.318034 0.000388183 0)
(-0.306134 0.000329493 0)
(-0.298395 0.000437806 0)
(-0.29796 0.000222632 0)
(-0.312192 -1.42384e-05 0)
(-0.361848 0.000335088 0)
(-0.330301 0.000417634 0)
(-0.301676 0.000128621 -3.13988e-21)
(-0.317366 4.47378e-06 0)
(-0.338707 -3.24148e-06 0)
(-0.349849 0.000686366 0)
(-0.327836 0.00136464 0)
(-0.296158 0.00135728 0)
(-0.292259 0.00112008 0)
(-0.291361 0.000406839 0)
(-0.318933 0.000162281 0)
(-0.351075 0.000410924 0)
(-0.362848 5.64726e-05 0)
(-0.355252 0.000361838 0)
(-0.322512 0.00123853 0)
(-0.286507 0.00113614 -5.44327e-21)
(-0.285393 0.00117343 0)
(-0.284007 0.000974077 0)
(-0.282932 0.000258848 0)
(-0.305553 -5.07507e-05 5.63292e-21)
(-0.30673 -0.000100117 0)
(-0.314209 0.000505389 0)
(-0.28855 0.00114311 4.98128e-21)
(-0.277695 0.0010936 0)
(-0.276537 0.000624595 -4.52344e-21)
(-0.302493 0.000745946 0)
(-0.280879 0.00131388 0)
(-0.273087 0.000865695 0)
(-0.272003 -1.32101e-05 3.95799e-21)
(-0.275281 -0.000246954 0)
(-0.292065 0.000611625 -3.98008e-21)
(-0.267782 0.000765504 0)
(-0.289502 0.000940788 0)
(-0.265045 0.000868406 0)
(-0.287125 0.000897592 0)
(-0.262095 0.00077588 0)
(-0.276024 0.000106008 0)
(-0.278717 0.000772893 0)
(-0.256859 0.000807703 0)
(-0.266915 0.00078576 0)
(-0.253526 0.000756823 0)
(-0.257704 0.000732072 0)
(-0.249988 0.000733141 -8.73523e-22)
(-0.24829 0.000741548 5.93929e-22)
(-0.274835 0.00124718 0)
(-0.282474 0.000898568 0)
(-0.274158 0.000816769 0)
(-0.269042 0.000619082 0)
(-0.258347 0.000221072 -1.11703e-21)
(-0.231567 0.00104553 1.38369e-21)
(-0.263594 0.00213446 -1.95239e-21)
(-0.22942 0.000880652 0)
(-0.227563 0.000405597 -2.54048e-21)
(-0.233743 0.000614098 -6.05013e-21)
(-0.236416 6.89379e-05 0)
(-0.221865 0.000376768 -7.68366e-21)
(-0.238767 0.00193701 9.17143e-21)
(-0.219253 0.00257105 0)
(-0.219126 0.00233387 0)
(-0.21817 0.00183864 0)
(-0.216681 0.00132031 0)
(-0.214566 0.000717614 0)
(-0.213718 0.000407072 -1.41538e-20)
(-0.210226 0.000810663 0)
(-0.208851 0.00115418 -1.5873e-20)
(-0.207624 0.00074805 0)
(-0.20621 -0.000786827 0)
(-0.20204 -0.000310853 0)
(-0.20219 0.000901497 0)
(-0.198687 0.000291799 0)
(-0.196232 -0.000563962 2.35807e-20)
(-0.190385 -0.000819406 0)
(-0.186508 -0.0010039 0)
(-0.181059 -0.00055133 -2.99293e-20)
(-0.180271 0.00173084 0)
(-0.182169 0.0016596 0)
(-0.180145 1.32321e-05 0)
(-0.174998 -0.000504868 3.5605e-20)
(-0.171307 0.000804608 0)
(-0.170949 0.00164427 0)
(-0.169976 0.00155023 0)
(-0.166302 0.00117116 0)
(-0.158866 0.000758454 -4.62715e-20)
(-0.146509 0.00091551 0)
(-0.130714 0.00141733 0)
(-0.113308 0.00189246 0)
(-0.097202 0.00208006 8.47278e-20)
(-0.0809669 0.00198334 0)
(-0.0716919 0.00225895 0)
(-0.0397269 0.00167651 -1.35708e-19)
(-0.0725815 0.000731465 6.01853e-36)
(-0.108416 0.00620039 1.16748e-17)
(-0.133114 0.0107903 2.08157e-17)
(-0.146231 0.0135342 1.95057e-17)
(-0.153974 0.0150607 1.87247e-17)
(-0.159694 0.0159974 1.81128e-17)
(-0.16414 0.0166479 -1.7601e-17)
(-0.167203 0.0171003 -1.71324e-17)
(-0.169464 0.017398 0)
(-0.171464 0.0176246 -3.27791e-17)
(-0.173324 0.0178104 -1.60509e-17)
(-0.175231 0.017979 1.01111e-33)
(-0.177446 0.0181568 -1.20371e-35)
(-0.180161 0.0183748 -2.96905e-17)
(-0.183524 0.0186495 -2.86176e-17)
(-0.187557 0.0189925 -2.73609e-17)
(-0.192372 0.0194081 -2.40741e-35)
(-0.197907 0.0198982 4.84093e-17)
(-0.204396 0.0204737 2.22494e-17)
(-0.211517 0.0211204 1.20371e-35)
(-0.220268 0.0219008 -3.48253e-17)
(-0.228405 0.0226734 -1.23381e-20)
(-0.242301 0.0238489 0)
(-0.246093 0.0245572 1.31051e-17)
(-0.272691 0.0261277 -7.25991e-18)
)
;
    }
    lowerWall
    {
        type            calculated;
        value           nonuniform List<vector> 
250
(
(-0.626175 -0.006984 0)
(-0.597339 -0.0101971 0)
(-0.583972 -0.00887032 0)
(-0.557171 -0.00774545 0)
(-0.528826 -0.00744489 0)
(-0.510877 -0.00652568 0)
(-0.4958 -0.00505604 0)
(-0.541978 -0.00498791 0)
(-0.587892 -0.00483467 0)
(-0.59644 -0.00373835 0)
(-0.581525 -0.00331674 0)
(-0.516224 -0.00378767 0)
(-0.446049 -0.00284273 0)
(-0.4382 -0.00217414 0)
(-0.43449 -0.0015152 0)
(-0.43178 -0.000152104 0)
(-0.430171 0.000708454 0)
(-0.482954 0.000841674 0)
(0.00213588 0.000133886 0)
(0.00236921 -0.00274936 0)
(0.00260849 -0.0057095 0)
(0.00289666 -0.00879447 1.12604e-19)
(0.00319835 -0.011773 -9.38066e-20)
(0.00340328 -0.0153248 8.16902e-20)
(0.00322948 -0.0146179 -7.32548e-20)
(0.0105622 -0.0343138 0)
(-0.0446821 -0.110736 0)
(0.000220937 -0.000274588 0)
(5.29871e-05 -0.000782008 0)
(-1.12723e-05 -0.000862367 0)
(5.5239e-05 -0.000862913 0)
(3.21011e-05 -0.000831865 1.54242e-19)
(-0.000144843 -0.000255437 -1.49418e-19)
(-0.000589077 0.00121156 0)
(-0.00119515 0.00395506 -1.70407e-19)
(-0.00157199 0.00742943 1.30365e-19)
(-0.00150733 0.0106896 0)
(-0.00110308 0.0130782 0)
(-0.000563735 0.0143159 0)
(-5.18763e-05 0.0143858 0)
(0.000350578 0.013488 0)
(0.000685834 0.0118994 0)
(0.00101388 0.00966609 0)
(0.00137498 0.00682454 0)
(0.0017843 0.0034201 0)
(-0.000143286 -0.000276113 0)
(0.000165662 -0.000445911 0)
(0.000471584 -0.000499893 0)
(0.000790957 -0.0004327 0)
(0.00104746 -0.000199562 -0)
(0.00109557 0.000190968 -0)
(0.00084693 0.000661402 1.44883e-20)
(0.000329691 0.00110272 -1.63184e-20)
(-0.000386426 0.0014233 0)
(-0.00120675 0.00158478 -9.27364e-21)
(-0.00205298 0.00160025 0)
(-0.00286049 0.00149989 0)
(-0.00358356 0.00132006 0)
(-0.00419696 0.00109159 4.5483e-21)
(-0.00468896 0.000835485 0)
(-0.00505539 0.00056355 0)
(-0.00529367 0.000284167 -3.93632e-21)
(-0.00540814 -8.11548e-06 -0)
(-0.0053755 -0.000311599 0)
(-0.00519236 -0.00060616 -0)
(-0.00486722 -0.000871143 4.22174e-21)
(-0.00441153 -0.0010865 -0)
(-0.00384314 -0.00123106 4.98208e-21)
(-0.00318863 -0.00128572 0)
(-0.00248553 -0.00123605 -0)
(-0.00178159 -0.00107884 8.03119e-21)
(-0.00113303 -0.000828743 0)
(-0.000596074 -0.000526415 -1.32691e-20)
(-0.000208055 -0.0002387 0)
(3.87976e-05 -3.0639e-05 2.32607e-20)
(0.000194451 9.58585e-05 0)
(0.000286694 0.000200981 0)
(0.000284089 0.00031931 0)
(0.000174655 0.000470353 0)
(-7.00367e-05 0.000662556 0)
(-0.00047355 0.000861063 -1.51961e-20)
(-0.00101698 0.000993498 0)
(-0.00161693 0.000991225 1.80288e-20)
(-0.00215853 0.000839953 0)
(-0.00254271 0.000585128 -1.43404e-20)
(-0.00272934 0.000312873 0)
(-0.00274795 9.8581e-05 0)
(-0.00265784 -1.08864e-05 1.4173e-20)
(-0.0025364 7.82918e-06 0)
(-0.00244908 0.000147143 1.46381e-20)
(-0.00240219 0.000346525 -1.46711e-20)
(-0.00233735 0.000446527 0)
(-0.00209865 0.000201754 -1.59184e-20)
(-0.00141934 -0.000506197 -1.86474e-20)
(-5.35828e-06 -0.0011991 0)
(0.00177931 -0.00180153 0)
(0.00371315 -0.00248251 0)
(0.00593284 -0.00316432 0)
(0.00837692 -0.00368562 -0)
(0.0109421 -0.00395087 3.31587e-21)
(0.0135173 -0.00401477 0)
(0.0162301 -0.003981 -2.69047e-21)
(0.0192347 -0.00386177 -0)
(0.0207133 -0.00345885 -0)
(0.0234854 -0.00333753 2.1562e-21)
(0.0264636 -0.00312162 0)
(0.026903 -0.00266433 -1.9121e-21)
(0.0298913 -0.00256381 -0)
(0.0320324 -0.00237326 0)
(0.0342348 -0.00220859 -0)
(0.0362796 -0.00205169 1.8237e-21)
(0.0382772 -0.00191445 0)
(0.0401484 -0.00178994 -0)
(0.0419843 -0.00168045 1.77938e-21)
(0.043724 -0.00158224 0)
(0.0454265 -0.00149506 1.75894e-21)
(0.0470603 -0.00141624 0)
(0.0486557 -0.00134491 0)
(0.0501985 -0.00127946 0)
(0.0517047 -0.00121899 -1.7283e-21)
(0.0531667 -0.00116244 -0)
(0.0545941 -0.00110917 0)
(0.0559816 -0.00105854 -1.70788e-21)
(0.0573358 -0.00101008 -1.70095e-21)
(0.0586521 -0.000963442 -0)
(0.0599354 -0.000918194 -1.68633e-21)
(0.0611814 -0.000874384 0)
(0.0623946 -0.000831407 -3.3408e-21)
(0.0635702 -0.000789426 -0)
(0.0647121 -0.0007479 -3.3057e-21)
(0.0658157 -0.000707134 -0)
(0.0668844 -0.000666566 3.26708e-21)
(0.0679145 -0.000626437 0)
(0.068908 -0.000586127 0)
(0.0698617 -0.000545289 0)
(0.0707752 -0.000503268 -3.17734e-21)
(0.0716454 -0.000460084 -0)
(0.0724716 -0.000415349 3.12523e-21)
(0.0732511 -0.00036868 0)
(0.0739821 -0.000319568 -3.06816e-21)
(0.0746614 -0.000267932 -3.0378e-21)
(0.0752864 -0.000214047 -3.00634e-21)
(0.0758544 -0.000159022 -0)
(0.0763636 -0.00010509 0)
(0.0768146 -5.5208e-05 0)
(0.0772121 -1.34827e-05 0)
(0.0775616 2.35117e-05 0)
(0.0778632 6.01978e-05 0)
(0.0781169 9.67663e-05 0)
(0.078321 0.000133394 0)
(0.0784755 0.000170374 2.66139e-21)
(0.0785787 0.00020727 2.61388e-21)
(0.0786309 0.000244501 0)
(0.0786303 0.000281502 0)
(0.0785776 0.000318628 0)
(0.0784713 0.000355451 2.40132e-21)
(0.0783119 0.000392199 0)
(0.0780986 0.000428459 0)
(0.0778318 0.000464463 0)
(0.0775111 0.000499849 0)
(0.0771371 0.000534717 -2.07897e-21)
(0.07671 0.000568861 0)
(0.0762302 0.000602275 0)
(0.0756987 0.000634881 1.85224e-21)
(0.0751156 0.000666646 -1.77084e-21)
(0.0744821 0.000697533 0)
(0.0737987 0.000727344 -1.59915e-21)
(0.0730672 0.000756274 0)
(0.0722878 0.000784036 1.41545e-21)
(0.0714631 0.000810911 0)
(0.0705926 0.000836543 0)
(0.0696791 0.00086105 0)
(0.0687236 0.000884099 0)
(0.067734 0.000906625 0)
(0.0666822 0.000926977 -1.58205e-21)
(0.0656163 0.000946435 -1.35246e-21)
(0.0644906 0.00096374 0)
(0.0633473 0.000977575 0)
(0.0621703 0.000985521 0)
(0.0609633 0.000984361 3.68188e-22)
(0.0597318 0.000974214 0)
(0.058468 0.000976132 0)
(0.0571751 0.000990532 0)
(0.0558518 0.00100082 -7.269e-22)
(0.054505 0.0010103 1.02072e-21)
(0.053135 0.00101878 0)
(0.0517444 0.00102633 0)
(0.0503345 0.00103317 1.95524e-21)
(0.0489069 0.00103931 2.28583e-21)
(0.0474629 0.00104485 0)
(0.0460042 0.00104981 0)
(0.0445314 0.00105415 -3.34254e-21)
(0.043047 0.0010582 3.71845e-21)
(0.0415494 0.00106156 0)
(0.0400439 0.00106479 0)
(0.0385269 0.00106734 4.92945e-21)
(0.0370048 0.00106977 0)
(0.035473 0.00107138 0)
(0.0339385 0.00107282 6.28524e-21)
(0.0323994 0.00107407 0)
(0.0308577 0.00107502 7.28674e-21)
(0.0293147 0.00107605 0)
(0.0277709 0.00107716 0)
(0.0262271 0.00107852 0)
(0.0246835 0.00108023 -9.58928e-21)
(0.0231404 0.00108233 0)
(0.0215979 0.00108487 0)
(0.0200561 0.00108781 0)
(0.0185153 0.00109118 0)
(0.0169756 0.00109506 0)
(0.0154372 0.00109955 0)
(0.0139 0.00110481 -1.50953e-20)
(0.012364 0.00111096 -1.61155e-20)
(0.0108289 0.00111811 0)
(0.00929418 0.00112624 0)
(0.00775975 0.00113534 0)
(0.00622569 0.00114569 2.11531e-20)
(0.0046925 0.00115704 0)
(0.00316214 0.00116745 -4.89628e-20)
(0.00163891 0.00117296 5.28631e-20)
(0.000133437 0.00116135 5.57263e-20)
(-0.0013534 0.00110909 -5.51511e-20)
(-0.00271882 0.00102963 5.28737e-20)
(-0.00422685 0.000857646 -5.11009e-20)
(-0.00451289 0.000451084 0)
(-0.00650767 0.00100794 -3.06059e-18)
(-0.00968982 0.000768107 -2.78384e-18)
(-0.0128471 0.000407328 3.00927e-36)
(-0.0160639 7.14331e-05 -4.75944e-18)
(-0.019479 -0.000276154 -8.86885e-18)
(-0.0231059 -0.000640615 -4.14545e-18)
(-0.0269547 -0.00102377 3.88431e-18)
(-0.0310478 -0.00143018 -1.20371e-35)
(-0.0354118 -0.0018634 3.00927e-36)
(-0.0400645 -0.00232859 3.22425e-18)
(-0.0450239 -0.00281188 3.03455e-18)
(-0.0503012 -0.00329791 3.00927e-36)
(-0.055926 -0.00382771 0)
(-0.0619463 -0.00443041 0)
(-0.0684189 -0.00509105 -4.46688e-36)
(-0.0753454 -0.00580436 2.16291e-36)
(-0.0828794 -0.00657319 9.32872e-35)
(-0.0908712 -0.00740227 -3.7732e-18)
(-0.0999026 -0.00830289 -3.4384e-18)
(-0.109019 -0.00927703 6.01853e-36)
(-0.120649 -0.0103484 5.41323e-18)
(-0.130253 -0.0115235 8.98736e-18)
(-0.147792 -0.0127637 0)
(-0.155182 -0.0142808 -4.33606e-18)
(-0.190053 -0.0166316 1.20371e-35)
)
;
    }
    frontAndBack
    {
        type            empty;
    }
}


// ************************************************************************* //
