/*--------------------------------*- C++ -*----------------------------------*\
  =========                 |
  \\      /  F ield         | OpenFOAM: The Open Source CFD Toolbox
   \\    /   O peration     | Website:  https://openfoam.org
    \\  /    A nd           | Version:  8
     \\/     M anipulation  |
\*---------------------------------------------------------------------------*/
FoamFile
{
    version     2.0;
    format      ascii;
    class       volVectorField;
    location    "2900";
    object      wallShearStress;
}
// * * * * * * * * * * * * * * * * * * * * * * * * * * * * * * * * * * * * * //

dimensions      [0 2 -2 0 0 0 0];

internalField   uniform (0 0 0);

boundaryField
{
    inlet
    {
        type            calculated;
        value           uniform (0 0 0);
    }
    outlet
    {
        type            calculated;
        value           uniform (0 0 0);
    }
    upperWall
    {
        type            calculated;
        value           nonuniform List<vector> 
223
(
(-0.582193 -0.392359 0)
(-0.977814 -0.219377 0)
(-0.939336 -0.0567747 0)
(-0.81071 -0.00585779 0)
(-0.734594 0.00331371 0)
(-0.695452 0.00231544 0)
(-0.670941 0.000424224 0)
(-0.653508 -0.0014488 0)
(-0.640532 -0.0025625 0)
(-0.629821 -0.00218352 0)
(-0.620058 -0.00130529 0)
(-0.610993 -0.00107838 0)
(-0.603033 -0.0013885 0)
(-0.596184 -0.00127385 0)
(-0.590434 -0.0010605 0)
(-0.585075 -0.000334583 0)
(-0.579787 0.00168715 0)
(-0.575194 0.00141472 0)
(-0.571309 0.00162532 0)
(-0.567715 0.00312827 4.27752e-22)
(-0.564341 0.00251105 0)
(-0.561641 0.00175048 0)
(-0.558902 0.00303621 0)
(-0.555755 0.00321356 4.48354e-22)
(-0.552843 0.00331365 0)
(-0.54995 0.00393377 0)
(-0.546937 0.00376721 0)
(-0.544106 0.00348254 -9.3818e-22)
(-0.541328 0.00298073 9.46088e-22)
(-0.538633 0.00256637 9.56534e-22)
(-0.535952 0.00245937 0)
(-0.533231 0.00218856 -9.78524e-22)
(-0.530575 0.00194055 0)
(-0.527935 0.00174261 1.00153e-21)
(-0.525292 0.0015738 1.01361e-21)
(-0.52264 0.00144505 -1.02616e-21)
(-0.519969 0.00134116 0)
(-0.517283 0.00125818 0)
(-0.514578 0.00119383 0)
(-0.51185 0.0011446 0)
(-0.509095 0.00110714 -1.09098e-21)
(-0.506311 0.0010793 0)
(-0.503494 0.00105929 0)
(-0.500642 0.0010458 1.13117e-21)
(-0.497753 0.00103784 0)
(-0.494822 0.00103437 1.15766e-21)
(-0.491847 0.00103491 -1.17065e-21)
(-0.488823 0.00103853 1.1834e-21)
(-0.485748 0.00104485 0)
(-0.482619 0.00105281 0)
(-0.479436 0.0010614 0)
(-0.476199 0.00106959 1.23091e-21)
(-0.472914 0.00107621 -1.24157e-21)
(-0.469594 0.00108156 0)
(-0.466252 0.00108668 0)
(-0.462904 0.00109188 0)
(-0.459561 0.00109638 0)
(-0.456227 0.00109916 0)
(-0.452904 0.00109926 0)
(-0.449586 0.00109684 0)
(-0.446267 0.00109257 0)
(-0.442936 0.00108745 1.29206e-21)
(-0.439581 0.00108267 -1.29184e-21)
(-0.436193 0.00107901 0)
(-0.432759 0.00107714 0)
(-0.429269 0.00107732 0)
(-0.425715 0.00107953 -1.27847e-21)
(-0.422088 0.00108371 0)
(-0.41838 0.00108961 0)
(-0.414587 0.00109675 0)
(-0.410704 0.00110483 0)
(-0.406727 0.00111336 0)
(-0.402655 0.00112179 -2.43457e-21)
(-0.398486 0.00112963 0)
(-0.394223 0.00113628 0)
(-0.389868 0.00114135 0)
(-0.385426 0.00114451 0)
(-0.380907 0.00114568 0)
(-0.376322 0.00114476 0)
(-0.371682 0.00114137 0)
(-0.367001 0.00113538 2.09554e-21)
(-0.362288 0.00112661 0)
(-0.357551 0.00111507 0)
(-0.352794 0.00110108 0)
(-0.348022 0.00108526 -1.83989e-21)
(-0.343231 0.00106815 0)
(-0.338422 0.00105027 -1.69047e-21)
(-0.333591 0.00103236 0)
(-0.328732 0.00101531 0)
(-0.323837 0.000999784 0)
(-0.319025 0.000991995 -1.3513e-21)
(-0.316384 0.00100114 0)
(-0.31366 0.00101499 1.18085e-21)
(-0.310855 0.00102963 1.09017e-21)
(-0.307976 0.00104285 0)
(-0.305031 0.00105373 8.96504e-22)
(-0.302034 0.00106252 0)
(-0.298997 0.00106966 0)
(-0.295936 0.00107735 0)
(-0.292864 0.00108342 -4.55161e-22)
(-0.289794 0.00109646 0)
(-0.286743 0.00109669 -2.05759e-22)
(-0.283712 0.00110739 7.38323e-23)
(-0.280732 0.00111071 0)
(-0.277789 0.00110909 0)
(-0.274921 0.00111391 0)
(-0.272109 0.00108965 0)
(-0.269368 0.00108846 0)
(-0.266701 0.00106108 0)
(-0.264178 0.000992705 0)
(-0.261726 0.001341 1.14227e-21)
(-0.259547 0.00158821 0)
(-0.257343 0.00139687 0)
(-0.255306 0.00126605 0)
(-0.253405 0.00110602 0)
(-0.251483 0.0012468 0)
(-0.249541 0.00129833 0)
(-0.247634 0.001021 0)
(-0.245695 0.000864789 0)
(-0.243916 0.000674547 0)
(-0.242045 0.000765522 0)
(-0.24028 0.000956798 0)
(-0.238634 0.000514921 0)
(-0.236678 0.00055693 7.15666e-21)
(-0.235044 0.000895566 0)
(-0.233527 0.000854858 0)
(-0.231769 0.000827146 0)
(-0.230267 0.000450754 -8.73573e-21)
(-0.228271 0.000489635 0)
(-0.226863 0.000761104 0)
(-0.225301 0.000679341 -1.00016e-20)
(-0.224008 0.00035421 0)
(-0.222644 0.00035673 1.08567e-20)
(-0.221258 0.000814155 0)
(-0.219936 0.000781383 0)
(-0.218725 0.000502873 0)
(-0.217707 0.000161998 -1.2497e-20)
(-0.216156 0.000312665 0)
(-0.214933 0.000746718 1.33642e-20)
(-0.213774 0.000120346 0)
(-0.212187 -0.000459017 0)
(-0.210551 -0.00020443 0)
(-0.209655 -4.76454e-05 0)
(-0.208794 4.07795e-06 0)
(-0.20795 0.000242798 0)
(-0.206991 0.000365483 0)
(-0.206036 0.000394129 0)
(-0.205111 0.000599269 0)
(-0.204237 0.000866468 0)
(-0.203913 0.00086748 0)
(-0.203634 0.000639123 1.82901e-20)
(-0.203098 0.00053323 -1.87426e-20)
(-0.202591 0.000570761 0)
(-0.201725 8.10703e-05 0)
(-0.200291 -0.000461136 0)
(-0.199557 -0.000321575 0)
(-0.199157 -0.000115268 -2.09442e-20)
(-0.198422 0.000118199 2.14328e-20)
(-0.197787 0.000108487 -2.18403e-20)
(-0.197767 0.000103195 0)
(-0.197075 0.000185103 -2.26093e-20)
(-0.196733 0.00019494 -4.58618e-20)
(-0.195912 0.000224197 0)
(-0.195441 0.000210287 -4.75627e-20)
(-0.194924 0.00030068 4.84817e-20)
(-0.194502 0.000290972 0)
(-0.19447 0.000327782 0)
(-0.193892 0.00070811 0)
(-0.193788 0.000759552 0)
(-0.193078 0.000614208 0)
(-0.193169 0.000431575 -5.31056e-20)
(-0.193034 0.000458557 0)
(-0.192321 0.000564164 -5.50887e-20)
(-0.1922 0.000333585 0)
(-0.192118 0.000279953 0)
(-0.191812 0.000311317 0)
(-0.190995 0.000219383 0)
(-0.190002 0.000241243 0)
(-0.189776 0.00034167 6.03925e-20)
(-0.189089 0.000291442 0)
(-0.188334 0.000269706 0)
(-0.187593 0.000229437 -6.37785e-20)
(-0.18716 0.00012274 0)
(-0.186546 0.000285604 0)
(-0.185337 0.000475193 0)
(-0.184255 1.4851e-05 6.85573e-20)
(-0.182385 -0.000246167 0)
(-0.1805 5.93196e-06 0)
(-0.179204 0.000177652 0)
(-0.177176 0.000313214 0)
(-0.175084 0.000407259 -7.73024e-20)
(-0.172601 0.00047452 0)
(-0.169998 0.000634963 0)
(-0.165776 0.000858962 0)
(-0.160905 0.00110525 8.86714e-20)
(-0.15373 0.00144222 0)
(-0.147407 0.00248348 0)
(-0.122815 0.00253223 -1.07592e-19)
(-0.141097 0.00684257 6.01853e-36)
(-0.169385 0.0133071 1.25324e-17)
(-0.186935 0.0171315 2.35097e-17)
(-0.193547 0.0189253 2.26644e-17)
(-0.19725 0.0197539 2.19261e-17)
(-0.200967 0.0203411 2.11966e-17)
(-0.205415 0.0210231 -2.02463e-17)
(-0.209624 0.0215321 -1.95283e-17)
(-0.213817 0.0218782 -1.20371e-35)
(-0.218064 0.0220222 -3.66619e-17)
(-0.220215 0.0221852 -1.80768e-17)
(-0.224692 0.0227239 5.23612e-34)
(-0.227521 0.0229067 -1.20371e-35)
(-0.231065 0.0233658 -3.22784e-17)
(-0.235348 0.023937 -3.06851e-17)
(-0.242344 0.0247801 -2.84654e-17)
(-0.249521 0.025445 0)
(-0.256861 0.0260681 4.94035e-17)
(-0.26391 0.0266475 2.2646e-17)
(-0.272752 0.0274463 0)
(-0.282655 0.0283571 -3.48618e-17)
(-0.291214 0.0289993 -1.58069e-20)
(-0.30088 0.0295775 0)
(-0.304435 0.0304165 1.34851e-17)
(-0.33256 0.0321494 -7.62894e-18)
)
;
    }
    lowerWall
    {
        type            calculated;
        value           nonuniform List<vector> 
250
(
(-0.653909 0.466638 0)
(-1.14095 0.204678 0)
(-1.03492 0.0379587 0)
(-0.869573 -0.000935979 0)
(-0.786941 -0.00419161 0)
(-0.746063 -0.00160781 0)
(-0.719878 0.00041618 0)
(-0.700645 -0.000651796 0)
(-0.685088 -0.00405594 0)
(-0.671318 -0.00471224 0)
(-0.658932 -0.00298826 0)
(-0.64772 -0.000864297 0)
(-0.637516 0.001426 0)
(-0.628189 0.00210382 0)
(-0.61932 0.00136788 0)
(-0.611521 0.00135751 0)
(-0.604581 0.00169578 0)
(-0.605068 0.00194341 0)
(-0.00426049 -0.0228578 0)
(-0.00275893 -0.0176423 0)
(-0.000676967 -0.0144928 0)
(0.00194458 -0.0137773 9.02286e-20)
(0.00526901 -0.0151976 -7.86214e-20)
(0.00896159 -0.0208206 6.28517e-20)
(0.0127399 -0.0200847 -4.84756e-20)
(0.0256287 -0.0633143 0)
(-0.0840625 -0.144714 0)
(0.000872433 -0.0038404 0)
(-0.00766533 0.00954701 0)
(-0.00851598 0.0328216 0)
(-0.00254927 0.044855 0)
(0.00295345 0.0442611 1.82225e-20)
(0.00618281 0.0360627 -1.8966e-20)
(0.00818728 0.0241606 0)
(0.00946061 0.0101601 -5.423e-20)
(0.00943168 -0.00404294 6.1144e-20)
(0.00793324 -0.017423 0)
(0.00614118 -0.0291955 0)
(0.00438167 -0.0385629 0)
(0.00268717 -0.0451402 0)
(0.000985961 -0.0488801 0)
(-0.000885192 -0.0495149 0)
(-0.00282056 -0.0464088 0)
(-0.00437909 -0.0399029 0)
(-0.00492624 -0.0308269 0)
(0.00132867 -0.00151203 0)
(0.00133792 0.00652729 0)
(-0.00450925 0.00961861 0)
(-0.00959719 0.00975648 0)
(-0.0133831 0.00829949 0)
(-0.0158893 0.00623519 0)
(-0.0172643 0.0040976 1.49575e-21)
(-0.0177829 0.00200609 -1.52736e-21)
(-0.0173314 -7.01836e-06 0)
(-0.0160539 -0.00168625 -1.6531e-21)
(-0.0141884 -0.00283753 0)
(-0.0120504 -0.00329641 0)
(-0.0100507 -0.00303583 -0)
(-0.00855311 -0.00228024 2.57032e-21)
(-0.00761644 -0.00142303 0)
(-0.00693813 -0.000815853 0)
(-0.00612058 -0.000623446 -3.37825e-21)
(-0.00499292 -0.0010005 0)
(-0.00340849 -0.00238603 0)
(-0.000488471 -0.00505773 0)
(0.00436101 -0.00740377 3.03305e-21)
(0.009946 -0.00889522 0)
(0.015847 -0.00985002 1.46914e-21)
(0.0218925 -0.010617 0)
(0.0280983 -0.011269 -0)
(0.0344087 -0.0115143 8.44706e-22)
(0.0405411 -0.0113547 0)
(0.0491494 -0.0116033 -7.54054e-22)
(0.0589393 -0.0117553 -0)
(0.0686335 -0.0115828 7.70715e-22)
(0.0780427 -0.011169 0)
(0.0870155 -0.0105841 0)
(0.09546 -0.00989016 0)
(0.103318 -0.00913654 -0)
(0.110564 -0.00836063 0)
(0.117197 -0.0075896 -8.11169e-22)
(0.123231 -0.00684042 -0)
(0.128686 -0.00612265 1.63311e-21)
(0.133592 -0.00544047 0)
(0.137974 -0.00479416 -1.63498e-21)
(0.14186 -0.00418201 -0)
(0.145272 -0.00360141 -0)
(0.148233 -0.00304957 1.62108e-21)
(0.150759 -0.00252409 0)
(0.152864 -0.00202403 1.60086e-21)
(0.154562 -0.00155029 -1.58755e-21)
(0.155864 -0.00110633 -0)
(0.156782 -0.000698889 -1.55493e-21)
(0.157329 -0.000337869 -1.5359e-21)
(0.157515 -3.98353e-05 -0)
(0.157409 0.000194789 0)
(0.157078 0.000391579 0)
(0.156523 0.000568221 0)
(0.155762 0.00073106 -0)
(0.154802 0.000884185 1.37583e-21)
(0.15365 0.00102831 0)
(0.152313 0.00116406 -1.30705e-21)
(0.1508 0.00129165 -0)
(0.149117 0.00141123 -0)
(0.147272 0.00152286 1.1906e-21)
(0.145273 0.00162639 0)
(0.143127 0.00172189 -1.1049e-21)
(0.140843 0.00180931 -0)
(0.13843 0.00188859 0)
(0.135896 0.00195979 -0)
(0.133251 0.00202306 9.16873e-22)
(0.130502 0.0020784 0)
(0.12766 0.00212592 -0)
(0.124734 0.00216578 7.63831e-22)
(0.121733 0.00219824 0)
(0.118666 0.00222347 6.57299e-22)
(0.115543 0.00224164 0)
(0.112371 0.00225307 0)
(0.109161 0.00225802 0)
(0.10592 0.00225675 -4.36219e-22)
(0.102658 0.00224959 -0)
(0.0993812 0.00223695 0)
(0.0960984 0.00221903 -2.65618e-22)
(0.0928172 0.00219621 -2.08167e-22)
(0.0895443 0.00216883 -0)
(0.0862868 0.00213727 -9.26955e-23)
(0.0830507 0.00210183 -0)
(0.0798424 0.00206288 4.65318e-23)
(0.076667 0.00202079 -0)
(0.0735301 0.00197596 2.78955e-22)
(0.070436 0.00192894 0)
(0.0673892 0.00188028 -5.11634e-22)
(0.0643934 0.00183082 -0)
(0.061452 0.00178163 0)
(0.0585672 0.00173392 -0)
(0.0557412 0.00168927 9.78402e-22)
(0.0529754 0.0016499 0)
(0.0502701 0.00161808 -1.21385e-21)
(0.047624 0.00159485 0)
(0.0457849 0.00160348 1.4756e-21)
(0.0442425 0.00162102 1.63411e-21)
(0.0427034 0.00162594 1.79903e-21)
(0.0411761 0.00161303 0)
(0.0396658 0.00158974 0)
(0.0381719 0.00156407 0)
(0.0366937 0.00153824 0)
(0.0352308 0.00151255 0)
(0.0337835 0.00148693 0)
(0.0323527 0.00146144 0)
(0.0309385 0.00143625 0)
(0.0295414 0.00141143 -3.69183e-21)
(0.028162 0.00138721 -3.96749e-21)
(0.0268003 0.00136378 0)
(0.0254565 0.00134082 0)
(0.0241308 0.00131676 0)
(0.0228251 0.00129186 -5.26749e-21)
(0.0215388 0.00126768 0)
(0.0202721 0.00124402 0)
(0.019025 0.00122094 0)
(0.0177976 0.00119852 0)
(0.0165899 0.0011768 7.53624e-21)
(0.015402 0.00115584 0)
(0.0142337 0.00113576 0)
(0.0130851 0.00111665 -9.45525e-21)
(0.011956 0.00109854 1.02329e-20)
(0.0108463 0.00108153 0)
(0.00975608 0.00106591 1.20694e-20)
(0.00868519 0.00105233 0)
(0.00763327 0.00104195 -1.44082e-20)
(0.00659962 0.00103506 0)
(0.00558394 0.00103066 0)
(0.00458617 0.00102845 0)
(0.00360586 0.00102874 0)
(0.0026426 0.00103177 0)
(0.00169682 0.0010375 5.57198e-20)
(0.000770047 0.00104308 6.42332e-20)
(-0.000139783 0.00103031 0)
(-0.00103709 0.000987437 0)
(-0.00191891 0.000935036 0)
(-0.00278523 0.00088554 -5.28816e-20)
(-0.00363592 0.000840617 0)
(-0.0044708 0.000799865 0)
(-0.00529025 0.0007628 0)
(-0.00609487 0.000728919 -4.04124e-20)
(-0.00688517 0.000697772 3.8363e-20)
(-0.00766169 0.000668978 0)
(-0.00842488 0.000642226 0)
(-0.0091752 0.000617281 3.36164e-20)
(-0.00991308 0.000593942 3.23766e-20)
(-0.010639 0.000572035 0)
(-0.0113533 0.000551434 0)
(-0.0120565 0.000532025 -2.9352e-20)
(-0.0127489 0.000513707 2.85244e-20)
(-0.013431 0.0004964 0)
(-0.0141033 0.000480035 0)
(-0.0147661 0.000464547 2.64351e-20)
(-0.0154199 0.000449886 0)
(-0.0160652 0.000436012 0)
(-0.0167023 0.000422872 2.47898e-20)
(-0.0173318 0.000410438 0)
(-0.0179541 0.000398673 2.38741e-20)
(-0.0185697 0.000387551 0)
(-0.019179 0.000377034 0)
(-0.0197824 0.000367095 0)
(-0.0203806 0.000357702 -2.23585e-20)
(-0.0209738 0.000348826 0)
(-0.0215627 0.000340415 0)
(-0.0221473 0.000332422 0)
(-0.0227282 0.000324777 0)
(-0.0233054 0.000317418 0)
(-0.0238792 0.000310228 0)
(-0.0244493 0.000303034 -2.03856e-20)
(-0.0250153 0.000295656 -2.01553e-20)
(-0.0255763 0.000287819 0)
(-0.026131 0.000279173 0)
(-0.0266774 0.000269142 0)
(-0.0272116 0.000256993 1.93606e-20)
(-0.0277289 0.000241519 0)
(-0.0282207 0.000221282 -3.81352e-20)
(-0.0286776 0.000192231 3.7929e-20)
(-0.0290705 0.00015261 3.78199e-20)
(-0.0294018 7.78787e-05 -3.78585e-20)
(-0.0294835 -3.94082e-05 3.80456e-20)
(-0.029508 -0.00035657 -3.83978e-20)
(-0.0279734 -0.000616876 0)
(-0.0293462 -0.000516201 -2.43317e-18)
(-0.0327697 -0.00134238 -2.26976e-18)
(-0.0364132 -0.00203334 -3.00927e-36)
(-0.0395339 -0.00257604 -4.06087e-18)
(-0.0424838 -0.00301858 -7.75776e-18)
(-0.0455563 -0.00342176 -3.7196e-18)
(-0.0487793 -0.00381975 3.56794e-18)
(-0.0521103 -0.00430014 -3.00927e-35)
(-0.0556004 -0.00471714 3.00927e-36)
(-0.0592913 -0.00504057 3.15666e-18)
(-0.0632331 -0.00543415 3.02775e-18)
(-0.067414 -0.00584547 0)
(-0.0719099 -0.00626397 0)
(-0.0767308 -0.00671459 0)
(-0.0819256 -0.00720634 7.52316e-37)
(-0.0875455 -0.00774632 -2.27106e-35)
(-0.0936625 -0.00834563 1.32408e-34)
(-0.100332 -0.00900838 -4.15786e-18)
(-0.107694 -0.00972881 -3.81215e-18)
(-0.116754 -0.0106219 6.01853e-36)
(-0.12757 -0.0116254 6.13656e-18)
(-0.138424 -0.0127324 1.03489e-17)
(-0.153648 -0.0139259 6.01853e-36)
(-0.162848 -0.015293 -5.09786e-18)
(-0.191962 -0.016981 6.01853e-36)
)
;
    }
    frontAndBack
    {
        type            empty;
    }
}


// ************************************************************************* //
