/*--------------------------------*- C++ -*----------------------------------*\
  =========                 |
  \\      /  F ield         | OpenFOAM: The Open Source CFD Toolbox
   \\    /   O peration     | Website:  https://openfoam.org
    \\  /    A nd           | Version:  8
     \\/     M anipulation  |
\*---------------------------------------------------------------------------*/
FoamFile
{
    version     2.0;
    format      ascii;
    class       volVectorField;
    location    "1500";
    object      wallShearStress;
}
// * * * * * * * * * * * * * * * * * * * * * * * * * * * * * * * * * * * * * //

dimensions      [0 2 -2 0 0 0 0];

internalField   uniform (0 0 0);

boundaryField
{
    inlet
    {
        type            calculated;
        value           uniform (0 0 0);
    }
    outlet
    {
        type            calculated;
        value           uniform (0 0 0);
    }
    upperWall
    {
        type            calculated;
        value           nonuniform List<vector> 
223
(
(-0.443993 0.00298079 0)
(-0.470767 0.00546143 0)
(-0.497256 0.00688939 0)
(-0.503823 0.00741631 0)
(-0.500265 0.0074163 0)
(-0.490031 0.00707447 0)
(-0.478085 0.00657716 0)
(-0.465927 0.00600396 0)
(-0.453332 0.00539167 0)
(-0.441477 0.00479098 0)
(-0.430623 0.00422347 0)
(-0.420836 0.00369962 0)
(-0.412123 0.0032257 0)
(-0.404397 0.00280399 0)
(-0.397569 0.00243617 0)
(-0.391519 0.00213371 0)
(-0.386092 0.00189765 0)
(-0.381242 0.00176243 0)
(-0.377325 0.00169419 0)
(-0.374219 0.0016497 5.76206e-22)
(-0.37118 0.00158173 0)
(-0.368226 0.00150052 0)
(-0.36536 0.00141243 0)
(-0.362587 0.00132102 5.88426e-22)
(-0.35991 0.00122957 0)
(-0.357334 0.00113929 0)
(-0.354855 0.00105236 0)
(-0.352472 0.000968583 -1.19883e-21)
(-0.350182 0.000889162 1.20403e-21)
(-0.347984 0.000813683 1.20913e-21)
(-0.345875 0.000742707 0)
(-0.343853 0.000675791 -1.21907e-21)
(-0.341914 0.000613326 0)
(-0.340057 0.000554711 1.22872e-21)
(-0.338278 0.00050015 1.23346e-21)
(-0.336576 0.000449399 -1.23817e-21)
(-0.334947 0.000402325 0)
(-0.333389 0.000358777 0)
(-0.331898 0.00031861 0)
(-0.330474 0.000281707 0)
(-0.32911 0.000247885 -1.26134e-21)
(-0.327808 0.000217036 0)
(-0.326561 0.000189089 0)
(-0.325369 0.000163944 1.2751e-21)
(-0.324227 0.000141374 0)
(-0.323135 0.000121394 1.28428e-21)
(-0.322087 0.000103888 -1.28889e-21)
(-0.321083 8.87248e-05 1.2935e-21)
(-0.320116 7.61031e-05 0)
(-0.319188 6.57803e-05 0)
(-0.31829 5.76827e-05 0)
(-0.317424 5.15982e-05 1.31216e-21)
(-0.316583 4.75388e-05 -1.31687e-21)
(-0.315769 4.53061e-05 0)
(-0.314972 4.46841e-05 0)
(-0.3142 4.55525e-05 0)
(-0.313436 4.77974e-05 0)
(-0.312695 5.11719e-05 0)
(-0.311954 5.56297e-05 0)
(-0.311238 6.09702e-05 0)
(-0.31051 6.71993e-05 0)
(-0.309813 7.41124e-05 1.36044e-21)
(-0.309087 8.16213e-05 -1.36524e-21)
(-0.308407 8.98111e-05 0)
(-0.307669 9.83911e-05 0)
(-0.307012 0.000107677 0)
(-0.306241 0.00011691 -1.38446e-21)
(-0.305586 0.000125888 0)
(-0.304936 0.000140572 0)
(-0.303566 0.000155793 0)
(-0.305475 0.000154673 0)
(-0.302081 0.000142003 0)
(-0.32761 0.000153575 -3.06219e-21)
(-0.329184 0.000158436 0)
(-0.368352 0.000192772 0)
(-0.38211 0.000715963 0)
(-0.359348 0.000893934 0)
(-0.342246 0.000962052 0)
(-0.330713 0.000984081 0)
(-0.321636 0.000856004 0)
(-0.316282 0.000554327 3.05296e-21)
(-0.310814 0.000299617 0)
(-0.307188 0.000541173 0)
(-0.310193 0.000433517 0)
(-0.307849 0.000273931 -3.11577e-21)
(-0.307025 0.000193086 0)
(-0.299601 0.00028815 -3.09151e-21)
(-0.297696 0.000350373 0)
(-0.297497 0.000323981 0)
(-0.301903 0.000393558 0)
(-0.296879 0.000257783 -3.13701e-21)
(-0.300463 -5.79752e-05 0)
(-0.296612 -0.000223507 3.16036e-21)
(-0.31493 -0.000203334 3.35953e-21)
(-0.354927 5.88085e-05 0)
(-0.330963 0.000907321 3.52688e-21)
(-0.310182 0.000974135 0)
(-0.312838 0.000406071 0)
(-0.296702 0.000315382 0)
(-0.294444 0.000206298 -3.18081e-21)
(-0.294236 -4.09298e-05 0)
(-0.314607 -4.8425e-05 -3.43214e-21)
(-0.357277 0.000312062 3.90712e-21)
(-0.329919 0.000219605 0)
(-0.351292 -7.81242e-05 0)
(-0.324909 8.60078e-05 0)
(-0.332568 0.000248853 0)
(-0.324832 0.000274083 0)
(-0.353736 0.000566723 0)
(-0.324234 0.000403349 0)
(-0.339597 0.000557118 -3.66842e-21)
(-0.314289 0.00126859 0)
(-0.307238 0.00144591 0)
(-0.288389 0.000913562 0)
(-0.287752 0.000463354 0)
(-0.287188 0.000263801 0)
(-0.286716 -0.000106685 0)
(-0.308135 0.000366606 0)
(-0.297396 0.00115223 0)
(-0.283974 0.000973538 0)
(-0.283178 0.00103251 0)
(-0.282118 0.00154642 0)
(-0.281036 0.00130211 0)
(-0.280158 0.00034696 -5.5507e-21)
(-0.279376 -0.00020472 0)
(-0.318635 -0.000252211 0)
(-0.334374 -0.000102572 0)
(-0.312994 0.000125602 6.09871e-21)
(-0.323798 0.000120236 0)
(-0.31076 0.000879174 0)
(-0.285959 0.00185464 5.2772e-21)
(-0.269707 0.00176728 0)
(-0.268368 0.00157229 -4.71866e-21)
(-0.266848 0.00124431 0)
(-0.265599 0.000415734 0)
(-0.264741 0.000433338 0)
(-0.263675 0.000441542 4.196e-21)
(-0.276676 0.000499321 0)
(-0.261499 0.000481503 -3.851e-21)
(-0.283823 0.000518461 0)
(-0.259051 0.000494519 0)
(-0.280379 0.000522431 0)
(-0.256306 0.000517549 0)
(-0.273312 0.000537306 0)
(-0.253274 0.000547626 0)
(-0.264641 0.000552926 0)
(-0.250005 0.000570945 0)
(-0.255206 0.000537898 0)
(-0.246605 0.000547818 0)
(-0.245418 0.000940508 0)
(-0.243223 0.00196039 -1.11363e-21)
(-0.241449 0.00212353 8.22683e-22)
(-0.23931 0.00188852 0)
(-0.236925 0.000787858 0)
(-0.234868 -0.000404839 0)
(-0.232464 -0.000208983 0)
(-0.252539 0.00106661 -7.90152e-22)
(-0.229461 0.0016393 1.06379e-21)
(-0.227968 0.00123749 -1.41899e-21)
(-0.226394 0.000115378 0)
(-0.22375 -3.85401e-05 -2.26897e-21)
(-0.227403 0.00101338 -5.47149e-21)
(-0.219903 0.000382617 0)
(-0.216539 -0.000187944 -7.21602e-21)
(-0.214225 -2.01051e-05 8.02685e-21)
(-0.211155 0.000713524 0)
(-0.210473 0.000583785 0)
(-0.208213 -0.00066432 0)
(-0.204482 -0.000411712 0)
(-0.200726 -0.000390617 0)
(-0.19801 -0.000260647 -1.43792e-20)
(-0.194917 -3.63994e-05 0)
(-0.192234 0.000261447 -1.67942e-20)
(-0.189064 0.000926225 0)
(-0.187625 0.00122913 0)
(-0.186018 0.00133751 0)
(-0.185016 0.00156672 0)
(-0.183185 0.00128884 0)
(-0.179969 0.000928883 2.41748e-20)
(-0.17571 0.000742239 0)
(-0.171037 0.000550749 0)
(-0.166573 0.000498703 -3.0643e-20)
(-0.16505 0.00156391 0)
(-0.167591 0.00204372 0)
(-0.169264 0.00142468 0)
(-0.168125 0.000751216 3.40872e-20)
(-0.164271 0.000184063 0)
(-0.158317 9.9789e-05 0)
(-0.150716 0.000312752 0)
(-0.141427 0.000683211 0)
(-0.130469 0.00113263 -5.58188e-20)
(-0.117901 0.00155581 0)
(-0.1052 0.00176209 0)
(-0.0926268 0.00174753 0)
(-0.0819322 0.00157207 9.25604e-20)
(-0.0702232 0.00145329 0)
(-0.0643559 0.00180225 0)
(-0.0350415 0.00145959 -1.39808e-19)
(-0.0678045 0.000406258 0)
(-0.102105 0.00576158 1.18917e-17)
(-0.125639 0.0102079 2.13032e-17)
(-0.138205 0.0128136 1.99991e-17)
(-0.145653 0.0142543 1.92115e-17)
(-0.151205 0.0151369 1.85886e-17)
(-0.155532 0.0157596 -1.80666e-17)
(-0.158597 0.0161973 -1.75881e-17)
(-0.160919 0.0164959 -6.01853e-36)
(-0.163028 0.0167248 -3.35913e-17)
(-0.165092 0.0169278 -1.64178e-17)
(-0.167238 0.0171216 4.21297e-34)
(-0.169663 0.0173266 -1.20371e-35)
(-0.172568 0.0175656 -3.02181e-17)
(-0.17605 0.0178585 -2.90837e-17)
(-0.180209 0.0182128 -2.77738e-17)
(-0.185075 0.0186384 -2.40741e-35)
(-0.190709 0.0191339 4.90301e-17)
(-0.197204 0.0197158 2.25017e-17)
(-0.204427 0.0203671 2.40741e-35)
(-0.21311 0.0211484 -3.51295e-17)
(-0.221415 0.0219281 -1.23116e-20)
(-0.235013 0.0230918 -3.00927e-36)
(-0.239302 0.0238163 1.32401e-17)
(-0.265165 0.0253873 -7.132e-18)
)
;
    }
    lowerWall
    {
        type            calculated;
        value           nonuniform List<vector> 
250
(
(-0.625322 -0.00607169 0)
(-0.645118 -0.0112861 0)
(-0.609362 -0.0119647 0)
(-0.550394 -0.0109545 0)
(-0.54413 -0.0103781 0)
(-0.502501 -0.0077319 0)
(-0.490206 -0.00527809 0)
(-0.473709 -0.0038768 0)
(-0.463127 -0.00289257 0)
(-0.505264 -0.00239931 0)
(-0.543355 -0.00226386 0)
(-0.510039 -0.00192109 0)
(-0.527316 -0.00147832 0)
(-0.515666 -0.0021726 0)
(-0.48051 -0.00326842 0)
(-0.423074 -0.00181787 0)
(-0.42172 -0.000543572 0)
(-0.421295 0.000340276 0)
(0.00211742 0.000160387 0)
(0.00236715 -0.00267022 0)
(0.00265197 -0.00560978 0)
(0.00301876 -0.00875199 1.14243e-19)
(0.00345064 -0.0119189 -9.61155e-20)
(0.00376372 -0.0158389 8.58435e-20)
(0.00353603 -0.0160636 -7.67631e-20)
(0.00860789 -0.0359754 0)
(-0.0483595 -0.10607 0)
(0.000222271 -0.000273129 0)
(5.69032e-05 -0.000781977 0)
(-8.36918e-06 -0.000862975 0)
(5.67726e-05 -0.00085997 0)
(3.42753e-05 -0.000826316 1.53913e-19)
(-0.000140216 -0.000257884 -1.49491e-19)
(-0.000572682 0.00117776 0)
(-0.00116485 0.0038552 -1.71903e-19)
(-0.00154052 0.00726187 1.31632e-19)
(-0.00148682 0.0104777 0)
(-0.00109704 0.0128505 0)
(-0.000568897 0.0140959 0)
(-6.29156e-05 0.0141888 0)
(0.000336887 0.0133162 0)
(0.000669299 0.011757 0)
(0.000994743 0.00955716 0)
(0.00135319 0.00675425 0)
(0.00176104 0.00339525 0)
(-0.000141767 -0.000275913 0)
(0.000167692 -0.000444511 0)
(0.000475075 -0.000496337 0)
(0.000793721 -0.000426597 0)
(0.00104801 -0.000192663 -0)
(0.0010939 0.000195936 -0)
(0.000845339 0.000661676 1.43913e-20)
(0.000331257 0.001097 -1.63138e-20)
(-0.00037864 0.00141225 0)
(-0.00119065 0.00157028 -9.34102e-21)
(-0.00202811 0.00158399 0)
(-0.00282662 0.00148316 0)
(-0.00354112 0.00130382 0)
(-0.00414669 0.00107654 4.5834e-21)
(-0.00463182 0.000821924 0)
(-0.00499234 0.00055177 0)
(-0.00522568 0.000274309 -3.97134e-21)
(-0.00533636 -1.60791e-05 -0)
(-0.0053002 -0.00031726 0)
(-0.0051151 -0.000608474 -0)
(-0.00478967 -0.000869463 4.26891e-21)
(-0.00433567 -0.00108003 -0)
(-0.00377105 -0.00121916 5.04896e-21)
(-0.00312298 -0.00126776 0)
(-0.00242922 -0.00121191 -0)
(-0.00173827 -0.00104913 8.17227e-21)
(-0.0011065 -0.000795907 0)
(-0.000589313 -0.000495551 -1.35014e-20)
(-0.000219979 -0.000216482 0)
(1.39461e-05 -2.01073e-05 2.34394e-20)
(0.000161924 9.66035e-05 0)
(0.000249086 0.000193517 0)
(0.000244651 0.000306209 0)
(0.000136507 0.000455178 0)
(-0.000106701 0.000649751 0)
(-0.000510142 0.000851789 -1.49424e-20)
(-0.00105487 0.000986963 0)
(-0.00165482 0.000984244 1.7808e-20)
(-0.0021938 0.000831305 0)
(-0.00257406 0.00057479 -1.42208e-20)
(-0.00275607 0.000298888 0)
(-0.00276542 7.99442e-05 0)
(-0.00266316 -3.29288e-05 1.41309e-20)
(-0.00252877 -1.66575e-05 0)
(-0.00243127 0.000121803 1.47172e-20)
(-0.00237812 0.000324929 -1.48032e-20)
(-0.00231241 0.000451536 0)
(-0.0020977 0.000263802 -1.60566e-20)
(-0.00149064 -0.000374544 -1.87866e-20)
(-0.00023741 -0.00113377 0)
(0.00147195 -0.00181803 0)
(0.00337482 -0.00252474 0)
(0.00561979 -0.00318104 0)
(0.00807984 -0.0034392 -0)
(0.0105635 -0.00358234 3.60045e-21)
(0.0135215 -0.00390535 0)
(0.0163557 -0.00395628 -2.8961e-21)
(0.0191089 -0.00386964 -0)
(0.0211615 -0.00358083 -0)
(0.0223135 -0.00314118 2.13963e-21)
(0.0242514 -0.00291754 0)
(0.0261068 -0.00267275 -1.91537e-21)
(0.0288329 -0.00248858 -0)
(0.0310868 -0.00232229 0)
(0.0331402 -0.00216648 -0)
(0.0352327 -0.00201695 1.81972e-21)
(0.0371291 -0.00187959 0)
(0.0390127 -0.00175946 -0)
(0.040781 -0.00165141 1.77152e-21)
(0.0425137 -0.0015561 0)
(0.0441697 -0.00147072 1.75086e-21)
(0.0457868 -0.00139418 0)
(0.0473479 -0.00132486 0)
(0.0488713 -0.00126151 0)
(0.0503508 -0.001203 -1.72017e-21)
(0.0517941 -0.00114841 -0)
(0.0532 -0.00109704 0)
(0.0545709 -0.00104826 -1.70025e-21)
(0.0559077 -0.00100155 -1.69354e-21)
(0.0572097 -0.000956689 -0)
(0.0584796 -0.000913224 -1.67953e-21)
(0.0597145 -0.00087107 0)
(0.0609177 -0.000829783 -3.32865e-21)
(0.0620853 -0.000789377 -0)
(0.0632204 -0.000749515 -3.29524e-21)
(0.0643193 -0.000710321 -0)
(0.0653846 -0.000671373 3.25842e-21)
(0.0664135 -0.000632914 0)
(0.0674074 -0.000594362 0)
(0.0683638 -0.000555326 0)
(0.0692818 -0.000515297 -3.17262e-21)
(0.0701591 -0.000474244 -0)
(0.0709945 -0.000431763 3.12254e-21)
(0.0717856 -0.000387605 0)
(0.0725311 -0.000341112 -3.06748e-21)
(0.0732269 -0.000292151 -3.03816e-21)
(0.0738711 -0.000240809 -3.00771e-21)
(0.0744606 -0.000187584 -0)
(0.0749933 -0.000134224 0)
(0.0754689 -8.31536e-05 0)
(0.0758887 -3.8332e-05 0)
(0.0762595 2.22884e-07 0)
(0.0765822 3.62257e-05 0)
(0.0768591 7.22373e-05 0)
(0.0770868 0.000108055 0)
(0.0772669 0.000144257 2.67671e-21)
(0.0773968 0.000180392 2.6314e-21)
(0.0774772 0.000216959 0)
(0.0775058 0.000253268 0)
(0.0774839 0.000289801 0)
(0.0774093 0.000325995 2.4288e-21)
(0.0772831 0.000362206 0)
(0.077104 0.000397881 0)
(0.0768727 0.000433376 0)
(0.0765887 0.000468198 0)
(0.0762525 0.000502556 -2.1208e-21)
(0.0758644 0.000536089 0)
(0.075425 0.00056896 0)
(0.0749346 0.000600999 1.90324e-21)
(0.0743938 0.00063212 -1.82496e-21)
(0.0738039 0.000662274 0)
(0.0731654 0.000691358 -1.65959e-21)
(0.0724799 0.000719557 0)
(0.0717472 0.000746545 1.48241e-21)
(0.0709701 0.000772553 0)
(0.0701488 0.000797294 0)
(0.0692858 0.000821099 0)
(0.0683842 0.000843387 0)
(0.0674428 0.000864878 0)
(0.0664485 0.000884549 -1.7597e-21)
(0.0654396 0.000903603 -1.53849e-21)
(0.0643659 0.000920881 0)
(0.0632803 0.000936234 0)
(0.0621541 0.000948169 0)
(0.0610045 0.000954013 5.91496e-22)
(0.0598257 0.000950907 0)
(0.058623 0.00094147 0)
(0.0573898 0.000943963 0)
(0.0561281 0.000957061 -4.56855e-22)
(0.0548376 0.000966552 7.37175e-22)
(0.0535244 0.000975291 0)
(0.052189 0.000983202 0)
(0.0508326 0.000990269 1.6269e-21)
(0.0494572 0.000996747 1.94109e-21)
(0.0480634 0.00100256 0)
(0.0466529 0.001008 0)
(0.0452262 0.00101288 -2.9443e-21)
(0.0437856 0.00101756 3.30126e-21)
(0.0423323 0.00102198 0)
(0.0408662 0.00102605 0)
(0.0393913 0.00103017 4.44986e-21)
(0.0379038 0.00103382 0)
(0.0364094 0.00103735 0)
(0.0349065 0.00104062 5.73641e-21)
(0.0333975 0.00104363 0)
(0.0318836 0.00104665 6.68694e-21)
(0.0303651 0.00104961 0)
(0.0288434 0.00105275 0)
(0.0273187 0.00105608 0)
(0.0257916 0.00105972 -8.87211e-21)
(0.0242622 0.0010637 0)
(0.0227307 0.00106801 0)
(0.0211975 0.00107266 0)
(0.0196627 0.0010776 0)
(0.0181267 0.00108291 0)
(0.01659 0.00108864 0)
(0.0150526 0.00109497 -1.40819e-20)
(0.0135147 0.00110197 -1.50426e-20)
(0.0119762 0.00110979 0)
(0.0104369 0.0011184 0)
(0.00889675 0.00112776 0)
(0.00735591 0.00113759 1.97579e-20)
(0.00581521 0.00114816 0)
(0.00427635 0.00115826 -4.5689e-20)
(0.00274346 0.00116486 4.92854e-20)
(0.00122621 0.0011628 5.32959e-20)
(-0.000273355 0.00112698 -5.52239e-20)
(-0.0016605 0.00105598 5.38434e-20)
(-0.00319537 0.000887417 -5.19041e-20)
(-0.00353304 0.000494588 0)
(-0.00552275 0.00108554 -3.09641e-18)
(-0.00865143 0.000855116 -2.80811e-18)
(-0.0117541 0.00050501 -3.00927e-36)
(-0.0149411 0.000177436 -4.78214e-18)
(-0.0183333 -0.000164677 -8.89789e-18)
(-0.0219375 -0.00052517 -4.15382e-18)
(-0.0257638 -0.000905081 3.88817e-18)
(-0.0298351 -0.00130862 -1.80556e-35)
(-0.0341759 -0.00173886 3.00927e-36)
(-0.0388031 -0.00220019 3.2202e-18)
(-0.0437356 -0.0026888 3.02875e-18)
(-0.0489891 -0.00317489 3.00927e-36)
(-0.0545781 -0.00369308 0)
(-0.0605605 -0.00428865 0)
(-0.066991 -0.00494444 -1.53755e-35)
(-0.0738755 -0.00565321 -1.31655e-35)
(-0.0813623 -0.00641724 4.81482e-35)
(-0.0893112 -0.00724172 -3.75704e-18)
(-0.0982853 -0.00813691 -3.42276e-18)
(-0.107364 -0.00910632 1.80556e-35)
(-0.118919 -0.0101718 5.38568e-18)
(-0.128502 -0.0113421 8.94019e-18)
(-0.145904 -0.0125744 0)
(-0.153363 -0.0140882 -4.31284e-18)
(-0.187952 -0.016432 -9.0278e-36)
)
;
    }
    frontAndBack
    {
        type            empty;
    }
}


// ************************************************************************* //
