/*--------------------------------*- C++ -*----------------------------------*\
  =========                 |
  \\      /  F ield         | OpenFOAM: The Open Source CFD Toolbox
   \\    /   O peration     | Website:  https://openfoam.org
    \\  /    A nd           | Version:  8
     \\/     M anipulation  |
\*---------------------------------------------------------------------------*/
FoamFile
{
    version     2.0;
    format      ascii;
    class       volVectorField;
    location    "1300";
    object      wallShearStress;
}
// * * * * * * * * * * * * * * * * * * * * * * * * * * * * * * * * * * * * * //

dimensions      [0 2 -2 0 0 0 0];

internalField   uniform (0 0 0);

boundaryField
{
    inlet
    {
        type            calculated;
        value           uniform (0 0 0);
    }
    outlet
    {
        type            calculated;
        value           uniform (0 0 0);
    }
    upperWall
    {
        type            calculated;
        value           nonuniform List<vector> 
223
(
(-0.463767 0.00305186 0)
(-0.495158 0.00569031 0)
(-0.510661 0.00687868 0)
(-0.511568 0.00717801 0)
(-0.505979 0.00706499 0)
(-0.494893 0.0066688 0)
(-0.483564 0.00615777 0)
(-0.471848 0.00557862 0)
(-0.460081 0.00497158 0)
(-0.449132 0.00438499 0)
(-0.439173 0.00383942 0)
(-0.430256 0.00334449 0)
(-0.422346 0.0029061 0)
(-0.415315 0.00252193 0)
(-0.409126 0.00219645 0)
(-0.403599 0.00193021 0)
(-0.398666 0.00172238 0)
(-0.394256 0.00160994 0)
(-0.390684 0.00157525 0)
(-0.387836 0.00156006 5.72245e-22)
(-0.384977 0.00152806 0)
(-0.382187 0.00148997 0)
(-0.379402 0.00144844 0)
(-0.376668 0.00140114 5.83515e-22)
(-0.373984 0.00134692 0)
(-0.37136 0.00128045 0)
(-0.368825 0.00120672 0)
(-0.366393 0.00113028 -1.18803e-21)
(-0.364063 0.00105465 1.19317e-21)
(-0.361832 0.000981809 1.19826e-21)
(-0.359691 0.000913129 0)
(-0.357634 0.000848761 -1.20827e-21)
(-0.355654 0.000789166 0)
(-0.353746 0.000733433 1.21801e-21)
(-0.351907 0.000681202 1.22278e-21)
(-0.350133 0.000633375 -1.22751e-21)
(-0.348419 0.000590237 0)
(-0.346762 0.000551153 0)
(-0.345159 0.000514776 0)
(-0.343611 0.000480242 0)
(-0.342116 0.000447717 -1.25095e-21)
(-0.340673 0.000417277 0)
(-0.339279 0.00038878 0)
(-0.337933 0.000362124 1.26483e-21)
(-0.336634 0.000337191 0)
(-0.33538 0.000314026 1.27402e-21)
(-0.334167 0.000292638 -1.27859e-21)
(-0.332996 0.000273066 1.28317e-21)
(-0.331863 0.000255269 0)
(-0.330766 0.000239002 0)
(-0.329704 0.000224391 0)
(-0.328675 0.000211505 1.30157e-21)
(-0.327676 0.000200153 -1.30623e-21)
(-0.326705 0.000190351 0)
(-0.32576 0.000181915 0)
(-0.324841 0.000174912 0)
(-0.323942 0.000169315 0)
(-0.323065 0.000164921 0)
(-0.322205 0.000161713 0)
(-0.321363 0.000159659 0)
(-0.320532 0.000158721 0)
(-0.319717 0.000158792 1.3491e-21)
(-0.318907 0.000159659 -1.35395e-21)
(-0.318112 0.000161386 0)
(-0.317317 0.000163954 0)
(-0.316535 0.000167167 0)
(-0.315745 0.000171094 -1.37343e-21)
(-0.314975 0.000175487 0)
(-0.314178 0.000180669 0)
(-0.313413 0.00018608 0)
(-0.312615 0.000191877 0)
(-0.311816 0.000199115 0)
(-0.311081 0.000204111 -2.80429e-21)
(-0.310154 0.000213466 0)
(-0.309405 0.00021523 0)
(-0.308416 0.0002476 0)
(-0.307684 0.000481262 0)
(-0.30877 0.000646615 0)
(-0.308642 0.000723244 0)
(-0.308292 0.000620892 0)
(-0.312002 0.000391121 2.97272e-21)
(-0.307744 0.00039493 0)
(-0.3059 0.000358205 0)
(-0.304368 0.000178523 0)
(-0.304183 0.000158086 -2.99419e-21)
(-0.303914 0.000225456 0)
(-0.303699 0.000216146 -3.01907e-21)
(-0.303443 0.000306534 0)
(-0.303263 2.72805e-05 0)
(-0.330248 0.000455599 0)
(-0.320766 0.000965483 -3.18884e-21)
(-0.321495 0.000528584 0)
(-0.313121 0.000270629 3.15184e-21)
(-0.315502 0.000162799 3.19565e-21)
(-0.301591 0.000123048 0)
(-0.353981 0.000358101 3.61417e-21)
(-0.333477 0.000434236 0)
(-0.320965 0.000344202 0)
(-0.308913 0.000297432 0)
(-0.300023 0.000269498 -3.09761e-21)
(-0.299608 0.000288049 0)
(-0.299224 0.000191241 -3.10373e-21)
(-0.316057 6.15708e-05 3.27843e-21)
(-0.357908 0.000287393 0)
(-0.328403 0.00122615 0)
(-0.327566 0.00195227 0)
(-0.304955 0.00125444 0)
(-0.309261 0.000305657 0)
(-0.295593 0.000181702 0)
(-0.296949 0.000575343 0)
(-0.294262 0.000609548 -3.00887e-21)
(-0.293635 0.000768067 0)
(-0.292707 0.000678558 0)
(-0.29206 0.000118161 0)
(-0.291644 -0.00013048 0)
(-0.313192 -0.000159197 0)
(-0.347008 0.000403208 0)
(-0.316672 0.00128846 0)
(-0.30677 0.00186457 0)
(-0.287544 0.00158321 0)
(-0.286596 0.000653896 0)
(-0.285938 0.000266742 0)
(-0.285219 0.00105879 0)
(-0.283989 0.00132984 -5.32271e-21)
(-0.282862 0.000408799 0)
(-0.282056 -0.000347537 0)
(-0.281292 -0.000419201 0)
(-0.291319 -0.000401269 5.37965e-21)
(-0.307342 0.000559074 0)
(-0.288919 0.00139876 0)
(-0.276004 0.00109478 4.80077e-21)
(-0.274673 0.000855944 0)
(-0.273306 0.000718935 -4.5971e-21)
(-0.271786 0.00065667 0)
(-0.270067 0.000521404 0)
(-0.26851 0.000640201 0)
(-0.266909 0.000595936 4.09206e-21)
(-0.265583 5.52176e-05 0)
(-0.27627 0.000590075 -3.96473e-21)
(-0.263504 0.000699587 0)
(-0.284346 0.000755473 0)
(-0.261487 0.000684955 0)
(-0.282743 0.000665038 0)
(-0.258947 0.000653268 0)
(-0.278364 -3.69093e-05 0)
(-0.275533 0.000502433 0)
(-0.254142 0.000603992 0)
(-0.261398 0.000649322 0)
(-0.250763 0.000654987 0)
(-0.25261 0.000610659 0)
(-0.24745 0.00162615 -8.0773e-22)
(-0.245974 0.00232385 5.03331e-22)
(-0.244415 0.0021909 0)
(-0.242438 0.00166477 0)
(-0.240232 0.00144425 0)
(-0.237874 0.00104451 0)
(-0.236021 -8.67917e-05 -1.01091e-21)
(-0.233694 -0.000457159 1.40557e-21)
(-0.253464 0.000544047 -1.92199e-21)
(-0.230234 0.00100624 0)
(-0.228956 0.000271527 -2.49592e-21)
(-0.226018 -4.85596e-05 -6.0188e-21)
(-0.223611 0.000195709 0)
(-0.225458 -0.000102729 -7.90435e-21)
(-0.217682 0.00044711 8.67335e-21)
(-0.222727 0.000989698 0)
(-0.232768 0.00126598 0)
(-0.213933 0.00176607 0)
(-0.21356 0.00194464 0)
(-0.212562 0.0014874 0)
(-0.210535 0.000704497 -1.40136e-20)
(-0.207164 -0.000186641 0)
(-0.203142 -0.000201717 -1.69798e-20)
(-0.200633 0.000581414 0)
(-0.198875 0.000868277 0)
(-0.196768 0.000573043 0)
(-0.193687 0.00023876 0)
(-0.191478 0.000905228 0)
(-0.192079 0.00156835 2.35743e-20)
(-0.196199 0.00146926 0)
(-0.199428 0.00105774 0)
(-0.196641 0.000630083 -2.77716e-20)
(-0.191698 0.000416729 0)
(-0.186633 0.000444688 0)
(-0.183878 0.000316397 0)
(-0.180417 0.000158547 3.3891e-20)
(-0.176933 0.000181996 0)
(-0.173255 0.000193714 0)
(-0.16853 0.000177308 0)
(-0.161779 0.000188017 0)
(-0.15213 0.000444692 -4.96896e-20)
(-0.139387 0.00094916 0)
(-0.12457 0.00157004 0)
(-0.108791 0.00196208 0)
(-0.0944191 0.00207633 8.67159e-20)
(-0.0792986 0.00197024 0)
(-0.0707246 0.00222979 0)
(-0.0391202 0.00167997 -1.37179e-19)
(-0.0718725 0.000695785 0)
(-0.107479 0.0061368 1.17841e-17)
(-0.132008 0.0107056 2.10358e-17)
(-0.145064 0.0134334 1.97213e-17)
(-0.152775 0.0149467 1.89354e-17)
(-0.15851 0.0158745 1.83141e-17)
(-0.16297 0.0165212 -1.77943e-17)
(-0.16611 0.0169746 -1.73181e-17)
(-0.168431 0.0172794 -6.01853e-36)
(-0.17053 0.0175124 -3.30998e-17)
(-0.172485 0.0177117 -1.61944e-17)
(-0.174504 0.0178911 1.56482e-34)
(-0.17678 0.0180812 0)
(-0.179584 0.0183045 -2.99091e-17)
(-0.182977 0.0185881 -2.88084e-17)
(-0.187099 0.0189339 -2.75382e-17)
(-0.191926 0.0193582 0)
(-0.197545 0.0198498 4.86825e-17)
(-0.20402 0.0204316 2.23545e-17)
(-0.211217 0.0210787 3.61112e-35)
(-0.219943 0.0218636 -3.49615e-17)
(-0.228149 0.0226364 -1.2291e-20)
(-0.242027 0.0238153 -3.00927e-36)
(-0.245903 0.0245267 1.31784e-17)
(-0.272498 0.026101 -7.26684e-18)
)
;
    }
    lowerWall
    {
        type            calculated;
        value           nonuniform List<vector> 
250
(
(-0.623375 -0.00615426 0)
(-0.641626 -0.0103463 0)
(-0.732153 -0.0131646 0)
(-0.629762 -0.0109482 0)
(-0.579144 -0.00832255 0)
(-0.506309 -0.00559939 0)
(-0.560693 -0.00591085 0)
(-0.522213 -0.00606897 0)
(-0.469661 -0.00430093 0)
(-0.4621 -0.00293624 0)
(-0.453889 -0.00202423 0)
(-0.484671 -0.00135213 0)
(-0.515505 -0.00193716 0)
(-0.465868 -0.00201672 0)
(-0.434836 -0.000944247 0)
(-0.479426 -0.000217634 0)
(-0.468646 0.000374388 0)
(-0.500778 0.000379049 0)
(0.00219445 0.000202038 0)
(0.00243652 -0.00264917 0)
(0.0026983 -0.00559385 0)
(0.00303974 -0.00871016 1.11358e-19)
(0.00344186 -0.0118135 -9.40255e-20)
(0.00371716 -0.0156858 8.36844e-20)
(0.00347685 -0.0152379 -7.50235e-20)
(0.00979108 -0.0348744 0)
(-0.044424 -0.110157 0)
(0.000227202 -0.000279671 0)
(5.86908e-05 -0.000800954 0)
(-8.09955e-06 -0.000885894 0)
(5.75169e-05 -0.00088771 0)
(3.36452e-05 -0.000856743 1.52906e-19)
(-0.000147146 -0.000275738 -1.48197e-19)
(-0.000597441 0.00120382 0)
(-0.00120751 0.00397656 -1.68551e-19)
(-0.00158182 0.00748273 1.28874e-19)
(-0.00151033 0.0107661 0)
(-0.00109848 0.0131662 0)
(-0.000551402 0.0144049 0)
(-3.33561e-05 0.0144666 0)
(0.000375642 0.0135584 0)
(0.000717019 0.0119586 0)
(0.00105253 0.00971644 0)
(0.00142159 0.00686914 0)
(0.00183797 0.00346532 0)
(-0.000145023 -0.000282561 0)
(0.000172943 -0.000454921 0)
(0.00048882 -0.000506154 0)
(0.000814685 -0.000432577 0)
(0.00107292 -0.000191336 -0)
(0.00111626 0.000206281 -0)
(0.000859884 0.000681559 1.42659e-20)
(0.000333666 0.00112482 -1.61257e-20)
(-0.000391409 0.00144471 0)
(-0.00121971 0.00160333 -9.17094e-21)
(-0.00207199 0.00161442 0)
(-0.002883 0.00150913 0)
(-0.00360738 0.00132464 0)
(-0.00422025 0.00109191 4.50657e-21)
(-0.00471026 0.000832027 0)
(-0.00507334 0.000556653 0)
(-0.00530707 0.000274194 -3.90986e-21)
(-0.00541615 -2.16404e-05 -0)
(-0.0053753 -0.000328377 0)
(-0.00518288 -0.000624658 -0)
(-0.00484786 -0.00089004 4.21109e-21)
(-0.00438206 -0.00110412 -0)
(-0.0038039 -0.00124541 4.99128e-21)
(-0.00314101 -0.00129438 0)
(-0.00243192 -0.00123639 -0)
(-0.00172624 -0.00106832 8.13532e-21)
(-0.00108223 -0.000806296 0)
(-0.000557946 -0.000494929 -1.35785e-20)
(-0.000187979 -0.000206973 0)
(4.41311e-05 -7.23014e-06 2.33503e-20)
(0.000191382 0.0001122 0)
(0.000275733 0.00021488 0)
(0.000262335 0.00033425 0)
(0.000143703 0.000490426 0)
(-0.000115609 0.000693948 0)
(-0.000539666 0.000901666 -1.46238e-20)
(-0.0011053 0.00103523 0)
(-0.00172072 0.00102381 1.73957e-20)
(-0.00226635 0.000859658 0)
(-0.00264527 0.00059483 -1.39379e-20)
(-0.00282327 0.000318508 0)
(-0.00283387 0.000103555 0)
(-0.00273607 -7.32005e-06 1.38093e-20)
(-0.00260468 1.13808e-05 0)
(-0.00250575 0.000151868 1.43206e-20)
(-0.00244348 0.000350527 -1.44186e-20)
(-0.00235588 0.0004424 0)
(-0.00208123 0.000184251 -1.59485e-20)
(-0.00137435 -0.000496483 -1.90247e-20)
(-1.14915e-06 -0.0012321 0)
(0.00175665 -0.00191902 0)
(0.00372722 -0.00264819 0)
(0.00604926 -0.00330527 0)
(0.00857041 -0.0035505 -0)
(0.0111173 -0.00369146 3.46445e-21)
(0.0136134 -0.00379121 0)
(0.0161134 -0.00380255 -2.63269e-21)
(0.0185989 -0.00373154 -0)
(0.0219544 -0.00365347 -0)
(0.0229239 -0.00317401 2.07786e-21)
(0.0249281 -0.00294577 0)
(0.0272417 -0.00271424 -1.91501e-21)
(0.0298563 -0.0025237 -0)
(0.0320306 -0.00234887 0)
(0.0342475 -0.00218675 -0)
(0.0362525 -0.00203491 1.8099e-21)
(0.0382441 -0.00190117 0)
(0.0401047 -0.00178006 -0)
(0.0419283 -0.00167369 1.76584e-21)
(0.043664 -0.00157856 0)
(0.0453591 -0.00149399 1.74523e-21)
(0.0469909 -0.00141773 0)
(0.0485834 -0.00134859 0)
(0.0501268 -0.00128507 0)
(0.051633 -0.00122618 -1.7144e-21)
(0.0530978 -0.00117088 -0)
(0.0545269 -0.00111847 0)
(0.0559186 -0.00106828 -1.69441e-21)
(0.0572749 -0.00101987 -1.68775e-21)
(0.0585954 -0.000972853 -0)
(0.0598805 -0.000926865 -1.67391e-21)
(0.0611298 -0.000881678 0)
(0.062343 -0.000837126 -3.31803e-21)
(0.0635196 -0.000793042 -0)
(0.064659 -0.000749297 -3.28533e-21)
(0.0657607 -0.000705643 -0)
(0.0668232 -0.000662026 3.24906e-21)
(0.0678462 -0.000618334 0)
(0.0688282 -0.000574356 0)
(0.0697685 -0.000529768 0)
(0.0706647 -0.00048444 -3.16331e-21)
(0.0715161 -0.000438112 -0)
(0.0723203 -0.000390352 3.11269e-21)
(0.0730751 -0.00034102 0)
(0.0737786 -0.000289765 -3.05639e-21)
(0.0744277 -0.000236538 -3.02609e-21)
(0.0750208 -0.000181628 -2.9944e-21)
(0.0755557 -0.000126231 0)
(0.0760324 -7.31205e-05 0)
(0.0764539 -2.73307e-05 0)
(0.0768262 1.10261e-05 0)
(0.0771526 4.67381e-05 0)
(0.0774332 8.18346e-05 0)
(0.0776672 0.000116493 0)
(0.0778549 0.000150927 0)
(0.0779956 0.000185225 2.63523e-21)
(0.0780885 0.000219383 2.58564e-21)
(0.0781334 0.000253311 0)
(0.0781299 0.000287016 0)
(0.0780779 0.000320466 0)
(0.077977 0.00035373 2.36614e-21)
(0.0778266 0.000386713 0)
(0.0776268 0.000419335 0)
(0.0773777 0.000451682 0)
(0.0770788 0.000483659 0)
(0.0767304 0.000515198 -2.04125e-21)
(0.0763328 0.000546315 0)
(0.0758858 0.000577025 0)
(0.0753898 0.000607177 1.81715e-21)
(0.0748452 0.000636832 -1.73727e-21)
(0.074252 0.000665919 0)
(0.0736111 0.000694408 -1.56943e-21)
(0.0729226 0.000722212 0)
(0.0721878 0.000749402 1.39042e-21)
(0.0714063 0.000775927 0)
(0.0705794 0.000801703 0)
(0.0697079 0.000826761 0)
(0.0687951 0.000851002 0)
(0.0678442 0.00087421 0)
(0.0668429 0.000895866 -1.56438e-21)
(0.0658132 0.000916856 -1.33993e-21)
(0.0647284 0.000935963 0)
(0.0636197 0.000952059 0)
(0.0624736 0.000963151 0)
(0.0612992 0.000965616 3.74725e-22)
(0.0600947 0.000958514 0)
(0.0588548 0.000960033 0)
(0.0575834 0.000974419 0)
(0.0562784 0.000987237 -7.06363e-22)
(0.0549465 0.000998789 9.97501e-22)
(0.0535884 0.00100928 0)
(0.0522063 0.00101888 0)
(0.0508016 0.00102759 1.92641e-21)
(0.0493758 0.00103557 2.25604e-21)
(0.0479306 0.00104276 0)
(0.0464678 0.00104942 0)
(0.0449891 0.00105557 -3.3128e-21)
(0.0434928 0.0010609 3.69011e-21)
(0.0419852 0.00106613 0)
(0.0404652 0.00107117 0)
(0.0389327 0.00107534 4.90844e-21)
(0.0373931 0.00107958 0)
(0.0358421 0.00108298 0)
(0.0342872 0.00108631 6.2782e-21)
(0.0327234 0.00108889 0)
(0.0311594 0.00109167 7.29381e-21)
(0.0295884 0.00109394 0)
(0.0280188 0.00109646 0)
(0.0264458 0.00109912 0)
(0.0248731 0.00110194 -9.63793e-21)
(0.0232997 0.00110508 0)
(0.0217266 0.00110847 0)
(0.0201538 0.00111215 0)
(0.0185818 0.0011161 0)
(0.0170112 0.00112044 0)
(0.0154421 0.00112526 0)
(0.0138748 0.00113077 -1.52773e-20)
(0.0123093 0.00113704 -1.63259e-20)
(0.0107453 0.00114424 0)
(0.00918278 0.00115233 0)
(0.00762159 0.00116134 0)
(0.00606193 0.00117162 2.15176e-20)
(0.00450443 0.0011828 0)
(0.00295117 0.00119278 -4.99198e-20)
(0.00140661 0.00119748 5.39634e-20)
(-0.000119127 0.00118096 5.62426e-20)
(-0.00162497 0.00112309 -5.50035e-20)
(-0.00300617 0.00104105 5.2745e-20)
(-0.00452522 0.000865361 -5.09938e-20)
(-0.00481138 0.000452197 0)
(-0.00682267 0.000991951 -3.05581e-18)
(-0.010032 0.000746065 -2.78162e-18)
(-0.0132163 0.000379985 3.00927e-36)
(-0.0164487 3.96358e-05 -4.76064e-18)
(-0.0198733 -0.000310921 -8.87496e-18)
(-0.023506 -0.000677616 -4.14986e-18)
(-0.0273554 -0.00106235 3.88962e-18)
(-0.0314462 -0.00146969 0)
(-0.0358034 -0.00190323 0)
(-0.0404425 -0.00236867 3.23072e-18)
(-0.0453841 -0.00284681 3.04112e-18)
(-0.0506373 -0.0033295 6.01853e-36)
(-0.0562375 -0.00386164 0)
(-0.0622296 -0.00446402 0)
(-0.0686717 -0.0051227 -3.29138e-35)
(-0.0755644 -0.00583301 -2.40271e-35)
(-0.0830644 -0.00659868 9.62965e-35)
(-0.0910184 -0.00742422 -3.78066e-18)
(-0.100016 -0.00832152 -3.44471e-18)
(-0.109096 -0.00929182 1.20371e-35)
(-0.120687 -0.0103593 5.42093e-18)
(-0.130267 -0.011531 8.99857e-18)
(-0.147731 -0.0127669 0)
(-0.155136 -0.014283 -4.34007e-18)
(-0.189824 -0.0166259 -1.80556e-35)
)
;
    }
    frontAndBack
    {
        type            empty;
    }
}


// ************************************************************************* //
