/*--------------------------------*- C++ -*----------------------------------*\
  =========                 |
  \\      /  F ield         | OpenFOAM: The Open Source CFD Toolbox
   \\    /   O peration     | Website:  https://openfoam.org
    \\  /    A nd           | Version:  8
     \\/     M anipulation  |
\*---------------------------------------------------------------------------*/
FoamFile
{
    version     2.0;
    format      ascii;
    class       volVectorField;
    location    "2000";
    object      wallShearStress;
}
// * * * * * * * * * * * * * * * * * * * * * * * * * * * * * * * * * * * * * //

dimensions      [0 2 -2 0 0 0 0];

internalField   uniform (0 0 0);

boundaryField
{
    inlet
    {
        type            calculated;
        value           uniform (0 0 0);
    }
    outlet
    {
        type            calculated;
        value           uniform (0 0 0);
    }
    upperWall
    {
        type            calculated;
        value           nonuniform List<vector> 
223
(
(-0.582193 -0.392359 0)
(-0.977814 -0.219377 0)
(-0.939336 -0.0567747 0)
(-0.81071 -0.00585779 0)
(-0.734594 0.00331371 0)
(-0.695452 0.00231544 0)
(-0.670941 0.000424216 0)
(-0.653507 -0.00144879 0)
(-0.640532 -0.0025625 0)
(-0.629821 -0.00218353 0)
(-0.620058 -0.0013053 0)
(-0.610993 -0.00107839 0)
(-0.603033 -0.0013885 0)
(-0.596184 -0.00127386 0)
(-0.590434 -0.00106045 0)
(-0.585075 -0.000334585 0)
(-0.579787 0.00168709 0)
(-0.575194 0.00141472 0)
(-0.571309 0.00162532 0)
(-0.567715 0.00312828 4.27722e-22)
(-0.564341 0.00251106 0)
(-0.561641 0.00175048 0)
(-0.558902 0.00303621 0)
(-0.555755 0.00321356 4.48324e-22)
(-0.552843 0.00331365 0)
(-0.54995 0.00393377 0)
(-0.546937 0.00376721 0)
(-0.544106 0.00348255 -9.3812e-22)
(-0.541328 0.00298074 9.46034e-22)
(-0.538632 0.00256638 9.56474e-22)
(-0.535952 0.00245937 0)
(-0.533231 0.00218857 -9.78471e-22)
(-0.530574 0.00194056 0)
(-0.527935 0.00174261 1.00147e-21)
(-0.525292 0.00157381 1.01355e-21)
(-0.52264 0.00144505 -1.02611e-21)
(-0.519969 0.00134117 0)
(-0.517283 0.00125825 0)
(-0.514578 0.00119383 0)
(-0.51185 0.00114453 0)
(-0.509095 0.00110714 -1.09092e-21)
(-0.506311 0.0010793 0)
(-0.503494 0.00105928 0)
(-0.500642 0.0010458 1.13111e-21)
(-0.497753 0.00103784 0)
(-0.494822 0.00103437 1.1576e-21)
(-0.491847 0.00103491 -1.1706e-21)
(-0.488823 0.00103852 1.18334e-21)
(-0.485748 0.00104484 0)
(-0.482619 0.0010528 0)
(-0.479435 0.0010614 0)
(-0.476199 0.00106958 1.23085e-21)
(-0.472914 0.00107627 -1.24151e-21)
(-0.469594 0.00108156 0)
(-0.466252 0.00108662 0)
(-0.462904 0.00109187 0)
(-0.459561 0.00109638 0)
(-0.456227 0.00109915 0)
(-0.452904 0.00109926 0)
(-0.449586 0.00109683 0)
(-0.446267 0.00109257 0)
(-0.442936 0.00108745 1.29201e-21)
(-0.439581 0.00108267 -1.29178e-21)
(-0.436193 0.001079 0)
(-0.432759 0.00107714 0)
(-0.429269 0.00107731 0)
(-0.425715 0.00107953 -1.27841e-21)
(-0.422088 0.00108371 0)
(-0.41838 0.00108961 0)
(-0.414587 0.00109674 0)
(-0.410704 0.00110482 0)
(-0.406727 0.00111336 0)
(-0.402655 0.00112174 -2.43446e-21)
(-0.398487 0.00112958 0)
(-0.394224 0.00113632 0)
(-0.389868 0.00114135 0)
(-0.385427 0.00114451 0)
(-0.380908 0.00114568 0)
(-0.376322 0.00114475 0)
(-0.371683 0.00114141 0)
(-0.367001 0.00113537 2.09544e-21)
(-0.362288 0.00112656 0)
(-0.357551 0.00111503 0)
(-0.352795 0.00110112 0)
(-0.348022 0.00108526 -1.83979e-21)
(-0.343232 0.0010681 0)
(-0.338423 0.0010503 -1.69037e-21)
(-0.333591 0.00103235 0)
(-0.328732 0.00101526 0)
(-0.323838 0.000999811 0)
(-0.319025 0.000991983 -1.35119e-21)
(-0.316385 0.00100109 0)
(-0.313661 0.00101498 1.18073e-21)
(-0.310856 0.00102965 1.09004e-21)
(-0.307976 0.00104283 0)
(-0.305031 0.00105369 8.96366e-22)
(-0.302034 0.00106246 0)
(-0.298998 0.00106973 0)
(-0.295936 0.00107703 0)
(-0.292865 0.00108395 -4.54981e-22)
(-0.289796 0.00109373 0)
(-0.286747 0.00110025 -2.05611e-22)
(-0.283725 0.0011102 7.36418e-23)
(-0.280746 0.001119 0)
(-0.277814 0.00111013 0)
(-0.274937 0.00111288 0)
(-0.272131 0.00111228 0)
(-0.269383 0.00107019 0)
(-0.266705 0.00108175 0)
(-0.264174 0.00104302 0)
(-0.261749 0.00141224 1.14228e-21)
(-0.259548 0.00164272 0)
(-0.257393 0.00140635 0)
(-0.255216 0.00119281 0)
(-0.253153 0.000595616 0)
(-0.250871 0.000293382 0)
(-0.248558 0.000326629 0)
(-0.24655 0.000426608 0)
(-0.244543 0.000535234 0)
(-0.242774 0.000513015 0)
(-0.240827 0.000665638 0)
(-0.238844 0.00068325 0)
(-0.237282 0.000554233 0)
(-0.235342 0.000680616 7.18379e-21)
(-0.233556 0.000727942 0)
(-0.231873 0.000501509 0)
(-0.230378 0.000446636 0)
(-0.228653 0.00062989 -8.82261e-21)
(-0.227257 0.000736732 0)
(-0.22559 0.000785019 0)
(-0.22429 0.00073878 -1.00319e-20)
(-0.222793 0.000778751 0)
(-0.221344 0.000743829 1.08724e-20)
(-0.219894 0.00102901 0)
(-0.218605 0.00118279 0)
(-0.217474 0.000591384 0)
(-0.216113 0.000725007 -1.26105e-20)
(-0.215267 0.000721378 0)
(-0.214345 0.000728874 1.33822e-20)
(-0.213268 0.000940314 0)
(-0.212437 0.000579347 0)
(-0.211506 0.000606633 0)
(-0.210733 0.000673699 0)
(-0.21004 0.000580392 0)
(-0.208998 0.000537265 0)
(-0.207954 0.000417564 0)
(-0.207053 0.000455337 0)
(-0.206376 -5.04641e-05 0)
(-0.204804 -0.000568936 0)
(-0.20374 -0.000337274 0)
(-0.203232 -9.41013e-05 1.84941e-20)
(-0.202337 5.4707e-05 -1.89578e-20)
(-0.201648 8.95687e-05 0)
(-0.201177 0.000107412 0)
(-0.200223 0.00013103 0)
(-0.199705 0.000223585 0)
(-0.198755 0.00021378 -2.10379e-20)
(-0.198472 0.000181817 2.12904e-20)
(-0.19766 0.000254881 -2.1838e-20)
(-0.197396 0.000218463 0)
(-0.197089 0.000223728 -2.25397e-20)
(-0.196426 0.000261228 -4.60548e-20)
(-0.195998 0.000252458 0)
(-0.195561 0.000263381 -4.75392e-20)
(-0.194785 0.000249683 4.85491e-20)
(-0.194554 0.000210438 0)
(-0.194283 0.000255244 0)
(-0.193692 0.000307849 0)
(-0.193007 0.000232429 0)
(-0.192928 0.00021932 0)
(-0.192524 0.000284718 -5.34275e-20)
(-0.191738 0.000243572 0)
(-0.191503 0.000231701 -5.50946e-20)
(-0.191227 0.000262477 0)
(-0.190675 0.000251843 0)
(-0.190362 0.000250327 0)
(-0.189749 0.00027794 0)
(-0.189078 0.000296822 0)
(-0.188302 0.000277338 6.09512e-20)
(-0.188084 0.000304 0)
(-0.186925 0.00030909 0)
(-0.186365 0.000317098 -6.39276e-20)
(-0.185765 0.000388625 0)
(-0.184791 0.000564405 0)
(-0.184148 0.000723889 0)
(-0.18314 0.000756151 6.87105e-20)
(-0.182769 0.000721635 0)
(-0.181688 0.000606014 0)
(-0.18022 0.000542613 0)
(-0.178493 0.000491908 0)
(-0.176492 0.000580278 -7.67029e-20)
(-0.173834 0.000371804 0)
(-0.170207 0.000203689 0)
(-0.166043 0.000535141 0)
(-0.161587 0.000885525 8.87029e-20)
(-0.15435 0.0012566 0)
(-0.147506 0.00222038 0)
(-0.122477 0.00227011 -1.08351e-19)
(-0.140615 0.00684458 1.20371e-35)
(-0.168978 0.0134287 1.25171e-17)
(-0.18676 0.0172315 2.34936e-17)
(-0.193045 0.0189586 2.27396e-17)
(-0.196924 0.0197542 2.1926e-17)
(-0.20083 0.020352 2.11773e-17)
(-0.20532 0.0210325 -2.02391e-17)
(-0.209572 0.0215353 -1.95282e-17)
(-0.213788 0.0218812 -6.01853e-36)
(-0.218043 0.0220244 -3.6663e-17)
(-0.220195 0.0221862 -1.80774e-17)
(-0.224671 0.0227239 5.53705e-34)
(-0.227499 0.022906 0)
(-0.231043 0.0233644 -3.22806e-17)
(-0.235328 0.0239354 -3.06873e-17)
(-0.242325 0.0247784 -2.84675e-17)
(-0.249505 0.0254436 0)
(-0.256847 0.0260668 4.94071e-17)
(-0.263897 0.0266463 2.26476e-17)
(-0.272739 0.027445 0)
(-0.282644 0.0283559 -3.4864e-17)
(-0.291204 0.0289981 -1.58069e-20)
(-0.300869 0.0295765 0)
(-0.304425 0.0304154 1.3486e-17)
(-0.332552 0.0321485 -7.62937e-18)
)
;
    }
    lowerWall
    {
        type            calculated;
        value           nonuniform List<vector> 
250
(
(-0.653909 0.466638 0)
(-1.14095 0.204678 0)
(-1.03492 0.0379587 0)
(-0.869573 -0.000935979 0)
(-0.786941 -0.00419161 0)
(-0.746063 -0.00160781 0)
(-0.719878 0.00041618 0)
(-0.700645 -0.000651797 0)
(-0.685088 -0.00405594 0)
(-0.671318 -0.00471224 0)
(-0.658932 -0.00298826 0)
(-0.64772 -0.000864311 0)
(-0.637516 0.00142598 0)
(-0.628189 0.0021038 0)
(-0.61932 0.00136786 0)
(-0.611521 0.00135749 0)
(-0.604581 0.00169581 0)
(-0.605069 0.00194334 0)
(-0.00426043 -0.0228579 0)
(-0.00275887 -0.0176425 0)
(-0.000676927 -0.0144932 0)
(0.00194459 -0.0137776 9.02225e-20)
(0.005269 -0.015198 -7.86161e-20)
(0.00896162 -0.020821 6.28475e-20)
(0.01274 -0.0200853 -4.84726e-20)
(0.0256284 -0.0633148 0)
(-0.0840631 -0.144714 0)
(0.000872513 -0.00384046 0)
(-0.00766531 0.00954681 0)
(-0.008516 0.0328215 0)
(-0.00254938 0.044855 0)
(0.00295336 0.0442615 1.82216e-20)
(0.00618273 0.036063 -1.89651e-20)
(0.00818722 0.024161 0)
(0.0094605 0.0101606 -5.42266e-20)
(0.00943162 -0.00404244 6.1141e-20)
(0.00793323 -0.0174224 0)
(0.0061412 -0.0291949 0)
(0.0043817 -0.0385625 0)
(0.00268716 -0.0451398 0)
(0.000985987 -0.0488793 0)
(-0.000885132 -0.0495145 0)
(-0.00282053 -0.0464084 0)
(-0.00437903 -0.0399025 0)
(-0.00492617 -0.0308269 0)
(0.00132867 -0.00151209 0)
(0.00133797 0.00652727 0)
(-0.00450922 0.00961861 0)
(-0.00959715 0.00975648 0)
(-0.0133831 0.0082995 0)
(-0.0158893 0.00623519 0)
(-0.0172643 0.00409761 1.49568e-21)
(-0.0177829 0.0020061 -1.52729e-21)
(-0.0173314 -7.01834e-06 0)
(-0.0160539 -0.00168627 -1.65303e-21)
(-0.0141884 -0.00283756 0)
(-0.0120504 -0.00329645 0)
(-0.0100507 -0.00303588 -0)
(-0.00855303 -0.00228027 2.57021e-21)
(-0.00761636 -0.00142305 0)
(-0.00693805 -0.000815854 0)
(-0.00612054 -0.000623429 -3.3781e-21)
(-0.0049929 -0.00100047 0)
(-0.00340848 -0.00238594 0)
(-0.000488539 -0.00505759 0)
(0.00436083 -0.00740363 3.033e-21)
(0.00994577 -0.00889514 0)
(0.0158468 -0.00984993 1.4691e-21)
(0.0218921 -0.0106169 0)
(0.0280979 -0.0112689 -0)
(0.0344083 -0.0115143 8.44679e-22)
(0.0405409 -0.0113547 0)
(0.0491488 -0.0116032 -7.54026e-22)
(0.0589387 -0.0117553 -0)
(0.0686331 -0.0115828 7.70688e-22)
(0.078042 -0.011169 0)
(0.087015 -0.0105841 0)
(0.0954593 -0.00989006 0)
(0.103317 -0.00913659 -0)
(0.110564 -0.00836068 0)
(0.117197 -0.00758951 -8.11143e-22)
(0.12323 -0.00684044 -0)
(0.128686 -0.00612272 1.63306e-21)
(0.133591 -0.00544038 0)
(0.137973 -0.00479415 -1.63493e-21)
(0.141859 -0.00418208 -0)
(0.145271 -0.0036014 -0)
(0.148232 -0.00304956 1.62103e-21)
(0.150758 -0.00252409 0)
(0.152864 -0.00202402 1.60081e-21)
(0.154561 -0.00155028 -1.5875e-21)
(0.155863 -0.00110632 -0)
(0.156782 -0.00069888 -1.55488e-21)
(0.157328 -0.000337792 -1.53585e-21)
(0.157514 -3.98299e-05 -0)
(0.157409 0.000194722 0)
(0.157077 0.000391583 0)
(0.156523 0.000568225 0)
(0.155762 0.000731063 -0)
(0.154801 0.000884191 1.37578e-21)
(0.153649 0.00102831 0)
(0.152313 0.00116406 -1.307e-21)
(0.1508 0.00129166 -0)
(0.149117 0.00141125 -0)
(0.147272 0.00152287 1.19055e-21)
(0.145272 0.0016264 0)
(0.143127 0.0017219 -1.10485e-21)
(0.140843 0.00180933 -0)
(0.13843 0.00188862 0)
(0.135896 0.00195983 -0)
(0.13325 0.0020231 9.16826e-22)
(0.130502 0.00207845 0)
(0.12766 0.00212598 -0)
(0.124734 0.00216586 7.63785e-22)
(0.121733 0.00219834 0)
(0.118666 0.00222359 6.57251e-22)
(0.115542 0.00224178 0)
(0.112371 0.00225323 0)
(0.10916 0.00225821 0)
(0.10592 0.00225695 -4.36171e-22)
(0.102657 0.00224984 -0)
(0.0993805 0.00223713 0)
(0.0960979 0.00221914 -2.65569e-22)
(0.0928167 0.00219631 -2.08119e-22)
(0.0895438 0.00216886 -0)
(0.0862863 0.00213721 -9.26495e-23)
(0.0830502 0.00210167 -0)
(0.0798419 0.00206263 4.66168e-23)
(0.0766665 0.00202049 -0)
(0.0735297 0.00197567 2.79035e-22)
(0.0704357 0.00192873 0)
(0.0673889 0.00188014 -5.11717e-22)
(0.0643933 0.00183076 -0)
(0.0614516 0.00178157 0)
(0.0585669 0.00173376 -0)
(0.0557411 0.00168921 9.78488e-22)
(0.0529751 0.00164994 0)
(0.0502697 0.00161807 -1.21393e-21)
(0.0476237 0.00159481 0)
(0.0457847 0.00160346 1.47569e-21)
(0.0442423 0.001621 1.6342e-21)
(0.0427033 0.00162591 1.79912e-21)
(0.0411759 0.00161303 0)
(0.0396654 0.0015897 0)
(0.0381717 0.001564 0)
(0.0366935 0.0015382 0)
(0.0352306 0.00151251 0)
(0.0337833 0.00148689 0)
(0.0323525 0.0014614 0)
(0.0309383 0.0014362 0)
(0.0295412 0.00141138 -3.69198e-21)
(0.0281618 0.00138716 -3.96764e-21)
(0.0268002 0.00136372 0)
(0.0254563 0.00134077 0)
(0.0241307 0.00131671 0)
(0.0228249 0.00129181 -5.26768e-21)
(0.0215386 0.0012676 0)
(0.0202721 0.00124395 0)
(0.0190249 0.0012209 0)
(0.0177975 0.00119846 0)
(0.0165899 0.00117673 7.53647e-21)
(0.015402 0.00115579 0)
(0.0142337 0.0011357 0)
(0.0130851 0.00111659 -9.4555e-21)
(0.0119561 0.00109848 1.02331e-20)
(0.0108465 0.00108147 0)
(0.00975627 0.00106585 1.20697e-20)
(0.00868543 0.00105227 0)
(0.00763352 0.0010419 -1.44084e-20)
(0.00659991 0.00103501 0)
(0.00558427 0.00103061 0)
(0.00458652 0.0010284 0)
(0.00360625 0.00102869 0)
(0.002643 0.00103173 0)
(0.00169725 0.00103745 5.5718e-20)
(0.000770483 0.00104304 6.42303e-20)
(-0.000139341 0.0010303 0)
(-0.00103665 0.000987444 0)
(-0.00191847 0.00093505 0)
(-0.0027848 0.000885561 -5.28854e-20)
(-0.00363551 0.000840642 0)
(-0.00447042 0.000799893 0)
(-0.00528989 0.000762828 0)
(-0.00609453 0.000728952 -4.04141e-20)
(-0.00688487 0.000697807 3.83646e-20)
(-0.00766143 0.000669015 0)
(-0.00842469 0.000642268 0)
(-0.00917506 0.000617318 3.36174e-20)
(-0.00991298 0.000593974 3.23774e-20)
(-0.0106389 0.000572067 0)
(-0.0113533 0.000551465 0)
(-0.0120565 0.000532048 -2.93524e-20)
(-0.012749 0.000513725 2.85248e-20)
(-0.0134312 0.000496415 0)
(-0.0141035 0.000480045 0)
(-0.0147664 0.000464559 2.64353e-20)
(-0.0154203 0.0004499 0)
(-0.0160656 0.000436026 0)
(-0.0167028 0.000422893 2.479e-20)
(-0.0173324 0.00041046 0)
(-0.0179547 0.000398699 2.38741e-20)
(-0.0185704 0.000387575 0)
(-0.0191797 0.000377057 0)
(-0.0197833 0.000367119 0)
(-0.0203815 0.000357731 -2.23583e-20)
(-0.0209749 0.000348849 0)
(-0.0215637 0.000340428 0)
(-0.0221484 0.000332434 0)
(-0.0227293 0.000324806 0)
(-0.0233066 0.000317427 0)
(-0.0238803 0.00031022 0)
(-0.0244504 0.000303041 -2.0385e-20)
(-0.0250163 0.000295664 -2.01547e-20)
(-0.0255774 0.000287843 0)
(-0.0261323 0.000279179 0)
(-0.0266784 0.000269131 0)
(-0.0272126 0.000256999 1.93599e-20)
(-0.02773 0.000241543 0)
(-0.028222 0.000221305 -3.81337e-20)
(-0.0286789 0.000192239 3.79275e-20)
(-0.0290718 0.000152616 3.78184e-20)
(-0.0294031 7.78678e-05 -3.78572e-20)
(-0.0294846 -3.94068e-05 3.80443e-20)
(-0.0295093 -0.000356579 -3.83965e-20)
(-0.0279745 -0.000616909 0)
(-0.0293472 -0.000516247 -2.43311e-18)
(-0.0327708 -0.00134247 -2.2697e-18)
(-0.0364145 -0.00203344 -3.00927e-36)
(-0.0395354 -0.00257615 -4.06076e-18)
(-0.0424854 -0.00301872 -7.7576e-18)
(-0.0455577 -0.00342195 -3.71951e-18)
(-0.0487808 -0.00381941 3.56792e-18)
(-0.0521106 -0.004297 -2.40741e-35)
(-0.0556099 -0.00469641 3.00927e-36)
(-0.0593038 -0.00509768 3.15165e-18)
(-0.063239 -0.00550184 3.01936e-18)
(-0.0674422 -0.00580822 0)
(-0.0719269 -0.00621754 0)
(-0.0767364 -0.00668976 0)
(-0.081924 -0.00719441 -2.81178e-35)
(-0.0875416 -0.00774266 -5.33204e-35)
(-0.0936586 -0.00834586 1.02315e-34)
(-0.100329 -0.00901034 -4.15823e-18)
(-0.107692 -0.00973161 -3.81229e-18)
(-0.116753 -0.0106246 6.01853e-36)
(-0.12757 -0.0116281 6.1367e-18)
(-0.138425 -0.0127349 1.03491e-17)
(-0.153649 -0.0139281 6.01853e-36)
(-0.16285 -0.0152949 -5.09788e-18)
(-0.191964 -0.0169827 -3.00927e-35)
)
;
    }
    frontAndBack
    {
        type            empty;
    }
}


// ************************************************************************* //
