/*--------------------------------*- C++ -*----------------------------------*\
  =========                 |
  \\      /  F ield         | OpenFOAM: The Open Source CFD Toolbox
   \\    /   O peration     | Website:  https://openfoam.org
    \\  /    A nd           | Version:  8
     \\/     M anipulation  |
\*---------------------------------------------------------------------------*/
FoamFile
{
    version     2.0;
    format      ascii;
    class       volVectorField;
    location    "1900";
    object      wallShearStress;
}
// * * * * * * * * * * * * * * * * * * * * * * * * * * * * * * * * * * * * * //

dimensions      [0 2 -2 0 0 0 0];

internalField   uniform (0 0 0);

boundaryField
{
    inlet
    {
        type            calculated;
        value           uniform (0 0 0);
    }
    outlet
    {
        type            calculated;
        value           uniform (0 0 0);
    }
    upperWall
    {
        type            calculated;
        value           nonuniform List<vector> 
223
(
(-0.452158 -0.0382725 0)
(-0.513086 -0.0442516 0)
(-0.54559 -0.0326945 0)
(-0.543196 -0.0203421 0)
(-0.538378 -0.0121345 0)
(-0.528045 -0.00683307 0)
(-0.517188 -0.00354644 0)
(-0.506613 -0.00154401 0)
(-0.495889 -0.000326171 0)
(-0.485916 0.000398548 0)
(-0.476796 0.000820662 0)
(-0.468521 0.00105642 0)
(-0.461055 0.00117654 0)
(-0.454318 0.00122656 0)
(-0.448242 0.00123479 0)
(-0.442747 0.0012222 0)
(-0.437745 0.00120008 0)
(-0.433201 0.00121943 0)
(-0.429524 0.00127972 0)
(-0.42658 0.00132127 5.47681e-22)
(-0.423684 0.00132603 0)
(-0.420851 0.00130565 0)
(-0.41808 0.00126875 0)
(-0.415377 0.00122218 5.58714e-22)
(-0.412748 0.00116924 0)
(-0.410193 0.00111427 0)
(-0.407713 0.00105807 0)
(-0.405307 0.00100318 -1.13634e-21)
(-0.402975 0.000949338 1.1409e-21)
(-0.400713 0.000898304 1.14543e-21)
(-0.39852 0.000849326 0)
(-0.396393 0.000803815 -1.15448e-21)
(-0.39433 0.000761002 0)
(-0.392327 0.000721545 1.16357e-21)
(-0.390383 0.000685015 1.16815e-21)
(-0.388492 0.000651571 -1.17274e-21)
(-0.386652 0.000620633 0)
(-0.384862 0.000592196 0)
(-0.383118 0.000566217 0)
(-0.381418 0.000542582 0)
(-0.379759 0.000520875 -1.19614e-21)
(-0.37814 0.000500986 0)
(-0.376558 0.00048285 0)
(-0.375011 0.000466231 1.21063e-21)
(-0.373499 0.000451096 0)
(-0.372018 0.000437363 1.22044e-21)
(-0.370567 0.000424909 -1.22539e-21)
(-0.369146 0.000413635 1.23036e-21)
(-0.36775 0.000403427 0)
(-0.366381 0.000394381 0)
(-0.365034 0.000386317 0)
(-0.36371 0.000379291 1.25043e-21)
(-0.362405 0.000373134 -1.25549e-21)
(-0.361119 0.000367824 0)
(-0.35985 0.000363353 0)
(-0.358596 0.000359617 0)
(-0.357356 0.000356527 0)
(-0.356129 0.000354103 0)
(-0.354912 0.000352286 0)
(-0.353705 0.000350948 0)
(-0.352506 0.000350168 0)
(-0.351314 0.000349853 1.30066e-21)
(-0.350127 0.000349868 -1.30554e-21)
(-0.348946 0.000350305 0)
(-0.347765 0.000351096 0)
(-0.34659 0.000352211 0)
(-0.345412 0.000353692 -1.32446e-21)
(-0.344237 0.000355407 0)
(-0.343056 0.000357341 0)
(-0.341877 0.000359569 0)
(-0.340688 0.000361935 0)
(-0.339502 0.00036441 0)
(-0.338302 0.000367008 -2.69961e-21)
(-0.337103 0.000370058 0)
(-0.335886 0.000373413 0)
(-0.334671 0.000376614 0)
(-0.333429 0.000380419 0)
(-0.332201 0.000384153 0)
(-0.330919 0.000388853 0)
(-0.329678 0.000393328 0)
(-0.328353 0.000398159 2.75344e-21)
(-0.327078 0.00040366 0)
(-0.325725 0.000413726 0)
(-0.324375 0.000426705 0)
(-0.32291 0.000420509 -2.77385e-21)
(-0.321527 -6.96242e-05 0)
(-0.319924 -0.000331324 -2.76452e-21)
(-0.321769 0.000335257 0)
(-0.318923 0.000326122 0)
(-0.32069 9.76359e-05 0)
(-0.318176 0.000508076 -2.87279e-21)
(-0.314466 0.000887141 0)
(-0.318205 0.000816702 2.93671e-21)
(-0.311817 0.000317142 2.90018e-21)
(-0.309669 -8.80053e-05 0)
(-0.31549 -0.000231947 2.98853e-21)
(-0.307459 2.45853e-05 0)
(-0.358919 -6.36089e-05 0)
(-0.467247 -0.000106043 0)
(-0.464621 0.00143946 -4.47603e-21)
(-0.383911 0.00180204 0)
(-0.335012 0.000752051 -3.18663e-21)
(-0.301241 0.000332608 2.86338e-21)
(-0.374464 0.000769227 0)
(-0.398224 0.000871431 0)
(-0.386636 0.00070364 0)
(-0.44346 0.0033052 0)
(-0.388797 0.00254521 0)
(-0.322717 0.000394187 0)
(-0.403581 0.00673128 0)
(-0.357896 0.00547966 -3.06706e-21)
(-0.33655 0.00117584 0)
(-0.321631 0.000729828 0)
(-0.289871 -0.00142865 0)
(-0.364257 -0.00208277 0)
(-0.373315 -0.00121699 0)
(-0.419283 0.00297355 0)
(-0.364263 0.00591065 0)
(-0.324825 0.00475409 0)
(-0.286533 0.00460701 0)
(-0.28251 0.00257983 0)
(-0.280807 0.000556563 0)
(-0.279911 -0.000952597 0)
(-0.277839 -0.00311159 -4.42315e-21)
(-0.346626 -0.00249793 0)
(-0.303227 -0.00177072 0)
(-0.335338 -0.00200764 0)
(-0.32544 -0.0011741 5.00495e-21)
(-0.35488 -0.000308797 0)
(-0.328325 -2.17858e-05 0)
(-0.332509 0.00269004 4.88488e-21)
(-0.293924 0.00528873 0)
(-0.259707 0.00229797 -3.30902e-21)
(-0.257912 -0.000985108 0)
(-0.289239 -0.0013236 0)
(-0.294078 -0.00115562 0)
(-0.302724 -0.000993471 3.32115e-21)
(-0.299215 -0.00030874 0)
(-0.289618 0.000227733 -2.77401e-21)
(-0.286829 -0.000250552 0)
(-0.255644 0.00258411 0)
(-0.240223 0.00292547 0)
(-0.273509 0.0032199 0)
(-0.238381 0.00354926 0)
(-0.23739 -0.00024346 0)
(-0.248769 -0.00143833 0)
(-0.257576 -0.000819053 0)
(-0.241597 -0.00146364 0)
(-0.236212 -0.00140529 0)
(-0.223478 -5.88678e-05 0)
(-0.224244 -0.000212423 1.15596e-21)
(-0.217347 0.00290473 -1.47281e-21)
(-0.21898 0.0049164 0)
(-0.218905 0.00425691 0)
(-0.219695 0.00537227 0)
(-0.219834 0.00406676 0)
(-0.217909 0.00249345 -3.01383e-21)
(-0.215372 0.000928503 3.47061e-21)
(-0.2119 -0.00161784 -4.04261e-21)
(-0.226953 -0.00450674 0)
(-0.215 -0.00444964 -5.78449e-21)
(-0.199064 -0.00261515 -1.2229e-20)
(-0.195245 0.00158428 0)
(-0.196576 0.00396554 -1.27717e-20)
(-0.19632 0.00138786 1.36786e-20)
(-0.19416 -0.00132342 0)
(-0.192576 -0.00223053 0)
(-0.187498 -0.000923604 0)
(-0.188901 0.00199425 0)
(-0.187117 0.0031098 0)
(-0.187023 0.00138975 -2.06747e-20)
(-0.185068 0.00108675 0)
(-0.184892 0.000564831 -2.29891e-20)
(-0.182388 -0.00231381 0)
(-0.177592 -0.00096775 0)
(-0.178013 0.00201234 0)
(-0.185828 0.00177697 0)
(-0.185238 0.00117681 0)
(-0.184822 0.000958596 3.28937e-20)
(-0.180589 0.000523158 0)
(-0.171008 -0.000186396 0)
(-0.165738 -0.000792353 -3.83268e-20)
(-0.158272 -0.00103193 0)
(-0.150712 -0.000791199 0)
(-0.145527 -0.000311967 0)
(-0.141925 7.80724e-05 5.13974e-20)
(-0.138375 0.00039002 0)
(-0.13324 0.000595008 0)
(-0.125978 0.000810084 0)
(-0.117318 0.00107705 0)
(-0.108708 0.00118061 -7.70742e-20)
(-0.10107 0.00110689 0)
(-0.0946618 0.000960992 0)
(-0.0890311 0.000868891 0)
(-0.0838132 0.000950249 1.05614e-19)
(-0.0760915 0.00116599 0)
(-0.0714611 0.00188693 0)
(-0.0426972 0.00161562 -1.48076e-19)
(-0.073433 0.00106576 -6.01853e-36)
(-0.107715 0.00637545 1.2843e-17)
(-0.131072 0.0107538 2.31492e-17)
(-0.143512 0.0133237 2.18216e-17)
(-0.150918 0.0147675 2.10186e-17)
(-0.156588 0.0156519 2.03542e-17)
(-0.161068 0.016276 -1.97866e-17)
(-0.164601 0.0167294 -1.92536e-17)
(-0.167517 0.0170781 -6.01853e-36)
(-0.170341 0.0173681 -3.65678e-17)
(-0.173257 0.0176462 -1.7791e-17)
(-0.176464 0.0179372 7.94446e-34)
(-0.180003 0.0182581 -1.20371e-35)
(-0.184011 0.0186213 -3.21648e-17)
(-0.188531 0.0190295 -3.07891e-17)
(-0.193644 0.0194971 -2.92411e-17)
(-0.199413 0.020021 0)
(-0.205864 0.0206152 5.11634e-17)
(-0.213248 0.021288 2.34099e-17)
(-0.221255 0.0220309 2.40741e-35)
(-0.231124 0.0229255 -3.63409e-17)
(-0.24021 0.0237979 -1.20311e-20)
(-0.256065 0.0251637 0)
(-0.260554 0.0259656 1.35773e-17)
(-0.291075 0.0278654 -7.64936e-18)
)
;
    }
    lowerWall
    {
        type            calculated;
        value           nonuniform List<vector> 
250
(
(-0.965887 0.100513 0)
(-0.758063 0.0670681 0)
(-0.700342 0.0477256 0)
(-0.631717 0.027148 0)
(-0.589339 0.0159189 0)
(-0.54905 0.00967477 0)
(-0.52659 0.00449416 0)
(-0.515773 0.00242208 0)
(-0.504514 0.0024675 0)
(-0.63388 0.00201451 0)
(-0.658847 0.000986689 0)
(-0.74483 -0.00623316 0)
(-0.634309 -0.00463807 0)
(-0.577714 0.000209787 0)
(-0.499288 -0.00227097 0)
(-0.471342 -0.00203624 0)
(-0.459904 -0.000262946 0)
(-0.632672 0.000292846 0)
(0.00288802 -0.00745353 0)
(0.0030155 -0.0114347 0)
(0.00316734 -0.0153199 0)
(0.00338284 -0.0190818 7.22962e-20)
(0.00365302 -0.0227122 -6.48975e-20)
(0.00424395 -0.0268117 6.02916e-20)
(0.00298215 -0.0305212 -5.46821e-20)
(-0.000377754 -0.0485179 0)
(-0.0735987 -0.117377 0)
(0.000212862 -0.000258382 0)
(7.65172e-05 -0.000764273 0)
(1.97155e-05 -0.000902536 0)
(5.69665e-05 -0.000953049 0)
(-2.44582e-05 -0.00073749 1.54954e-19)
(-0.00036412 0.000219091 -1.35637e-19)
(-0.00103199 0.00252314 0)
(-0.00163836 0.00614929 -1.41412e-19)
(-0.0017539 0.00997519 1.12354e-19)
(-0.00138368 0.0129987 0)
(-0.000775108 0.0147422 0)
(-0.000147296 0.015099 0)
(0.000377676 0.0142023 0)
(0.000844814 0.0124053 0)
(0.00131916 0.00971508 0)
(0.00181825 0.00620652 0)
(0.00235508 0.00199495 0)
(0.00274699 -0.0028515 0)
(-0.000133679 -0.000263453 0)
(0.000165616 -0.000420796 0)
(0.000457705 -0.000459145 0)
(0.00074148 -0.000377032 0)
(0.00093558 -0.000149716 -0)
(0.000917855 0.000190318 -0)
(0.000650404 0.000571239 1.60745e-20)
(0.000164926 0.000893125 -1.73926e-20)
(-0.000455297 0.00108084 -0)
(-0.00111975 0.00111603 -1.04643e-20)
(-0.00175433 0.00101837 -0)
(-0.00230147 0.000820691 0)
(-0.0027236 0.000558988 -0)
(-0.003001 0.000264196 6.3686e-21)
(-0.00312702 -4.40483e-05 0)
(-0.0030908 -0.000340534 0)
(-0.00290044 -0.00059223 -6.5122e-21)
(-0.0025807 -0.000770622 -0)
(-0.00216591 -0.000853727 0)
(-0.00170013 -0.000829467 -0)
(-0.001237 -0.000701915 1.02689e-20)
(-0.000830148 -0.000496485 0)
(-0.000520371 -0.000254828 1.49723e-20)
(-0.000325106 -1.77099e-05 0)
(-0.000245533 0.000201361 0)
(-0.000294835 0.000384998 1.954e-20)
(-0.000449911 0.000534836 0)
(-0.000709901 0.000666662 -1.41228e-20)
(-0.00107057 0.000754157 0)
(-0.00147152 0.000743832 1.00328e-20)
(-0.00181248 0.000635024 0)
(-0.00203587 0.000493906 0)
(-0.00213161 0.00040612 0)
(-0.00216491 0.000443589 0)
(-0.0021888 0.000544275 0)
(-0.00217302 0.000550419 -7.89913e-21)
(-0.00194304 0.000214722 0)
(-0.00125127 -0.000501291 1.99994e-20)
(0.000110352 -0.00114171 0)
(0.00179511 -0.00181456 -9.66134e-21)
(0.00373189 -0.00255963 0)
(0.00597666 -0.0032162 0)
(0.00839578 -0.00372941 3.77387e-21)
(0.0109163 -0.00415154 0)
(0.0135179 -0.00440167 2.75323e-21)
(0.0167746 -0.0045598 -2.60072e-21)
(0.0199664 -0.0043601 -0)
(0.0208342 -0.00370985 -2.13987e-21)
(0.0234186 -0.00368656 -2.00992e-21)
(0.0264004 -0.00358394 -0)
(0.0295898 -0.00339592 0)
(0.032857 -0.00310801 0)
(0.031308 -0.00238477 0)
(0.0334458 -0.00216203 -0)
(0.032268 -0.00177678 1.5871e-21)
(0.0347673 -0.00168459 0)
(0.0358275 -0.00155748 -1.57908e-21)
(0.037334 -0.00143305 -0)
(0.0386333 -0.00131247 -0)
(0.039867 -0.00121657 1.55078e-21)
(0.041054 -0.00113442 0)
(0.042204 -0.00106479 -1.53536e-21)
(0.0432923 -0.00100379 -0)
(0.0443692 -0.000951454 0)
(0.045395 -0.000905481 -0)
(0.0464101 -0.000865246 1.50994e-21)
(0.0473914 -0.000829289 0)
(0.0483581 -0.000796973 -0)
(0.0493023 -0.000767567 1.49273e-21)
(0.0502312 -0.000740275 0)
(0.0511424 -0.000714734 1.48125e-21)
(0.0520389 -0.000690483 0)
(0.0529196 -0.000667084 0)
(0.0537859 -0.000644227 0)
(0.0546363 -0.00062175 -1.45669e-21)
(0.0554723 -0.000599275 -0)
(0.0562914 -0.000576768 0)
(0.0570951 -0.000553963 -1.43592e-21)
(0.0578808 -0.000530763 -1.42839e-21)
(0.058649 -0.000507089 -0)
(0.0593979 -0.000482882 -1.41228e-21)
(0.0601269 -0.000457997 0)
(0.0608349 -0.000432411 -2.78911e-21)
(0.0615203 -0.000405959 -0)
(0.0621825 -0.000378656 -2.74998e-21)
(0.0628191 -0.00035034 -0)
(0.0634303 -0.000320882 2.70673e-21)
(0.0640125 -0.000290141 0)
(0.0645663 -0.00025811 0)
(0.0650887 -0.000224203 0)
(0.0655781 -0.00018875 -2.60722e-21)
(0.0660337 -0.000151648 -0)
(0.0664539 -0.000113441 2.55086e-21)
(0.0668387 -7.59373e-05 0)
(0.0671901 -4.26646e-05 -2.4902e-21)
(0.0675092 -1.54248e-05 -2.45758e-21)
(0.0677991 9.01791e-06 -2.42346e-21)
(0.0680612 3.27848e-05 0)
(0.0682948 5.64353e-05 0)
(0.0684994 7.9965e-05 0)
(0.0686748 0.000103581 0)
(0.06882 0.000127121 0)
(0.068935 0.000150831 0)
(0.0690187 0.000174439 0)
(0.0690708 0.000198255 0)
(0.0690906 0.000222061 2.04636e-21)
(0.0690773 0.000246077 1.99618e-21)
(0.0690304 0.000270162 0)
(0.068949 0.000294496 0)
(0.0688325 0.000319031 0)
(0.0686796 0.000343846 1.77738e-21)
(0.06849 0.000368927 0)
(0.0682624 0.000394268 0)
(0.0679964 0.000420082 0)
(0.06769 0.00044612 0)
(0.0673436 0.000472674 -1.45893e-21)
(0.0669547 0.000499367 0)
(0.0665244 0.000526625 0)
(0.0660496 0.000554025 1.23991e-21)
(0.0655316 0.000582012 -1.16157e-21)
(0.0649673 0.000609954 0)
(0.0643586 0.000638419 -9.9612e-22)
(0.0637024 0.00066682 0)
(0.0630003 0.000695618 8.17951e-22)
(0.06225 0.000724122 0)
(0.0614536 0.000752953 0)
(0.0606084 0.000781399 0)
(0.0597168 0.00080996 0)
(0.0587769 0.000838029 0)
(0.0577908 0.000866 -3.87399e-22)
(0.0567581 0.000893285 -1.49284e-22)
(0.0556855 0.000920104 0)
(0.0545643 0.000945432 0)
(0.0534095 0.000970714 0)
(0.0521929 0.00099433 -9.02903e-22)
(0.050964 0.00101795 0)
(0.0496592 0.00103977 0)
(0.0483461 0.00106053 0)
(0.0469796 0.00108044 -2.13764e-21)
(0.045591 0.00109805 2.47908e-21)
(0.0441697 0.00111477 0)
(0.0427214 0.00113036 0)
(0.0412463 0.00114496 3.59229e-21)
(0.0397505 0.00115843 3.99584e-21)
(0.0382328 0.00117089 0)
(0.0366969 0.00118215 0)
(0.0351446 0.00119255 -5.31594e-21)
(0.0335772 0.00120163 5.79625e-21)
(0.0319967 0.00120964 0)
(0.0304043 0.00121623 0)
(0.0288024 0.00122152 7.38134e-21)
(0.0271939 0.00122566 0)
(0.025581 0.00122901 0)
(0.0239653 0.00123167 9.2301e-21)
(0.0223483 0.00123385 0)
(0.0207316 0.00123565 1.06485e-20)
(0.0191168 0.00123727 0)
(0.017505 0.00123878 0)
(0.0158974 0.0012404 0)
(0.0142948 0.00124225 -1.40979e-20)
(0.0126979 0.0012445 0)
(0.0111074 0.00124731 0)
(0.00952371 0.00125084 0)
(0.00794719 0.00125542 0)
(0.00637804 0.00126206 0)
(0.0048159 0.00127138 0)
(0.00326055 0.00128257 -2.36309e-20)
(0.00171235 0.0012941 -2.56369e-20)
(0.000171234 0.00129624 0)
(-0.00136273 0.00127303 0)
(-0.00288726 0.00123375 0)
(-0.00440035 0.00119381 2.43401e-20)
(-0.00590012 0.00115425 0)
(-0.00738197 0.00111337 -4.47191e-20)
(-0.0088391 0.00106771 4.30642e-20)
(-0.0102527 0.00101361 4.16068e-20)
(-0.011616 0.000934483 -4.0356e-20)
(-0.0127859 0.000830322 3.93492e-20)
(-0.0140271 0.000612434 -3.87004e-20)
(-0.013584 0.00011761 0)
(-0.0159518 0.000336324 -2.3942e-18)
(-0.0196252 -0.000115777 -2.22933e-18)
(-0.0232836 -0.000593318 -3.00927e-36)
(-0.0267512 -0.00101097 -3.94246e-18)
(-0.0302916 -0.001414 -7.45326e-18)
(-0.0340035 -0.0018188 -3.53021e-18)
(-0.0378985 -0.00223056 3.34804e-18)
(-0.0419968 -0.00265656 -4.21297e-35)
(-0.0463473 -0.003104 3.00927e-36)
(-0.0509727 -0.0035773 2.86987e-18)
(-0.0558997 -0.00408074 2.72679e-18)
(-0.0611606 -0.0046183 0)
(-0.0667924 -0.00519402 0)
(-0.0728317 -0.00581247 0)
(-0.0793488 -0.00647885 -5.00761e-35)
(-0.0863343 -0.00719682 -8.36012e-35)
(-0.0940229 -0.00797847 6.92131e-35)
(-0.102124 -0.0088187 -3.57319e-18)
(-0.111495 -0.00974842 -3.28513e-18)
(-0.120828 -0.0107512 6.01853e-36)
(-0.132818 -0.0118434 5.25792e-18)
(-0.143334 -0.0131339 8.87337e-18)
(-0.160833 -0.0143375 -6.01853e-36)
(-0.169188 -0.0161648 -4.37482e-18)
(-0.205269 -0.0171801 -3.31019e-35)
)
;
    }
    frontAndBack
    {
        type            empty;
    }
}


// ************************************************************************* //
