/*--------------------------------*- C++ -*----------------------------------*\
  =========                 |
  \\      /  F ield         | OpenFOAM: The Open Source CFD Toolbox
   \\    /   O peration     | Website:  https://openfoam.org
    \\  /    A nd           | Version:  8
     \\/     M anipulation  |
\*---------------------------------------------------------------------------*/
FoamFile
{
    version     2.0;
    format      ascii;
    class       volVectorField;
    location    "500";
    object      wallShearStress;
}
// * * * * * * * * * * * * * * * * * * * * * * * * * * * * * * * * * * * * * //

dimensions      [0 2 -2 0 0 0 0];

internalField   uniform (0 0 0);

boundaryField
{
    inlet
    {
        type            calculated;
        value           uniform (0 0 0);
    }
    outlet
    {
        type            calculated;
        value           uniform (0 0 0);
    }
    upperWall
    {
        type            calculated;
        value           nonuniform List<vector> 
223
(
(-0.444058 0.00268629 0)
(-0.434065 0.00481288 0)
(-0.466061 0.00631862 0)
(-0.484561 0.00723984 0)
(-0.487016 0.00752222 0)
(-0.482142 0.00738033 0)
(-0.471471 0.00694848 0)
(-0.459974 0.0064119 0)
(-0.448319 0.00582859 0)
(-0.436361 0.00523077 0)
(-0.425145 0.00465965 0)
(-0.414825 0.00413046 0)
(-0.405456 0.00364982 0)
(-0.397014 0.00321932 0)
(-0.389436 0.00283938 0)
(-0.382656 0.00251311 0)
(-0.376525 0.00224199 0)
(-0.371027 0.00207644 0)
(-0.366569 0.00198315 0)
(-0.363018 0.00192184 5.95299e-22)
(-0.359536 0.00183774 0)
(-0.356136 0.00173939 0)
(-0.352827 0.00163065 0)
(-0.349622 0.00151442 6.0726e-22)
(-0.346542 0.00139294 0)
(-0.343593 0.00126973 0)
(-0.340787 0.00114733 0)
(-0.338121 0.00102859 -1.23545e-21)
(-0.335596 0.000914779 1.24024e-21)
(-0.333208 0.000807603 1.24487e-21)
(-0.330952 0.000707539 0)
(-0.328818 0.000615157 -1.25369e-21)
(-0.326804 0.000530165 0)
(-0.324898 0.000452847 1.26205e-21)
(-0.323098 0.000382378 1.26612e-21)
(-0.321393 0.000318208 -1.27011e-21)
(-0.319784 0.000259472 0)
(-0.318262 0.000205761 0)
(-0.316829 0.000156908 0)
(-0.315476 0.000112752 0)
(-0.314202 7.32496e-05 -1.28951e-21)
(-0.313 3.80104e-05 0)
(-0.311869 6.97801e-06 0)
(-0.3108 -1.97518e-05 1.30101e-21)
(-0.309793 -4.23902e-05 0)
(-0.308838 -6.13151e-05 1.30881e-21)
(-0.30794 -7.70871e-05 -1.31277e-21)
(-0.307084 -9.02037e-05 1.31673e-21)
(-0.30628 -0.000100651 0)
(-0.305508 -0.00010827 0)
(-0.304785 -0.000113218 0)
(-0.30408 -0.00011569 1.33294e-21)
(-0.303423 -0.00011582 -1.33715e-21)
(-0.30277 -0.000113819 0)
(-0.302164 -0.00010982 0)
(-0.301558 -0.00010404 0)
(-0.300973 -9.60859e-05 0)
(-0.300412 -8.73958e-05 0)
(-0.299844 -7.56387e-05 0)
(-0.299269 -5.23278e-05 0)
(-0.298757 -5.31242e-05 0)
(-0.298079 -6.99436e-05 1.37714e-21)
(-0.29793 -2.89482e-05 -1.38394e-21)
(-0.297265 8.50191e-06 0)
(-0.296695 8.26267e-05 0)
(-0.296513 0.000156129 0)
(-0.296062 0.000218651 -1.40855e-21)
(-0.296029 0.000171465 0)
(-0.331537 0.000508718 0)
(-0.322388 0.000789881 0)
(-0.320294 0.000511842 0)
(-0.314218 0.000250398 0)
(-0.308898 0.000127577 -3.04025e-21)
(-0.305232 0.000146412 0)
(-0.298934 0.000210506 0)
(-0.296424 0.000167868 0)
(-0.298331 1.33107e-05 0)
(-0.294248 -1.99232e-05 0)
(-0.294202 -0.000142024 0)
(-0.32658 -2.86277e-05 0)
(-0.313119 0.000763986 3.17092e-21)
(-0.3188 0.001425 0)
(-0.335084 0.00167822 0)
(-0.318592 0.00106499 0)
(-0.310191 0.000796245 -3.17129e-21)
(-0.306051 0.000708397 0)
(-0.301183 0.00051075 -3.12616e-21)
(-0.299027 0.000413449 0)
(-0.307131 -4.88676e-05 0)
(-0.312773 -0.000256569 0)
(-0.291676 -0.000478591 -3.14745e-21)
(-0.341594 -5.6924e-05 0)
(-0.330483 0.000661476 3.58828e-21)
(-0.305963 0.00038636 3.32977e-21)
(-0.307086 7.93316e-05 0)
(-0.298083 -9.18635e-05 3.3059e-21)
(-0.300192 -0.000236792 0)
(-0.290379 -0.00016802 0)
(-0.337737 0.000217773 0)
(-0.316061 0.000122227 -3.56124e-21)
(-0.336433 0.000599623 0)
(-0.314625 0.000943096 -3.5275e-21)
(-0.309765 0.000485602 3.4907e-21)
(-0.288139 5.40984e-05 0)
(-0.324816 3.60003e-06 0)
(-0.309244 0.000914137 0)
(-0.2873 0.000926301 0)
(-0.291812 0.000453268 0)
(-0.28606 0.000730805 0)
(-0.285324 0.000655856 0)
(-0.284924 -0.000152767 -3.20871e-21)
(-0.328145 0.000241029 0)
(-0.302577 0.000651807 0)
(-0.284755 7.63573e-05 0)
(-0.31195 -0.000103777 0)
(-0.339705 -4.83619e-05 0)
(-0.350903 -1.63666e-05 0)
(-0.327286 -5.69435e-05 0)
(-0.337108 0.000146998 0)
(-0.318241 0.000580552 0)
(-0.346964 0.000652086 0)
(-0.329648 0.000523904 0)
(-0.308601 0.000604668 0)
(-0.319323 0.000702456 -7.03601e-21)
(-0.327692 0.000687536 0)
(-0.312453 0.000590944 0)
(-0.293983 0.0004907 0)
(-0.303126 0.000394918 6.42738e-21)
(-0.304058 0.000629567 0)
(-0.308487 0.000816245 0)
(-0.30881 0.000811138 6.20181e-21)
(-0.309209 0.000672125 0)
(-0.287971 0.00050609 -5.5705e-21)
(-0.287304 0.0012144 0)
(-0.260137 0.00120115 0)
(-0.280716 0.00130097 0)
(-0.257843 0.00108076 4.38033e-21)
(-0.279188 0.00106918 0)
(-0.255676 0.000897133 -4.00341e-21)
(-0.275471 0.000878196 0)
(-0.253239 0.000772966 0)
(-0.26949 0.000614957 0)
(-0.250556 0.00144757 0)
(-0.248882 0.00105369 0)
(-0.247346 -1.0048e-05 0)
(-0.249768 -0.000123114 0)
(-0.244239 8.64864e-05 0)
(-0.239793 0.000255815 0)
(-0.236653 0.000387063 0)
(-0.233786 0.000365685 0)
(-0.23158 0.000413503 -1.4186e-21)
(-0.228759 0.000546464 1.14397e-21)
(-0.226251 0.00058774 0)
(-0.223717 0.00110677 0)
(-0.234268 0.00213766 0)
(-0.222513 0.00117861 0)
(-0.220815 -0.000206341 -4.92571e-22)
(-0.21845 -5.06531e-05 8.83832e-22)
(-0.215639 0.000157098 -1.277e-21)
(-0.21312 7.15888e-05 0)
(-0.211124 0.00023296 -2.08719e-21)
(-0.208387 0.000463591 -5.09765e-21)
(-0.205557 0.000565877 0)
(-0.20295 0.000895158 -6.84316e-21)
(-0.20147 0.00195931 7.52373e-21)
(-0.202155 0.00127809 0)
(-0.200551 -5.28987e-05 0)
(-0.197418 0.000812349 0)
(-0.196081 0.000734094 0)
(-0.193177 0.000650137 0)
(-0.191843 0.00214196 -1.34154e-20)
(-0.192337 0.00183713 0)
(-0.190337 0.00035782 -1.55874e-20)
(-0.187254 0.000991671 0)
(-0.187195 0.000949455 0)
(-0.184387 0.000285918 0)
(-0.182312 0.00176824 0)
(-0.182859 0.000743348 0)
(-0.177317 -0.000678442 2.4447e-20)
(-0.173814 0.000195312 0)
(-0.170254 0.000474876 0)
(-0.167093 0.000718779 -2.85664e-20)
(-0.16376 0.00104272 0)
(-0.161837 0.00119502 0)
(-0.160457 0.00108579 0)
(-0.157634 0.000871474 3.50602e-20)
(-0.152648 0.000588388 0)
(-0.144488 0.000585539 0)
(-0.133432 0.000906797 0)
(-0.12059 0.00134794 0)
(-0.107667 0.00159561 -6.35577e-20)
(-0.0958628 0.00157014 0)
(-0.0860281 0.00134091 0)
(-0.0777331 0.00110491 0)
(-0.0710834 0.000996935 9.86193e-20)
(-0.0628065 0.00105056 0)
(-0.0590986 0.0015609 0)
(-0.0319196 0.00136415 -1.41274e-19)
(-0.063365 0.00024474 -1.20371e-35)
(-0.0959361 0.00539073 1.20249e-17)
(-0.118252 0.00963634 2.1636e-17)
(-0.130101 0.0120922 2.03727e-17)
(-0.137152 0.0134247 1.95919e-17)
(-0.142521 0.014253 1.89564e-17)
(-0.146778 0.0148436 -1.84184e-17)
(-0.149951 0.015277 -1.79271e-17)
(-0.152467 0.0155898 0)
(-0.154768 0.0158359 -3.41441e-17)
(-0.157162 0.0160686 -1.66462e-17)
(-0.159633 0.0163035 2.16667e-34)
(-0.162315 0.0165438 0)
(-0.165385 0.0168091 -3.04776e-17)
(-0.168988 0.0171166 -2.93052e-17)
(-0.173215 0.0174819 -2.79579e-17)
(-0.178157 0.0179131 -4.81482e-35)
(-0.183827 0.0184162 4.92758e-17)
(-0.190392 0.0190011 2.26025e-17)
(-0.197662 0.019661 1.20371e-35)
(-0.206379 0.0204424 -3.52285e-17)
(-0.214794 0.0212356 -1.24037e-20)
(-0.228218 0.0223851 0)
(-0.232908 0.0231339 1.32437e-17)
(-0.258125 0.0247038 -6.99888e-18)
)
;
    }
    lowerWall
    {
        type            calculated;
        value           nonuniform List<vector> 
250
(
(-0.622951 -0.00596616 0)
(-0.593899 -0.00982609 0)
(-0.623834 -0.0115725 0)
(-0.703037 -0.0125224 0)
(-0.663708 -0.0106281 0)
(-0.613216 -0.0086316 0)
(-0.613681 -0.00800423 0)
(-0.528974 -0.00575721 0)
(-0.483189 -0.00400099 0)
(-0.447262 -0.00327759 0)
(-0.466424 -0.00295173 0)
(-0.479913 -0.0025718 0)
(-0.479115 -0.00182614 0)
(-0.455377 -0.00101581 0)
(-0.481541 -0.000664379 0)
(-0.490229 -0.00101549 0)
(-0.451399 -0.00150481 0)
(-0.414365 -0.000474207 0)
(0.00204428 0.00011708 0)
(0.00228769 -0.00270401 0)
(0.00256025 -0.0056492 0)
(0.00288562 -0.00878651 1.17666e-19)
(0.00323098 -0.0118802 -9.95116e-20)
(0.00348289 -0.0157273 8.84759e-20)
(0.00289857 -0.0159358 -7.96866e-20)
(0.00730709 -0.0347118 0)
(-0.0535105 -0.117785 0)
(0.000216839 -0.0002697 0)
(5.5231e-05 -0.000772698 0)
(-9.11485e-06 -0.000856374 0)
(5.14562e-05 -0.000851924 0)
(2.73352e-05 -0.000806829 1.54404e-19)
(-0.000147294 -0.000232761 -1.49649e-19)
(-0.000573826 0.00119809 0)
(-0.00115002 0.00384096 -1.72937e-19)
(-0.00151288 0.00718657 1.32901e-19)
(-0.00146006 0.0103386 0)
(-0.00108108 0.0126616 0)
(-0.000566051 0.0138766 0)
(-7.22416e-05 0.013956 0)
(0.00031868 0.0130893 0)
(0.000642414 0.0115474 0)
(0.000958363 0.00937842 0)
(0.00130556 0.00661868 0)
(0.00169998 0.00331354 0)
(-0.000140443 -0.000271735 0)
(0.000165662 -0.000438039 0)
(0.000468729 -0.000488009 0)
(0.00078166 -0.000417034 0)
(0.00102658 -0.000183843 -0)
(0.00106273 0.000198605 -0)
(0.000811736 0.000655742 1.4686e-20)
(0.00030011 0.0010824 -1.63799e-20)
(-0.000402905 0.00139008 0)
(-0.00120555 0.00154295 -9.3151e-21)
(-0.00203126 0.00155387 0)
(-0.00281684 0.00145248 0)
(-0.00351843 0.00127437 0)
(-0.00411196 0.00104937 4.62514e-21)
(-0.00458639 0.000797797 0)
(-0.00493763 0.000531047 0)
(-0.00516336 0.000257297 -4.01936e-21)
(-0.0052679 -2.95188e-05 -0)
(-0.00522665 -0.000326471 0)
(-0.0050386 -0.000612631 -0)
(-0.00471255 -0.000868296 4.32896e-21)
(-0.00426002 -0.00107378 -0)
(-0.00369908 -0.00120862 5.12473e-21)
(-0.00305651 -0.00125427 0)
(-0.00236972 -0.00119727 -0)
(-0.00168617 -0.00103524 8.30493e-21)
(-0.00106139 -0.000784045 0)
(-0.00055046 -0.000486037 -1.37407e-20)
(-0.000186737 -0.000209634 0)
(4.37369e-05 -1.64329e-05 2.35086e-20)
(0.000190872 9.94342e-05 0)
(0.000276773 0.00019714 0)
(0.000271702 0.000309288 0)
(0.000164951 0.000454671 0)
(-7.27422e-05 0.000642773 0)
(-0.000465222 0.000838408 -1.5474e-20)
(-0.000995388 0.000971251 0)
(-0.00158246 0.000972776 1.83845e-20)
(-0.00211368 0.000828147 0)
(-0.00249255 0.000581382 -1.45857e-20)
(-0.00267884 0.000316328 0)
(-0.00270114 0.000106008 0)
(-0.00261548 -5.31641e-06 1.4362e-20)
(-0.0024939 4.73956e-06 0)
(-0.00239949 0.00013308 1.48446e-20)
(-0.00234375 0.000326298 -1.49182e-20)
(-0.00227687 0.00043831 0)
(-0.00206214 0.000229829 -1.61736e-20)
(-0.00143378 -0.000443073 -1.88583e-20)
(-0.000109149 -0.00112949 0)
(0.00162427 -0.00168252 0)
(0.00346973 -0.00229974 0)
(0.00557972 -0.00295612 0)
(0.00791398 -0.00346537 -0)
(0.0103676 -0.00374535 3.41611e-21)
(0.0128374 -0.00383575 0)
(0.0152588 -0.00381084 -2.70908e-21)
(0.0176071 -0.00366633 -0)
(0.0198381 -0.00342202 -0)
(0.0218963 -0.00314498 2.16255e-21)
(0.0240293 -0.0029101 0)
(0.0256555 -0.00266358 -1.93732e-21)
(0.0277567 -0.00244557 -0)
(0.0301654 -0.00227029 0)
(0.0321672 -0.0021171 -0)
(0.0342112 -0.001976 1.82469e-21)
(0.0360654 -0.00184572 0)
(0.0379137 -0.00173147 -0)
(0.039647 -0.00162838 1.77498e-21)
(0.0413517 -0.00153752 0)
(0.0429794 -0.00145611 1.75379e-21)
(0.0445744 -0.00138316 0)
(0.046113 -0.00131694 0)
(0.047619 -0.00125641 0)
(0.0490807 -0.00120036 -1.72292e-21)
(0.0505103 -0.0011479 -0)
(0.0519021 -0.00109846 0)
(0.0532624 -0.00105125 -1.70369e-21)
(0.0545882 -0.00100592 -1.69733e-21)
(0.0558822 -0.000961981 -0)
(0.0571429 -0.000919426 -1.68432e-21)
(0.0583721 -0.00087765 0)
(0.0595676 -0.000836688 -3.34085e-21)
(0.0607307 -0.00079627 -0)
(0.0618596 -0.000756395 -3.31052e-21)
(0.0629552 -0.00071674 -0)
(0.0640154 -0.000677249 3.27701e-21)
(0.0650404 -0.000637718 0)
(0.0660285 -0.000598031 0)
(0.0669791 -0.000557958 0)
(0.0678909 -0.000517325 -3.19816e-21)
(0.0687628 -0.000475761 -0)
(0.0695928 -0.000432901 3.15186e-21)
(0.0703789 -0.000388441 0)
(0.0711188 -0.000342071 -3.10039e-21)
(0.0718101 -0.000293486 -3.0727e-21)
(0.0724499 -0.000242701 -3.04369e-21)
(0.0730359 -0.000190067 -0)
(0.0735662 -0.000136933 0)
(0.0740396 -8.57167e-05 0)
(0.0744581 -4.0208e-05 0)
(0.0748274 -1.67468e-06 0)
(0.0751507 3.35144e-05 0)
(0.0754287 6.83517e-05 0)
(0.0756605 0.000102809 0)
(0.075846 0.000137372 2.7172e-21)
(0.0759837 0.000171773 2.67178e-21)
(0.0760741 0.000206122 0)
(0.0761161 0.000240344 0)
(0.0761096 0.00027447 0)
(0.0760538 0.000308318 2.46905e-21)
(0.075949 0.00034197 0)
(0.0757943 0.000375281 0)
(0.0755902 0.000408168 0)
(0.0753366 0.000440652 0)
(0.0750334 0.000472684 -2.16441e-21)
(0.0746809 0.00050418 0)
(0.0742792 0.00053504 0)
(0.0738291 0.000565279 1.95205e-21)
(0.073331 0.000594821 -1.87609e-21)
(0.0727851 0.000623715 0)
(0.0721924 0.000651708 -1.7162e-21)
(0.0715538 0.000679026 0)
(0.0708699 0.000705412 1.54544e-21)
(0.0701416 0.000731113 0)
(0.0693697 0.000755753 0)
(0.0685561 0.000779621 0)
(0.0677013 0.000802429 0)
(0.0668101 0.000824238 0)
(0.0658809 0.00084511 -1.93159e-21)
(0.0649006 0.000864753 -1.71774e-21)
(0.0639052 0.000883546 0)
(0.0628462 0.000900566 0)
(0.061777 0.000915115 0)
(0.0606651 0.000925574 8.02451e-22)
(0.0595337 0.000928665 0)
(0.058375 0.000923033 0)
(0.0571888 0.000918845 0)
(0.0559727 0.000926757 -2.14939e-22)
(0.0547279 0.000938639 4.87426e-22)
(0.0534571 0.000948245 0)
(0.0521641 0.000956956 0)
(0.0508501 0.000964911 1.35317e-21)
(0.0495167 0.000972076 1.65896e-21)
(0.0481654 0.000978671 0)
(0.0467966 0.000984643 0)
(0.0454123 0.000990015 -2.63412e-21)
(0.044013 0.000994905 2.98025e-21)
(0.0426004 0.000999289 0)
(0.0411753 0.00100322 0)
(0.0397393 0.00100672 4.091e-21)
(0.0382933 0.00100983 0)
(0.0368388 0.00101253 0)
(0.0353768 0.00101492 5.32757e-21)
(0.0339089 0.0010171 0)
(0.0324358 0.0010192 6.23591e-21)
(0.0309586 0.00102135 0)
(0.0294776 0.00102368 0)
(0.0279936 0.00102625 0)
(0.0265068 0.0010292 -8.30814e-21)
(0.0250172 0.00103253 0)
(0.0235248 0.00103627 0)
(0.0220296 0.00104042 0)
(0.0205319 0.00104497 0)
(0.0190317 0.00104998 0)
(0.0175294 0.00105553 0)
(0.0160248 0.00106175 -1.31729e-20)
(0.014518 0.00106875 -1.406e-20)
(0.0130088 0.00107662 0)
(0.0114968 0.00108536 0)
(0.00998177 0.00109486 0)
(0.00846386 0.0011047 1.83739e-20)
(0.00694396 0.00111445 0)
(0.00542381 0.00112396 -4.23275e-20)
(0.00390717 0.00113097 4.5554e-20)
(0.002402 0.00113061 4.91309e-20)
(0.000915957 0.00111134 -5.31034e-20)
(-0.000469826 0.00106182 5.45593e-20)
(-0.00201026 0.000903782 -5.29113e-20)
(-0.00238763 0.000532991 0)
(-0.00435462 0.00117494 -3.14376e-18)
(-0.00740333 0.000955308 -2.84124e-18)
(-0.0104257 0.000621297 -3.00927e-36)
(-0.0135677 0.000306552 -4.81553e-18)
(-0.0169263 -2.73568e-05 -8.94288e-18)
(-0.0205009 -0.000381692 -4.16794e-18)
(-0.0243024 -0.000756892 3.89594e-18)
(-0.028352 -0.00115658 -4.21297e-35)
(-0.0326743 -0.00158369 0)
(-0.0372853 -0.00204122 3.21634e-18)
(-0.0422028 -0.00253631 3.0223e-18)
(-0.0474468 -0.00302751 0)
(-0.0530201 -0.00353644 0)
(-0.0589819 -0.00412265 0)
(-0.0653904 -0.00477378 -4.13304e-35)
(-0.0722527 -0.00548 4.32112e-35)
(-0.0797093 -0.00624129 3.61112e-35)
(-0.0876353 -0.00706339 -3.73588e-18)
(-0.0965666 -0.00795492 -3.40248e-18)
(-0.105621 -0.00892156 1.20371e-35)
(-0.117121 -0.00998301 5.35143e-18)
(-0.126682 -0.0111495 8.88256e-18)
(-0.143994 -0.0123781 6.01853e-36)
(-0.151459 -0.0138859 -4.2852e-18)
(-0.18589 -0.0162205 -3.00927e-36)
)
;
    }
    frontAndBack
    {
        type            empty;
    }
}


// ************************************************************************* //
