/*--------------------------------*- C++ -*----------------------------------*\
  =========                 |
  \\      /  F ield         | OpenFOAM: The Open Source CFD Toolbox
   \\    /   O peration     | Website:  https://openfoam.org
    \\  /    A nd           | Version:  8
     \\/     M anipulation  |
\*---------------------------------------------------------------------------*/
FoamFile
{
    version     2.0;
    format      ascii;
    class       volVectorField;
    location    "1600";
    object      wallShearStress;
}
// * * * * * * * * * * * * * * * * * * * * * * * * * * * * * * * * * * * * * //

dimensions      [0 2 -2 0 0 0 0];

internalField   uniform (0 0 0);

boundaryField
{
    inlet
    {
        type            calculated;
        value           uniform (0 0 0);
    }
    outlet
    {
        type            calculated;
        value           uniform (0 0 0);
    }
    upperWall
    {
        type            calculated;
        value           nonuniform List<vector> 
223
(
(-0.444249 0.00309473 0)
(-0.473721 0.00553469 0)
(-0.501623 0.00684124 0)
(-0.506276 0.00730991 0)
(-0.501341 0.00730565 0)
(-0.490727 0.00697208 0)
(-0.478694 0.00648706 0)
(-0.466343 0.00593343 0)
(-0.453742 0.00534395 0)
(-0.44187 0.00476072 0)
(-0.430978 0.00420707 0)
(-0.421135 0.00369492 0)
(-0.41235 0.0032292 0)
(-0.404554 0.00281198 0)
(-0.397661 0.00244371 0)
(-0.391569 0.00213496 0)
(-0.386128 0.0018899 0)
(-0.381292 0.0017471 0)
(-0.377418 0.00167833 0)
(-0.37435 0.00163544 5.87033e-22)
(-0.371346 0.00157177 0)
(-0.368416 0.00149693 0)
(-0.365557 0.00141586 0)
(-0.362776 0.00133157 5.98372e-22)
(-0.360077 0.00124568 0)
(-0.357468 0.00116007 0)
(-0.354949 0.00107554 0)
(-0.352523 0.00099327 -1.21656e-21)
(-0.35019 0.000913376 1.22128e-21)
(-0.347951 0.000836816 1.22593e-21)
(-0.345803 0.00076379 0)
(-0.343747 0.00069468 -1.23507e-21)
(-0.341778 0.000629414 0)
(-0.339896 0.000568217 1.24402e-21)
(-0.338095 0.000511026 1.24845e-21)
(-0.336376 0.000457826 -1.25286e-21)
(-0.334732 0.000408467 0)
(-0.333163 0.000362852 0)
(-0.331664 0.000320832 0)
(-0.330233 0.000282274 0)
(-0.328866 0.0002471 -1.27464e-21)
(-0.327561 0.000215074 0)
(-0.326315 0.000186073 0)
(-0.325124 0.000160099 1.28772e-21)
(-0.323985 0.000137029 0)
(-0.322896 0.000116649 1.2965e-21)
(-0.321852 9.88933e-05 -1.30093e-21)
(-0.320852 8.37322e-05 1.30538e-21)
(-0.319891 7.11277e-05 0)
(-0.318966 6.09109e-05 0)
(-0.318074 5.30168e-05 0)
(-0.317211 4.72804e-05 1.32354e-21)
(-0.316375 4.35258e-05 -1.32819e-21)
(-0.315563 4.15313e-05 0)
(-0.314771 4.11474e-05 0)
(-0.313999 4.22164e-05 0)
(-0.313241 4.46631e-05 0)
(-0.312501 4.8192e-05 0)
(-0.311766 5.28177e-05 0)
(-0.311051 5.82891e-05 0)
(-0.310328 6.45501e-05 0)
(-0.309631 7.1567e-05 1.37233e-21)
(-0.308918 7.92984e-05 -1.37746e-21)
(-0.308218 8.78941e-05 0)
(-0.307528 9.63494e-05 0)
(-0.306796 0.000106269 0)
(-0.306132 0.000116206 -1.39877e-21)
(-0.305388 0.000127378 0)
(-0.304664 0.000143543 0)
(-0.303965 0.000143832 0)
(-0.303077 0.000139833 0)
(-0.302565 0.000171787 0)
(-0.301813 0.000179225 -2.8661e-21)
(-0.301622 0.000205344 0)
(-0.301391 0.000241286 0)
(-0.301169 0.000231233 0)
(-0.300946 0.000213825 0)
(-0.300748 0.000146048 0)
(-0.312212 0.000125862 0)
(-0.363489 0.00043122 0)
(-0.344265 0.000627686 3.37615e-21)
(-0.330273 0.000716312 0)
(-0.313841 0.000570056 0)
(-0.311788 0.000204808 0)
(-0.299087 3.89911e-05 -3.00726e-21)
(-0.31952 1.0565e-05 0)
(-0.362726 0.000181984 -3.67526e-21)
(-0.340739 0.000948874 0)
(-0.322776 0.00102091 0)
(-0.321928 0.000439238 0)
(-0.314878 0.000458476 -3.23736e-21)
(-0.302922 0.000482562 0)
(-0.29727 0.000209056 3.10247e-21)
(-0.338451 0.000363752 3.55948e-21)
(-0.321704 0.000490748 0)
(-0.31537 0.000396986 3.33603e-21)
(-0.299422 0.000493436 0)
(-0.295713 3.92264e-05 0)
(-0.324498 0.000388674 0)
(-0.31058 0.000897682 -3.31511e-21)
(-0.30766 0.000394212 0)
(-0.301281 0.000117496 -3.25242e-21)
(-0.294003 0.000490459 3.1839e-21)
(-0.293378 0.000634335 0)
(-0.294504 0.000213941 0)
(-0.292591 0.000404536 0)
(-0.292075 0.000146392 0)
(-0.31185 0.000470687 0)
(-0.29757 0.000919917 0)
(-0.290499 0.000504806 0)
(-0.290032 0.000934119 -3.12298e-21)
(-0.289161 0.000929019 0)
(-0.288573 0.000531971 0)
(-0.287926 0.000300607 0)
(-0.287404 -6.51013e-05 0)
(-0.286995 -7.52863e-05 0)
(-0.28633 3.43144e-05 0)
(-0.290989 0.000263014 0)
(-0.325164 0.000313107 0)
(-0.330429 0.000942954 0)
(-0.299463 0.00108637 0)
(-0.281695 0.000327962 0)
(-0.321575 0.000968266 0)
(-0.302717 0.0017801 -6.08075e-21)
(-0.278893 0.0013841 0)
(-0.277973 0.000936396 0)
(-0.276918 0.000403041 0)
(-0.276093 0.00044283 5.33237e-21)
(-0.27513 0.000977004 0)
(-0.27395 0.000442564 0)
(-0.27312 -0.000212706 5.02674e-21)
(-0.288253 -0.000261504 0)
(-0.295414 2.85641e-05 -5.27742e-21)
(-0.286848 0.000234149 0)
(-0.290533 0.000242386 0)
(-0.284528 0.00106098 0)
(-0.263431 0.00109959 4.25193e-21)
(-0.287125 0.0010693 0)
(-0.260997 0.000879132 -3.87677e-21)
(-0.285441 0.000879493 0)
(-0.258603 0.000767828 0)
(-0.280246 0.000729374 0)
(-0.25586 0.00126387 0)
(-0.254423 0.000787326 0)
(-0.253006 8.55391e-05 0)
(-0.257316 0.000524268 0)
(-0.2497 0.000647347 0)
(-0.251031 0.000559043 0)
(-0.246286 0.000507838 0)
(-0.244146 -2.76469e-05 0)
(-0.242146 0.000185298 -1.08638e-21)
(-0.239202 0.00106959 8.12344e-22)
(-0.270386 0.00231546 0)
(-0.236621 0.00245338 0)
(-0.235406 0.00223979 0)
(-0.233772 0.00150423 0)
(-0.231792 0.00103859 -7.87003e-22)
(-0.23004 0.000698784 1.11853e-21)
(-0.227797 0.000113734 -1.49474e-21)
(-0.2435 -0.000369564 0)
(-0.229764 -0.0003618 -2.41869e-21)
(-0.219983 -9.77689e-05 -5.56511e-21)
(-0.215821 4.4424e-05 0)
(-0.213018 0.000101589 -7.26669e-21)
(-0.21016 2.44332e-05 8.21046e-21)
(-0.207069 0.000660218 0)
(-0.206412 0.000683354 0)
(-0.203613 0.000443086 0)
(-0.20197 0.000674204 0)
(-0.199519 -0.000349566 0)
(-0.195258 -0.000833655 -1.47265e-20)
(-0.192416 0.00124077 0)
(-0.194014 0.00275516 -1.59191e-20)
(-0.203073 0.00129367 0)
(-0.191928 -0.000142899 0)
(-0.189034 0.000525892 0)
(-0.188297 0.00177748 0)
(-0.200813 0.00286516 0)
(-0.189015 0.000408518 2.1807e-20)
(-0.184771 -0.0021589 0)
(-0.178964 4.15161e-05 0)
(-0.178685 0.00208723 -2.72885e-20)
(-0.178337 0.00157196 0)
(-0.176264 0.000788678 0)
(-0.172804 0.000450802 0)
(-0.169214 0.000347381 3.43086e-20)
(-0.164946 0.000366118 0)
(-0.159791 0.000401532 0)
(-0.152846 0.00059847 0)
(-0.143637 0.00089184 0)
(-0.131955 0.00134201 -5.47969e-20)
(-0.118393 0.00176014 0)
(-0.104616 0.00195868 0)
(-0.0914924 0.00186869 0)
(-0.080575 0.00163341 9.30293e-20)
(-0.0690989 0.00145408 0)
(-0.0634884 0.00178548 0)
(-0.0344648 0.0014389 -1.39887e-19)
(-0.0671298 0.000374597 -6.01853e-36)
(-0.101255 0.0057083 1.1884e-17)
(-0.124714 0.0101278 2.12991e-17)
(-0.137239 0.0127258 2.00044e-17)
(-0.144674 0.014153 1.92243e-17)
(-0.15022 0.0150334 1.86055e-17)
(-0.15455 0.0156496 -1.80841e-17)
(-0.15766 0.016089 -1.76032e-17)
(-0.16002 0.0163917 0)
(-0.162171 0.0166254 -3.3606e-17)
(-0.164276 0.0168342 -1.64183e-17)
(-0.166467 0.0170343 5.41668e-34)
(-0.168903 0.0172438 -1.20371e-35)
(-0.171794 0.0174837 -3.02003e-17)
(-0.175254 0.0177749 -2.90644e-17)
(-0.179369 0.0181264 -2.77547e-17)
(-0.184208 0.0185475 0)
(-0.189783 0.0190398 4.89939e-17)
(-0.196261 0.0196168 2.24883e-17)
(-0.20343 0.020266 2.40741e-35)
(-0.212101 0.0210426 -3.51062e-17)
(-0.220376 0.0218221 -1.23584e-20)
(-0.233921 0.0229799 0)
(-0.2382 0.0237039 1.32102e-17)
(-0.263917 0.0252684 -7.10671e-18)
)
;
    }
    lowerWall
    {
        type            calculated;
        value           nonuniform List<vector> 
250
(
(-0.622429 -0.00674739 0)
(-0.591773 -0.0105468 0)
(-0.56275 -0.0104392 0)
(-0.536021 -0.00973887 0)
(-0.513307 -0.0080811 0)
(-0.556704 -0.00726447 0)
(-0.611081 -0.00703027 0)
(-0.530934 -0.00454779 0)
(-0.538674 -0.00404598 0)
(-0.487924 -0.00422424 0)
(-0.458003 -0.00359752 0)
(-0.438091 -0.00234233 0)
(-0.43345 -0.000934578 0)
(-0.489207 -0.00153886 0)
(-0.444174 -0.0014577 0)
(-0.423162 -9.57827e-05 0)
(-0.456616 0.000693286 0)
(-0.496702 0.000701898 0)
(0.00212414 0.000298645 0)
(0.00236923 -0.00252833 0)
(0.00263082 -0.00547102 0)
(0.00292147 -0.00857247 1.13775e-19)
(0.00316225 -0.011572 -9.57275e-20)
(0.00334736 -0.0150862 8.27907e-20)
(0.00309735 -0.0146879 -7.4216e-20)
(0.00989804 -0.0337284 0)
(-0.0440916 -0.106489 0)
(0.000223006 -0.000277792 0)
(5.56127e-05 -0.000794467 0)
(-1.06798e-05 -0.000877779 0)
(5.56465e-05 -0.000875583 0)
(3.49631e-05 -0.000846166 1.53959e-19)
(-0.000140572 -0.000279752 -1.49887e-19)
(-0.000579095 0.0011615 0)
(-0.00118007 0.00386873 -1.71887e-19)
(-0.00155901 0.00731804 1.31398e-19)
(-0.00150174 0.0105701 0)
(-0.00110497 0.0129636 0)
(-0.000570174 0.014214 0)
(-6.00743e-05 0.0143011 0)
(0.000342214 0.0134214 0)
(0.000676737 0.0118574 0)
(0.00100445 0.0096575 0)
(0.00136499 0.00685994 0)
(0.00177173 0.00351497 0)
(-0.000144417 -0.00027952 0)
(0.000170141 -0.000450063 0)
(0.000481393 -0.000502202 0)
(0.000804614 -0.000431792 0)
(0.001062 -0.000195868 -0)
(0.00110899 0.000194838 -0)
(0.00086009 0.000662999 1.43239e-20)
(0.00034431 0.00110161 -1.63302e-20)
(-0.00036956 0.00142012 0)
(-0.00118686 0.0015797 -9.36466e-21)
(-0.00202994 0.00159373 0)
(-0.00283378 0.00149197 0)
(-0.00355286 0.0013109 0)
(-0.00416193 0.00108133 4.58316e-21)
(-0.00464949 0.000824213 0)
(-0.00501119 0.000551372 0)
(-0.00524453 0.000271144 -3.97219e-21)
(-0.00535402 -2.23828e-05 -0)
(-0.00531469 -0.000326831 0)
(-0.00512482 -0.000620874 -0)
(-0.00479322 -0.000884218 4.2774e-21)
(-0.00433185 -0.00109637 -0)
(-0.00375887 -0.00123595 5.0714e-21)
(-0.00310197 -0.00128327 0)
(-0.0023994 -0.00122369 -0)
(-0.00170099 -0.00105405 8.27364e-21)
(-0.00106509 -0.000790915 0)
(-0.00054976 -0.000480245 -1.38115e-20)
(-0.000187987 -0.000196278 0)
(3.88785e-05 -3.15425e-06 2.35893e-20)
(0.000183505 0.000108626 0)
(0.000268142 0.000202045 0)
(0.000261792 0.000314094 0)
(0.000152209 0.000466753 0)
(-9.63356e-05 0.000671622 0)
(-0.000512189 0.000885823 -1.49634e-20)
(-0.00107452 0.00102911 0)
(-0.00169293 0.0010275 1.76189e-20)
(-0.00224718 0.000870807 0)
(-0.00263931 0.000608706 -1.39971e-20)
(-0.00283021 0.00032661 0)
(-0.00284599 9.90619e-05 0)
(-0.00274401 -2.57703e-05 1.38567e-20)
(-0.00260173 -2.35727e-05 0)
(-0.00248996 0.00010045 1.44582e-20)
(-0.00242113 0.000290456 -1.45899e-20)
(-0.00234377 0.00040498 0)
(-0.00211995 0.00020735 -1.5859e-20)
(-0.00148317 -0.000443118 -1.84256e-20)
(-0.000179225 -0.00112051 0)
(0.00154459 -0.00168087 0)
(0.00340884 -0.0023353 0)
(0.00556835 -0.00299666 0)
(0.00796158 -0.00349451 -0)
(0.0104629 -0.0037516 3.43907e-21)
(0.0129689 -0.00388011 0)
(0.0154391 -0.00388232 -2.68822e-21)
(0.017852 -0.00376565 -0)
(0.0201328 -0.00351911 -0)
(0.0222764 -0.00321947 2.13988e-21)
(0.0250656 -0.00307188 0)
(0.0278284 -0.00284874 -2.06047e-21)
(0.0283088 -0.0024619 -0)
(0.0310555 -0.00235894 0)
(0.0330944 -0.00217713 -0)
(0.0351586 -0.00203174 1.82674e-21)
(0.0370913 -0.00189633 0)
(0.0389755 -0.00177619 -0)
(0.0407637 -0.00166906 1.77813e-21)
(0.0425053 -0.00157418 0)
(0.0441786 -0.00148942 1.75677e-21)
(0.0458078 -0.00141347 0)
(0.0473853 -0.0013447 0)
(0.0489234 -0.00128197 0)
(0.050419 -0.00122397 -1.72523e-21)
(0.0518785 -0.00116983 -0)
(0.0533005 -0.00111889 0)
(0.0546886 -0.00107042 -1.70516e-21)
(0.0560417 -0.00102394 -1.69848e-21)
(0.0573616 -0.000979118 -0)
(0.0586475 -0.000935548 -1.68472e-21)
(0.0599002 -0.000892978 0)
(0.0611186 -0.000851213 -3.34001e-21)
(0.0623035 -0.000810067 -0)
(0.0634531 -0.000769233 -3.30793e-21)
(0.0645679 -0.000728769 -0)
(0.0656464 -0.000688318 3.27269e-21)
(0.0666883 -0.000647753 0)
(0.067692 -0.000606813 0)
(0.0686569 -0.000565358 0)
(0.0695813 -0.00052277 -3.19024e-21)
(0.0704631 -0.000478945 -0)
(0.0713009 -0.00043353 3.14199e-21)
(0.0720921 -0.000386144 0)
(0.0728341 -0.000336592 -3.08881e-21)
(0.0735245 -0.000284549 -3.06033e-21)
(0.0741598 -0.000230243 -3.03063e-21)
(0.0747379 -0.000174301 -0)
(0.0752564 -0.000118675 0)
(0.0757153 -6.63298e-05 0)
(0.0761189 -2.24208e-05 0)
(0.0764742 1.58294e-05 0)
(0.0767808 5.30694e-05 0)
(0.0770399 8.98808e-05 0)
(0.0772495 0.000126487 0)
(0.0774106 0.000163127 2.696e-21)
(0.0775213 0.000199584 2.6491e-21)
(0.077582 0.000235987 0)
(0.0775916 0.000272086 0)
(0.0775503 0.000307987 0)
(0.0774576 0.000343461 2.4387e-21)
(0.0773134 0.000378542 0)
(0.077118 0.000413046 0)
(0.0768713 0.000447047 0)
(0.0765734 0.000480377 0)
(0.0762249 0.000512987 -2.12048e-21)
(0.0758262 0.000544932 0)
(0.0753775 0.000575967 0)
(0.0748802 0.000606357 1.89821e-21)
(0.0743335 0.000635755 -1.81876e-21)
(0.0737398 0.00066435 0)
(0.0730987 0.00069198 -1.6517e-21)
(0.0724119 0.000718853 0)
(0.0716795 0.000744666 1.47368e-21)
(0.0709035 0.000769778 0)
(0.0700838 0.000793829 0)
(0.069223 0.000817134 0)
(0.0683238 0.00083925 0)
(0.0673776 0.00086021 0)
(0.0664059 0.000880597 -1.74523e-21)
(0.0653746 0.000899559 -1.52433e-21)
(0.0643278 0.000917495 0)
(0.0632287 0.000933566 0)
(0.0621093 0.000945861 0)
(0.060959 0.000952318 5.81119e-22)
(0.0597799 0.000949871 0)
(0.0585748 0.000942138 0)
(0.0573375 0.000946388 0)
(0.0560711 0.000960473 -4.67596e-22)
(0.0547751 0.000971156 7.48951e-22)
(0.053455 0.000981112 0)
(0.0521119 0.000990218 0)
(0.0507469 0.000998539 1.64468e-21)
(0.0493622 0.00100621 1.96186e-21)
(0.0479584 0.00101324 0)
(0.0465375 0.00101973 0)
(0.0451004 0.00102571 -2.97669e-21)
(0.0436491 0.00103127 3.33809e-21)
(0.0421836 0.0010362 0)
(0.0407078 0.00104094 0)
(0.0392182 0.00104491 4.50243e-21)
(0.0377213 0.00104868 0)
(0.0362138 0.00105184 0)
(0.0347008 0.00105454 5.80617e-21)
(0.0331819 0.00105692 0)
(0.0316587 0.00105903 6.76851e-21)
(0.0301322 0.00106101 0)
(0.0286036 0.00106299 0)
(0.0270732 0.00106508 0)
(0.0255419 0.00106738 -8.97562e-21)
(0.0240099 0.00106995 0)
(0.0224774 0.00107284 0)
(0.0209447 0.00107602 0)
(0.0194121 0.00107951 0)
(0.0178798 0.00108336 0)
(0.0163482 0.00108766 0)
(0.0148174 0.00109254 -1.4207e-20)
(0.0132874 0.00109816 -1.51679e-20)
(0.0117581 0.00110461 0)
(0.0102292 0.00111192 0)
(0.00870059 0.00111996 0)
(0.0071724 0.00112857 1.98737e-20)
(0.00564534 0.00113802 0)
(0.00412106 0.00114711 -4.5895e-20)
(0.00260366 0.00115263 4.94731e-20)
(0.00110286 0.00114947 5.3459e-20)
(-0.000378993 0.00111209 -5.52024e-20)
(-0.00174675 0.00104013 5.36745e-20)
(-0.00326071 0.000872999 -5.17625e-20)
(-0.00358551 0.00048266 0)
(-0.00555404 0.00107328 -3.08998e-18)
(-0.00866085 0.000845773 -2.8031e-18)
(-0.0117409 0.000498008 0)
(-0.0149054 0.000172729 -4.77482e-18)
(-0.018275 -0.000167004 -8.88447e-18)
(-0.0218575 -0.000524848 -4.1475e-18)
(-0.0256634 -0.000902277 3.88211e-18)
(-0.0297148 -0.00130333 -3.61112e-35)
(-0.0340379 -0.00173142 6.01853e-36)
(-0.0386504 -0.00219037 3.21454e-18)
(-0.0435701 -0.00267885 3.02319e-18)
(-0.048813 -0.00316391 0)
(-0.0543931 -0.00367926 0)
(-0.0603679 -0.00427296 0)
(-0.0667939 -0.00492754 -1.59867e-35)
(-0.0736754 -0.00563553 5.59535e-36)
(-0.0811587 -0.0063987 5.41668e-35)
(-0.089109 -0.00722262 -3.7498e-18)
(-0.0980797 -0.00811708 -3.41622e-18)
(-0.107162 -0.00908636 6.01853e-36)
(-0.118716 -0.0101514 5.37582e-18)
(-0.128298 -0.0113215 8.92296e-18)
(-0.145708 -0.0125535 -1.20371e-35)
(-0.153153 -0.0140661 -4.30395e-18)
(-0.187779 -0.0164084 -1.50463e-35)
)
;
    }
    frontAndBack
    {
        type            empty;
    }
}


// ************************************************************************* //
