/*--------------------------------*- C++ -*----------------------------------*\
  =========                 |
  \\      /  F ield         | OpenFOAM: The Open Source CFD Toolbox
   \\    /   O peration     | Website:  https://openfoam.org
    \\  /    A nd           | Version:  8
     \\/     M anipulation  |
\*---------------------------------------------------------------------------*/
FoamFile
{
    version     2.0;
    format      ascii;
    class       volVectorField;
    location    "700";
    object      wallShearStress;
}
// * * * * * * * * * * * * * * * * * * * * * * * * * * * * * * * * * * * * * //

dimensions      [0 2 -2 0 0 0 0];

internalField   uniform (0 0 0);

boundaryField
{
    inlet
    {
        type            calculated;
        value           uniform (0 0 0);
    }
    outlet
    {
        type            calculated;
        value           uniform (0 0 0);
    }
    upperWall
    {
        type            calculated;
        value           nonuniform List<vector> 
223
(
(-0.461226 0.00283644 0)
(-0.494227 0.00553671 0)
(-0.510879 0.00671878 0)
(-0.512622 0.00713649 0)
(-0.50717 0.00708677 0)
(-0.495962 0.00671594 0)
(-0.484177 0.00621611 0)
(-0.472098 0.00564316 0)
(-0.459783 0.00503733 0)
(-0.448324 0.00445406 0)
(-0.437871 0.00390504 0)
(-0.428491 0.00338943 0)
(-0.420204 0.00291654 0)
(-0.412959 0.00249821 0)
(-0.406644 0.0021404 0)
(-0.401139 0.00185277 0)
(-0.396263 0.00163664 0)
(-0.391944 0.00152972 0)
(-0.388481 0.00149992 0)
(-0.38572 0.00148731 5.71059e-22)
(-0.382994 0.00145145 0)
(-0.380319 0.00140156 0)
(-0.377696 0.00134365 0)
(-0.375129 0.00128064 5.83308e-22)
(-0.372627 0.00121518 0)
(-0.370193 0.00114864 0)
(-0.367832 0.00108254 0)
(-0.365543 0.00101722 -1.18781e-21)
(-0.363329 0.00095331 1.19289e-21)
(-0.361188 0.000890849 1.19792e-21)
(-0.359123 0.000830488 0)
(-0.357132 0.000772121 -1.20783e-21)
(-0.355216 0.000716265 0)
(-0.353372 0.000662966 1.21759e-21)
(-0.351599 0.000612686 1.22242e-21)
(-0.349895 0.000565542 -1.22724e-21)
(-0.348258 0.000521853 0)
(-0.346683 0.000481773 0)
(-0.345166 0.000445155 0)
(-0.343703 0.000411974 0)
(-0.342292 0.000382133 -1.25117e-21)
(-0.340927 0.000355322 0)
(-0.339605 0.000331166 0)
(-0.338325 0.000309581 1.26556e-21)
(-0.337082 0.000290167 0)
(-0.335876 0.000272622 1.27523e-21)
(-0.334704 0.000256731 -1.2801e-21)
(-0.333565 0.000242353 1.285e-21)
(-0.332457 0.000229509 0)
(-0.33138 0.000217775 0)
(-0.330331 0.00020739 0)
(-0.32931 0.000198183 1.30489e-21)
(-0.328313 0.000190276 -1.30995e-21)
(-0.327342 0.000183411 0)
(-0.326393 0.000177655 0)
(-0.325466 0.000172913 0)
(-0.324557 0.000169817 0)
(-0.323666 0.00016757 0)
(-0.322791 0.000165142 0)
(-0.321935 0.000162983 0)
(-0.32109 0.000161853 0)
(-0.32026 0.000161972 1.3573e-21)
(-0.319438 0.000163059 -1.36278e-21)
(-0.318628 0.000164836 0)
(-0.317822 0.000166932 0)
(-0.317028 0.000169446 0)
(-0.316238 0.000172375 -1.38522e-21)
(-0.315453 0.000175726 0)
(-0.314676 0.000179489 0)
(-0.313895 0.00018372 0)
(-0.313122 0.000188574 0)
(-0.312343 0.000193673 0)
(-0.311565 0.00019948 -2.83948e-21)
(-0.310775 0.000206239 0)
(-0.310007 0.00021299 0)
(-0.309151 0.000232177 0)
(-0.308424 0.000225368 0)
(-0.307443 0.000225541 0)
(-0.306842 0.000216429 0)
(-0.346149 0.000224013 0)
(-0.327709 0.000288021 3.1534e-21)
(-0.316872 0.000322716 0)
(-0.312228 0.000343245 0)
(-0.307279 0.000441362 0)
(-0.308125 0.000492746 -3.04202e-21)
(-0.304817 0.000381144 0)
(-0.307264 0.000221623 -3.06526e-21)
(-0.304399 9.8889e-05 0)
(-0.322487 -2.55187e-05 0)
(-0.368114 9.6201e-05 0)
(-0.346234 0.000377234 -3.48505e-21)
(-0.326303 0.000371564 0)
(-0.307992 0.000204452 3.10996e-21)
(-0.32818 0.000100122 3.31419e-21)
(-0.343482 3.7411e-05 0)
(-0.335646 9.35825e-05 3.38807e-21)
(-0.370003 0.000355718 0)
(-0.381925 0.000456971 0)
(-0.386232 0.000890211 0)
(-0.354772 0.00135889 -3.56523e-21)
(-0.322253 0.00112676 0)
(-0.310815 0.00125139 -3.1193e-21)
(-0.304745 0.00116277 3.04927e-21)
(-0.312752 0.000411678 0)
(-0.298855 0.000560099 0)
(-0.29812 0.000786987 0)
(-0.299264 0.000514833 0)
(-0.304182 0.000498587 0)
(-0.296534 0.000102338 0)
(-0.328088 0.000229294 0)
(-0.317864 0.000648994 -3.23977e-21)
(-0.295046 0.000977886 0)
(-0.306941 0.00156412 0)
(-0.293145 0.00101375 0)
(-0.292638 0.000635915 0)
(-0.291861 0.000288149 0)
(-0.291319 -0.000299602 0)
(-0.323399 -0.000159966 0)
(-0.332217 -2.54405e-05 0)
(-0.32311 -0.000158285 0)
(-0.337181 0.000116901 0)
(-0.305327 0.00101098 0)
(-0.294547 0.00177992 0)
(-0.285099 0.00152205 -5.42016e-21)
(-0.284075 0.000619506 0)
(-0.28325 -0.000112237 0)
(-0.319915 -0.000243222 0)
(-0.335061 9.20493e-05 6.23304e-21)
(-0.333721 0.000583676 0)
(-0.337015 0.000655683 0)
(-0.328842 0.000711676 5.91542e-21)
(-0.292638 0.001205 0)
(-0.273774 0.00128746 -4.61073e-21)
(-0.272518 0.00114893 0)
(-0.271429 0.000775504 0)
(-0.270359 0.000210919 0)
(-0.290541 0.000735528 4.36573e-21)
(-0.268461 0.000772823 0)
(-0.297289 0.00083924 -4.07219e-21)
(-0.266341 0.000707853 0)
(-0.295687 0.000730993 0)
(-0.263794 0.000639384 0)
(-0.289811 0.000629832 0)
(-0.260801 0.000656176 0)
(-0.283093 -4.95659e-05 0)
(-0.279711 0.000552682 0)
(-0.255316 0.000680085 0)
(-0.264258 0.00070392 0)
(-0.251569 0.000662299 0)
(-0.25171 -2.30166e-05 0)
(-0.250811 -2.78875e-05 -8.72547e-22)
(-0.244348 0.000291111 5.69386e-22)
(-0.241799 0.000131782 0)
(-0.239 0.000887785 0)
(-0.265802 0.00226947 0)
(-0.237157 0.00126944 0)
(-0.235505 0.000975443 -1.02855e-21)
(-0.253022 0.000966779 1.51154e-21)
(-0.252837 0.000101074 -1.9661e-21)
(-0.241199 0.0010178 0)
(-0.228697 0.00088262 -2.53587e-21)
(-0.226335 -0.000370002 -6.13556e-21)
(-0.223786 9.27768e-05 0)
(-0.220063 0.00110861 -8.09198e-21)
(-0.217852 0.000911608 8.81181e-21)
(-0.215395 0.000102285 0)
(-0.21293 0.000815337 0)
(-0.217302 0.00114186 0)
(-0.214464 0.00144236 0)
(-0.211574 0.000887546 0)
(-0.208572 0.000508636 -1.48132e-20)
(-0.207324 0.00141761 0)
(-0.213464 0.000448131 -1.70945e-20)
(-0.20211 -0.000268258 0)
(-0.199312 0.000398872 0)
(-0.197988 0.00224523 0)
(-0.199144 0.00133587 0)
(-0.194888 -0.000608203 0)
(-0.190779 1.48387e-05 2.46968e-20)
(-0.187167 0.000115744 0)
(-0.182921 -6.69664e-05 0)
(-0.178116 -0.000131314 -3.01872e-20)
(-0.174943 0.000791542 0)
(-0.175887 0.0019087 0)
(-0.178411 0.00217455 0)
(-0.17838 0.00168472 3.33494e-20)
(-0.175194 0.000922855 0)
(-0.169878 0.000423252 0)
(-0.163879 0.000178819 0)
(-0.157551 0.000270424 0)
(-0.1504 0.000535742 -4.9764e-20)
(-0.140818 0.0009084 0)
(-0.128425 0.0014508 0)
(-0.11343 0.00194437 0)
(-0.0984648 0.00221727 8.36251e-20)
(-0.082178 0.00213951 0)
(-0.0724569 0.00237748 0)
(-0.0400422 0.00171941 -1.35489e-19)
(-0.072599 0.000740787 6.01853e-36)
(-0.108327 0.00620042 1.17049e-17)
(-0.132947 0.0107825 2.08826e-17)
(-0.146046 0.0135161 1.95751e-17)
(-0.153776 0.0150366 1.87913e-17)
(-0.159491 0.0159639 1.8177e-17)
(-0.163919 0.0166147 -1.76621e-17)
(-0.166949 0.0170634 -1.71924e-17)
(-0.169175 0.0173597 0)
(-0.171136 0.0175839 -3.28933e-17)
(-0.172989 0.0177699 -1.61057e-17)
(-0.174884 0.01794 7.04168e-34)
(-0.177113 0.0181183 -2.40741e-35)
(-0.179833 0.0183387 -2.97829e-17)
(-0.183216 0.0186159 -2.87078e-17)
(-0.187254 0.018961 -2.74435e-17)
(-0.19208 0.0193785 -2.40741e-35)
(-0.197624 0.0198686 4.85582e-17)
(-0.204111 0.0204451 2.23195e-17)
(-0.211259 0.021091 0)
(-0.220001 0.0218735 -3.49301e-17)
(-0.228192 0.0226454 -1.23168e-20)
(-0.242063 0.0238237 -3.00927e-36)
(-0.245928 0.024534 1.31521e-17)
(-0.272456 0.0261065 -7.25353e-18)
)
;
    }
    lowerWall
    {
        type            calculated;
        value           nonuniform List<vector> 
250
(
(-0.623721 -0.00617933 0)
(-0.635743 -0.00990779 0)
(-0.74283 -0.0126807 0)
(-0.635742 -0.0114714 0)
(-0.574487 -0.00956691 0)
(-0.515816 -0.00705204 0)
(-0.512064 -0.00583736 0)
(-0.484845 -0.00466733 0)
(-0.474627 -0.0043357 0)
(-0.465605 -0.00341041 0)
(-0.458342 -0.00183417 0)
(-0.502642 -0.00127989 0)
(-0.53295 -0.00229817 0)
(-0.477687 -0.00231801 0)
(-0.457248 -0.00144413 0)
(-0.432896 -0.000393454 0)
(-0.45715 -0.000570511 0)
(-0.429769 -0.000956554 0)
(0.002179 5.30752e-05 0)
(0.00242241 -0.00284995 0)
(0.00267986 -0.00583911 0)
(0.00301466 -0.00899439 1.12629e-19)
(0.00344924 -0.0120893 -9.51532e-20)
(0.00404385 -0.0159774 8.46113e-20)
(0.00421877 -0.0172123 -6.77204e-20)
(0.00768443 -0.0376018 0)
(-0.0531648 -0.107455 0)
(0.000226716 -0.000281603 0)
(5.72293e-05 -0.000804231 0)
(-9.45383e-06 -0.000889164 0)
(5.95512e-05 -0.000892501 0)
(3.89857e-05 -0.000873154 1.53155e-19)
(-0.000139012 -0.000308908 -1.4929e-19)
(-0.00058904 0.0011476 0)
(-0.00120759 0.0039086 -1.70155e-19)
(-0.00159416 0.0074274 1.29766e-19)
(-0.0015298 0.0107356 0)
(-0.00111907 0.0131592 0)
(-0.000570108 0.0144124 0)
(-5.03052e-05 0.014478 0)
(0.00035945 0.0135651 0)
(0.00070067 0.0119536 0)
(0.0010348 0.00969117 0)
(0.00140241 0.00681637 0)
(0.00182048 0.00337362 0)
(-0.000146357 -0.000283477 0)
(0.000171787 -0.000456468 0)
(0.000486795 -0.000510647 0)
(0.000815027 -0.000441851 0)
(0.00107979 -0.000205753 -0)
(0.00113382 0.000188721 -0)
(0.000887508 0.000662449 1.41573e-20)
(0.000371247 0.00110758 -1.62584e-20)
(-0.000347235 0.00143208 0)
(-0.00117165 0.00159469 -9.34703e-21)
(-0.00202211 0.00160911 0)
(-0.00283313 0.0015059 0)
(-0.00355822 0.00132202 0)
(-0.00417176 0.00108887 4.55678e-21)
(-0.00466203 0.000827654 0)
(-0.00502453 0.000550317 0)
(-0.0052567 0.0002655 -3.95322e-21)
(-0.00536323 -3.33233e-05 -0)
(-0.00531743 -0.000342985 0)
(-0.00511885 -0.000640941 -0)
(-0.00477679 -0.000906534 4.27311e-21)
(-0.00430382 -0.0011186 -0)
(-0.00371888 -0.00125496 5.09061e-21)
(-0.00305116 -0.00129539 0)
(-0.00234066 -0.00122499 -0)
(-0.00163985 -0.00104143 8.40883e-21)
(-0.00100989 -0.000764098 0)
(-0.000509884 -0.000444715 -1.41829e-20)
(-0.000168013 -0.000162904 0)
(4.32607e-05 2.1337e-05 2.384e-20)
(0.000177216 0.000127959 0)
(0.000250859 0.000223531 0)
(0.00022473 0.000342912 0)
(9.45161e-05 0.000507863 0)
(-0.000186138 0.000729354 0)
(-0.000643111 0.000950386 -1.38078e-20)
(-0.00124037 0.00107953 0)
(-0.00187307 0.00104891 1.66182e-20)
(-0.00241824 0.000863393 0)
(-0.00278421 0.00058303 -1.35202e-20)
(-0.00294406 0.000296055 0)
(-0.00293057 7.50715e-05 0)
(-0.00280798 -3.7083e-05 1.35487e-20)
(-0.00265562 -1.63298e-05 0)
(-0.00254346 0.000121595 1.41707e-20)
(-0.00246836 0.000309587 -1.43066e-20)
(-0.00236589 0.00038441 0)
(-0.00207375 0.00011412 -1.59024e-20)
(-0.0013379 -0.0005966 -1.89334e-20)
(0.00014418 -0.00125876 0)
(0.00192703 -0.00185252 0)
(0.00387515 -0.00254369 0)
(0.00610831 -0.00321696 0)
(0.00857118 -0.00372546 -0)
(0.0111464 -0.00394071 3.29824e-21)
(0.013705 -0.00394919 0)
(0.0163899 -0.00391998 -2.6786e-21)
(0.019463 -0.003861 -0)
(0.0211155 -0.00352607 -0)
(0.0241772 -0.00337107 2.21625e-21)
(0.0249007 -0.00288342 0)
(0.0275678 -0.00270353 -1.95282e-21)
(0.0297921 -0.00251257 -0)
(0.0320605 -0.00234553 0)
(0.0342446 -0.00217997 -0)
(0.0362567 -0.00202677 1.82041e-21)
(0.0382409 -0.00189088 0)
(0.0400989 -0.00176896 -0)
(0.0419155 -0.00166177 1.77439e-21)
(0.043646 -0.00156636 0)
(0.0453347 -0.00148172 1.75241e-21)
(0.0469598 -0.001406 0)
(0.0485473 -0.00133753 0)
(0.0500841 -0.00127538 0)
(0.0515873 -0.001218 -1.71842e-21)
(0.053048 -0.00116484 -0)
(0.0544768 -0.00111463 0)
(0.0558681 -0.00106725 -1.69603e-21)
(0.0572284 -0.00102166 -1.68867e-21)
(0.0585537 -0.000977893 -0)
(0.0598476 -0.000935076 -1.67359e-21)
(0.0611075 -0.000893409 0)
(0.0623351 -0.000852268 -3.31556e-21)
(0.0635289 -0.000811753 -0)
(0.0646887 -0.000771346 -3.28181e-21)
(0.065814 -0.000731108 -0)
(0.0669029 -0.000690734 3.24529e-21)
(0.0679558 -0.00065001 0)
(0.0689694 -0.000608581 0)
(0.0699434 -0.000566687 0)
(0.0708762 -0.00052342 -3.16147e-21)
(0.0717656 -0.000478752 -0)
(0.0726097 -0.000432286 3.1131e-21)
(0.0734065 -0.00038357 0)
(0.0741527 -0.000332396 -3.0598e-21)
(0.0748463 -0.000278461 -3.03117e-21)
(0.0754833 -0.000222297 -3.00118e-21)
(0.076062 -0.000164985 -0)
(0.0765797 -0.000109015 0)
(0.0770375 -5.69376e-05 0)
(0.07744 -1.33363e-05 0)
(0.0777928 2.48455e-05 0)
(0.0780968 6.24649e-05 0)
(0.0783518 9.96139e-05 0)
(0.0785569 0.000136602 0)
(0.0787119 0.000173667 2.65723e-21)
(0.0788153 0.000210473 2.60881e-21)
(0.0788677 0.000247274 0)
(0.0788676 0.000283882 0)
(0.078815 0.000320379 0)
(0.0787092 0.000356445 2.39253e-21)
(0.0785508 0.000392375 0)
(0.0783386 0.000427887 0)
(0.0780731 0.000463114 0)
(0.077754 0.000497775 0)
(0.0773818 0.000532127 -2.06837e-21)
(0.0769561 0.000565819 0)
(0.076478 0.000599056 0)
(0.0759472 0.000631581 1.84305e-21)
(0.075365 0.000663629 -1.7625e-21)
(0.0747309 0.000694923 0)
(0.0740464 0.000725545 -1.59288e-21)
(0.0733121 0.000755343 0)
(0.0725292 0.000784377 1.4115e-21)
(0.0716988 0.000812591 0)
(0.070822 0.000839856 0)
(0.0699019 0.000866069 0)
(0.0689296 0.000890985 0)
(0.0679291 0.000915341 0)
(0.0668623 0.000937698 -1.58358e-21)
(0.0657795 0.000959135 -1.35409e-21)
(0.0646348 0.000978314 0)
(0.0634706 0.000993532 0)
(0.0622725 0.00100269 0)
(0.0610415 0.00100242 3.64551e-22)
(0.0597862 0.000993313 0)
(0.0584972 0.000996391 0)
(0.0571787 0.00101176 0)
(0.0558288 0.00102283 -7.45672e-22)
(0.0544549 0.00103274 1.0447e-21)
(0.0530583 0.00104148 0)
(0.0516414 0.00104909 0)
(0.0502067 0.00105599 1.99753e-21)
(0.0487551 0.00106195 2.33488e-21)
(0.0472887 0.00106728 0)
(0.0458088 0.00107165 0)
(0.0443175 0.00107546 -3.41276e-21)
(0.0428158 0.00107862 3.79576e-21)
(0.0413025 0.00108086 0)
(0.0397832 0.00108272 0)
(0.0382535 0.00108366 5.02793e-21)
(0.036721 0.00108422 0)
(0.0351809 0.0010839 0)
(0.0336408 0.00108337 6.40288e-21)
(0.0320968 0.00108234 0)
(0.030554 0.0010812 7.41548e-21)
(0.0290114 0.00108014 0)
(0.02747 0.00107915 0)
(0.0259309 0.00107846 0)
(0.0243938 0.00107822 -9.73314e-21)
(0.0228591 0.00107844 0)
(0.0213265 0.00107919 0)
(0.0197962 0.00108043 0)
(0.0182681 0.00108224 0)
(0.0167422 0.00108464 0)
(0.0152186 0.00108784 0)
(0.0136971 0.0010919 -1.52392e-20)
(0.0121773 0.00109706 -1.6256e-20)
(0.0106588 0.00110334 0)
(0.00914086 0.00111082 0)
(0.00762315 0.00111941 0)
(0.00610548 0.00112956 2.12697e-20)
(0.00458821 0.00114089 0)
(0.00307326 0.00115143 -4.91568e-20)
(0.00156472 0.00115706 5.30324e-20)
(7.37128e-05 0.00114536 5.58195e-20)
(-0.00139817 0.0010933 -5.519e-20)
(-0.0027491 0.0010151 5.2927e-20)
(-0.00424498 0.000844685 -5.11633e-20)
(-0.00451871 0.0004398 0)
(-0.00650577 0.00100259 -3.06497e-18)
(-0.00968429 0.000764168 -2.78767e-18)
(-0.0128388 0.000404564 -3.00927e-36)
(-0.0160557 6.98928e-05 -4.76497e-18)
(-0.0194742 -0.000277072 -8.87804e-18)
(-0.0231074 -0.0006413 -4.14934e-18)
(-0.0269649 -0.00102446 3.88756e-18)
(-0.0310694 -0.00143117 -1.20371e-35)
(-0.0354475 -0.00186486 0)
(-0.0401145 -0.00233096 3.22649e-18)
(-0.04509 -0.0028148 3.03665e-18)
(-0.0503835 -0.00330189 3.00927e-36)
(-0.0560232 -0.00383284 0)
(-0.0620577 -0.00443654 0)
(-0.0685424 -0.00509804 -3.5735e-35)
(-0.0754782 -0.00581243 1.85728e-35)
(-0.0830195 -0.0065824 9.62965e-35)
(-0.0910159 -0.00741235 -3.77729e-18)
(-0.100051 -0.00831397 -3.4425e-18)
(-0.109168 -0.0092881 6.01853e-36)
(-0.120804 -0.0103616 5.42024e-18)
(-0.130399 -0.0115345 8.99736e-18)
(-0.147949 -0.0127794 6.01853e-36)
(-0.155264 -0.0142846 -4.33851e-18)
(-0.190151 -0.0166533 -4.81482e-35)
)
;
    }
    frontAndBack
    {
        type            empty;
    }
}


// ************************************************************************* //
