/*--------------------------------*- C++ -*----------------------------------*\
  =========                 |
  \\      /  F ield         | OpenFOAM: The Open Source CFD Toolbox
   \\    /   O peration     | Website:  https://openfoam.org
    \\  /    A nd           | Version:  8
     \\/     M anipulation  |
\*---------------------------------------------------------------------------*/
FoamFile
{
    version     2.0;
    format      ascii;
    class       volVectorField;
    location    "1500";
    object      wallShearStress;
}
// * * * * * * * * * * * * * * * * * * * * * * * * * * * * * * * * * * * * * //

dimensions      [0 2 -2 0 0 0 0];

internalField   uniform (0 0 0);

boundaryField
{
    inlet
    {
        type            calculated;
        value           uniform (0 0 0);
    }
    outlet
    {
        type            calculated;
        value           uniform (0 0 0);
    }
    upperWall
    {
        type            calculated;
        value           nonuniform List<vector> 
223
(
(-0.444059 0.00269768 0)
(-0.434051 0.00485736 0)
(-0.469612 0.00641447 0)
(-0.486742 0.00730504 0)
(-0.488247 0.00755402 0)
(-0.482874 0.00738703 0)
(-0.471684 0.00693571 0)
(-0.460095 0.00639237 0)
(-0.448278 0.0058027 0)
(-0.436248 0.00520171 0)
(-0.425001 0.00462921 0)
(-0.414678 0.00409853 0)
(-0.405323 0.00361498 0)
(-0.396913 0.00317865 0)
(-0.389387 0.00278879 0)
(-0.382682 0.00244822 0)
(-0.376669 0.0021595 0)
(-0.37132 0.0019734 0)
(-0.367056 0.00186161 0)
(-0.363698 0.00178614 5.97326e-22)
(-0.360427 0.00169203 0)
(-0.35725 0.00158959 0)
(-0.354166 0.00148349 0)
(-0.351178 0.00137694 6.08606e-22)
(-0.348293 0.00127113 0)
(-0.345512 0.00116827 0)
(-0.342837 0.00106851 0)
(-0.340267 0.000973047 -1.23697e-21)
(-0.337804 0.000881492 1.24159e-21)
(-0.335444 0.00079462 1.2461e-21)
(-0.333189 0.000712106 0)
(-0.331033 0.000634536 -1.25483e-21)
(-0.328979 0.000561261 0)
(-0.32702 0.000492744 1.26322e-21)
(-0.325157 0.0004288 1.26732e-21)
(-0.323383 0.000369258 -1.27134e-21)
(-0.321701 0.000313795 0)
(-0.320102 0.000262415 0)
(-0.318589 0.000215074 0)
(-0.317152 0.000171551 0)
(-0.315795 0.000131772 -1.29077e-21)
(-0.314508 9.55206e-05 0)
(-0.313295 6.26944e-05 0)
(-0.312145 3.32236e-05 1.30209e-21)
(-0.311063 7.02335e-06 0)
(-0.310036 -1.59438e-05 1.30957e-21)
(-0.309071 -3.57787e-05 -1.3133e-21)
(-0.308153 -5.24479e-05 1.31702e-21)
(-0.30729 -6.61221e-05 0)
(-0.306464 -7.65368e-05 0)
(-0.305688 -8.40365e-05 0)
(-0.304935 -8.85881e-05 1.33193e-21)
(-0.304231 -9.06943e-05 -1.33568e-21)
(-0.303533 -9.00819e-05 0)
(-0.302888 -8.74525e-05 0)
(-0.302224 -8.22711e-05 0)
(-0.301624 -7.53866e-05 0)
(-0.300989 -6.63559e-05 0)
(-0.300387 -5.48251e-05 0)
(-0.29981 -4.6278e-05 0)
(-0.299218 -3.97364e-05 0)
(-0.298596 0.000327999 1.36508e-21)
(-0.300432 0.000581188 -1.37557e-21)
(-0.300825 0.00052832 0)
(-0.302317 0.000447741 0)
(-0.302434 0.000545996 0)
(-0.3029 0.000708827 -1.43015e-21)
(-0.310186 0.000537906 0)
(-0.313682 0.000366538 0)
(-0.306229 0.00033163 0)
(-0.303402 0.000315513 0)
(-0.306699 0.000192739 0)
(-0.30804 7.38008e-05 -3.09733e-21)
(-0.306004 -7.32963e-05 0)
(-0.303896 -0.000264535 0)
(-0.299327 -0.000325798 0)
(-0.296982 -0.000210211 0)
(-0.294291 -8.87165e-05 0)
(-0.294507 -6.43666e-05 0)
(-0.294195 -0.000118702 0)
(-0.294163 -0.000103922 3.07668e-21)
(-0.294142 -0.000182442 0)
(-0.323926 6.86749e-05 0)
(-0.315098 0.000531839 0)
(-0.309806 0.000693028 -3.2391e-21)
(-0.316376 0.000985071 0)
(-0.305675 0.000763979 -3.20583e-21)
(-0.312626 0.000386306 0)
(-0.299678 0.000546292 0)
(-0.295089 0.000618284 0)
(-0.29729 0.00035157 -3.23405e-21)
(-0.296863 0.000205006 0)
(-0.291327 0.000357426 3.2209e-21)
(-0.290993 0.000324477 3.23131e-21)
(-0.290721 2.69566e-05 0)
(-0.312255 -0.000169404 3.49968e-21)
(-0.345961 0.000208162 0)
(-0.323752 0.000724821 0)
(-0.309178 0.000905655 0)
(-0.294307 0.00071659 -3.27768e-21)
(-0.298987 0.0001132 0)
(-0.292018 -0.000128937 -3.2967e-21)
(-0.288432 0.000120723 3.27016e-21)
(-0.288072 1.5762e-05 0)
(-0.29548 -0.000243367 0)
(-0.339154 7.83851e-05 0)
(-0.314309 0.000882882 0)
(-0.290594 0.000933313 0)
(-0.29572 0.000343399 0)
(-0.285744 -2.36045e-05 0)
(-0.329623 0.000392764 -3.69251e-21)
(-0.311519 0.000910936 0)
(-0.284054 0.00119106 0)
(-0.291401 0.00173758 0)
(-0.282108 0.00161215 0)
(-0.281198 0.000800148 0)
(-0.280943 -8.68687e-05 0)
(-0.280117 -0.00045383 0)
(-0.305084 0.000403645 0)
(-0.282344 0.000727125 0)
(-0.277736 0.000245658 0)
(-0.276928 0.000788596 0)
(-0.27561 0.0013894 0)
(-0.274302 0.00130113 -5.82622e-21)
(-0.273209 0.000479924 0)
(-0.272412 -0.000275682 0)
(-0.284105 -0.000439513 0)
(-0.303974 7.49378e-05 6.37801e-21)
(-0.279912 0.000772406 0)
(-0.268369 0.000593658 0)
(-0.267396 6.36377e-05 5.31678e-21)
(-0.271775 -0.000147089 0)
(-0.282011 0.000455951 -5.47132e-21)
(-0.263452 0.000746412 0)
(-0.282828 0.000373754 0)
(-0.290518 0.00102254 0)
(-0.259529 0.000988389 4.47798e-21)
(-0.282396 0.00103728 0)
(-0.256966 0.000868254 -4.12447e-21)
(-0.277711 0.000842888 0)
(-0.254326 0.000717675 0)
(-0.271421 0.000827776 0)
(-0.251326 0.00121916 0)
(-0.249718 0.000409401 0)
(-0.253477 -6.18352e-05 0)
(-0.25559 0.000615378 0)
(-0.276435 0.000760556 0)
(-0.270268 0.000175376 0)
(-0.248269 0.00103921 0)
(-0.238021 0.00196559 0)
(-0.236182 0.00208221 -1.5056e-21)
(-0.2345 0.00184471 1.2162e-21)
(-0.232736 0.00126007 0)
(-0.231143 0.000302647 0)
(-0.228785 6.39413e-05 0)
(-0.236972 0.00022546 0)
(-0.23959 0.000815653 -4.13102e-22)
(-0.222903 0.000509084 7.44072e-22)
(-0.220247 -0.000807373 -1.17826e-21)
(-0.217754 -0.000402425 0)
(-0.214252 0.000711947 -1.99611e-21)
(-0.212077 0.00109547 -4.68841e-21)
(-0.209577 8.44053e-05 0)
(-0.205993 0.000827846 -6.46952e-21)
(-0.206037 0.00117371 7.02006e-21)
(-0.203862 -4.64444e-05 0)
(-0.200507 0.000491073 0)
(-0.198666 0.00088399 0)
(-0.196691 0.00132655 0)
(-0.200158 0.00123959 0)
(-0.193173 0.000369335 -1.32488e-20)
(-0.190238 0.00134239 0)
(-0.193518 0.00139491 -1.52624e-20)
(-0.188153 0.000562753 0)
(-0.187654 0.00172525 0)
(-0.186712 0.00195075 0)
(-0.185006 0.000969281 0)
(-0.181688 0.00015126 0)
(-0.176471 -0.000115261 2.37189e-20)
(-0.172285 0.000314535 0)
(-0.169563 0.000811351 0)
(-0.167446 0.000820105 -2.81025e-20)
(-0.165516 0.000786375 0)
(-0.164227 0.000673057 0)
(-0.162344 0.000383256 0)
(-0.159071 0.000260127 3.45217e-20)
(-0.154015 0.000197867 0)
(-0.146316 0.000362571 0)
(-0.135944 0.000765271 0)
(-0.123441 0.00127914 0)
(-0.110273 0.00163393 -6.18588e-20)
(-0.0977927 0.0016903 0)
(-0.0870595 0.00149798 0)
(-0.0779738 0.00122184 0)
(-0.0708004 0.00105933 9.82265e-20)
(-0.0622547 0.00107572 0)
(-0.0584681 0.00154975 0)
(-0.0312603 0.00135947 -1.41369e-19)
(-0.0627507 0.000207057 6.01853e-36)
(-0.0952868 0.00531378 1.20192e-17)
(-0.117591 0.00956064 2.16218e-17)
(-0.129474 0.012015 2.03526e-17)
(-0.136475 0.013356 1.95765e-17)
(-0.141743 0.0141744 1.89494e-17)
(-0.14587 0.0147574 -1.84205e-17)
(-0.148907 0.0151754 -1.79319e-17)
(-0.15126 0.0154735 0)
(-0.153417 0.0157018 -3.41898e-17)
(-0.155679 0.0159201 -1.66734e-17)
(-0.158031 0.0161413 -2.40741e-35)
(-0.160602 0.0163686 -1.20371e-35)
(-0.163567 0.0166233 -3.05508e-17)
(-0.167091 0.0169206 -2.93798e-17)
(-0.171224 0.0172779 -2.80284e-17)
(-0.176094 0.0176996 0)
(-0.181678 0.0181947 4.94027e-17)
(-0.188182 0.0187709 2.2663e-17)
(-0.195392 0.0194246 1.20371e-35)
(-0.204032 0.020198 -3.53081e-17)
(-0.212437 0.0209869 -1.24037e-20)
(-0.22565 0.0221254 0)
(-0.230402 0.0228654 1.32868e-17)
(-0.255185 0.024418 -6.94618e-18)
)
;
    }
    lowerWall
    {
        type            calculated;
        value           nonuniform List<vector> 
250
(
(-0.623785 -0.00582103 0)
(-0.594981 -0.00975205 0)
(-0.670977 -0.0127738 0)
(-0.574238 -0.0100059 0)
(-0.58977 -0.0102095 0)
(-0.526824 -0.00895466 0)
(-0.482236 -0.00592268 0)
(-0.536469 -0.00489927 0)
(-0.573772 -0.00442429 0)
(-0.583041 -0.00389553 0)
(-0.532625 -0.00276172 0)
(-0.537177 -0.00287496 0)
(-0.484779 -0.00324441 0)
(-0.426235 -0.00220539 0)
(-0.422989 -0.000685327 0)
(-0.463453 0.000387083 0)
(-0.452799 0.000944404 0)
(-0.480893 0.000696256 0)
(0.00207555 0.000256201 0)
(0.002322 -0.00251237 0)
(0.0025998 -0.00538726 0)
(0.00298153 -0.00845662 1.15181e-19)
(0.00343395 -0.0115679 -9.68312e-20)
(0.00384742 -0.0153948 8.60646e-20)
(0.00362384 -0.01601 -7.65086e-20)
(0.00822093 -0.0348795 0)
(-0.0466829 -0.105583 0)
(0.000216976 -0.000264733 0)
(6.21349e-05 -0.00076413 0)
(-3.87073e-06 -0.000850242 0)
(5.36125e-05 -0.000846381 0)
(3.02277e-05 -0.00080552 1.55134e-19)
(-0.000137163 -0.000247398 -1.51147e-19)
(-0.000549277 0.00114629 0)
(-0.00111892 0.00373606 -1.75839e-19)
(-0.00149105 0.0070483 1.34912e-19)
(-0.00145364 0.0101994 0)
(-0.00108573 0.0125487 0)
(-0.000573545 0.0138063 0)
(-7.43359e-05 0.0139333 0)
(0.00032258 0.0130985 0)
(0.000650937 0.011586 0)
(0.000971281 0.00944169 0)
(0.00132357 0.00670397 0)
(0.00172455 0.00341899 0)
(-0.000137557 -0.000268728 0)
(0.000164297 -0.000433536 0)
(0.00046515 -0.000484133 0)
(0.000774892 -0.000416482 0)
(0.00102089 -0.000189838 -0)
(0.00106483 0.000186872 -0)
(0.000823416 0.000640247 1.46625e-20)
(0.000322233 0.00106605 -1.6578e-20)
(-0.000371875 0.00137616 0)
(-0.00116755 0.00153271 -9.53341e-21)
(-0.00198873 0.00154765 0)
(-0.00277211 0.00144991 0)
(-0.0034735 0.0012747 0)
(-0.0040681 0.00105187 4.69321e-21)
(-0.00454449 0.000801898 0)
(-0.00489831 0.000536384 0)
(-0.00512701 0.000263628 -4.06861e-21)
(-0.00523491 -2.1861e-05 -0)
(-0.00519801 -0.000317451 0)
(-0.00501477 -0.000602256 -0)
(-0.00469417 -0.000856494 4.37505e-21)
(-0.00424794 -0.00106051 -0)
(-0.00369401 -0.00119388 5.17485e-21)
(-0.00305948 -0.00123809 0)
(-0.00238171 -0.00117998 -0)
(-0.00170863 -0.00101773 8.35993e-21)
(-0.00109543 -0.000768326 0)
(-0.000595939 -0.000475044 -1.37211e-20)
(-0.000240855 -0.000204739 0)
(-1.66141e-05 -1.51065e-05 2.3782e-20)
(0.000123496 9.65092e-05 0)
(0.000204999 0.000186734 0)
(0.000200245 0.00029152 0)
(9.71256e-05 0.000432656 0)
(-0.00013414 0.000621458 0)
(-0.000521972 0.000824208 -1.51126e-20)
(-0.00105317 0.000969592 0)
(-0.0016479 0.000984252 1.80459e-20)
(-0.00219219 0.000850671 0)
(-0.00258858 0.000610264 -1.42836e-20)
(-0.00279236 0.000344037 0)
(-0.00282722 0.000125377 0)
(-0.00274645 2.7777e-06 1.40294e-20)
(-0.00262458 -3.88701e-07 0)
(-0.00252901 0.000116776 1.45242e-20)
(-0.00247793 0.000308009 -1.46027e-20)
(-0.00242473 0.000456734 0)
(-0.00225333 0.000333552 -1.55633e-20)
(-0.00172253 -0.000240204 -1.78153e-20)
(-0.00059048 -0.000994354 0)
(0.00112794 -0.00163006 0)
(0.00300669 -0.00224573 0)
(0.00512703 -0.00284394 0)
(0.00744443 -0.00337164 -0)
(0.00991359 -0.00377954 3.55321e-21)
(0.012464 -0.00392008 0)
(0.0158869 -0.00406021 -2.98166e-21)
(0.018196 -0.00380715 -0)
(0.0200109 -0.00347009 -0)
(0.0227652 -0.00331619 2.30098e-21)
(0.023973 -0.00297569 0)
(0.0266387 -0.00284963 -2.04088e-21)
(0.0292581 -0.00261653 -0)
(0.0295357 -0.00224788 0)
(0.032128 -0.00215172 -0)
(0.034027 -0.00198543 1.83295e-21)
(0.0359565 -0.0018546 0)
(0.0377697 -0.00173484 -0)
(0.0395325 -0.00162839 1.7852e-21)
(0.0412195 -0.0015339 0)
(0.0428563 -0.00144974 1.76326e-21)
(0.0444383 -0.00137418 0)
(0.0459765 -0.00130607 0)
(0.0474697 -0.00124386 0)
(0.048926 -0.00118659 -1.73105e-21)
(0.0503424 -0.0011332 -0)
(0.0517259 -0.00108306 0)
(0.0530729 -0.0010355 -1.71046e-21)
(0.0543886 -0.000989996 -1.70365e-21)
(0.0556697 -0.00094626 -0)
(0.05692 -0.000903847 -1.68952e-21)
(0.0581364 -0.000862743 0)
(0.0593222 -0.000822397 -3.34884e-21)
(0.0604736 -0.000782914 -0)
(0.0615935 -0.00074389 -3.31596e-21)
(0.0626785 -0.00070551 -0)
(0.0637309 -0.000667328 3.27998e-21)
(0.0647478 -0.000629581 0)
(0.0657309 -0.000591712 0)
(0.0666772 -0.000553442 0)
(0.0675865 -0.000514425 -3.19677e-21)
(0.0684562 -0.000474562 -0)
(0.0692856 -0.000433523 3.14858e-21)
(0.0700722 -0.00039106 0)
(0.0708148 -0.00034672 -3.09579e-21)
(0.0715106 -0.000300158 -3.06767e-21)
(0.0721569 -0.000251233 -3.03838e-21)
(0.072751 -0.000200273 -0)
(0.0732908 -0.000148265 0)
(0.0737749 -9.72072e-05 0)
(0.0742036 -5.05004e-05 0)
(0.0745825 -1.12764e-05 0)
(0.0749152 2.34448e-05 0)
(0.0752036 5.80202e-05 0)
(0.0754456 9.21163e-05 0)
(0.075642 0.000126363 2.71743e-21)
(0.0757913 0.000160514 2.67327e-21)
(0.0758935 0.000194825 0)
(0.0759472 0.000228978 0)
(0.0759525 0.000263156 0)
(0.0759085 0.000297008 2.47601e-21)
(0.0758156 0.000330731 0)
(0.0756731 0.000364088 0)
(0.0754809 0.000397152 0)
(0.0752393 0.000429739 0)
(0.0749478 0.000461905 -2.17814e-21)
(0.0746072 0.00049342 0)
(0.0742176 0.000524387 0)
(0.0737795 0.000554698 1.96943e-21)
(0.0732932 0.000584313 -1.89461e-21)
(0.0727593 0.000613164 0)
(0.0721787 0.000641179 -1.73688e-21)
(0.0715521 0.000668495 0)
(0.0708799 0.000694823 1.56819e-21)
(0.070164 0.000720369 0)
(0.0694044 0.000744981 0)
(0.0686028 0.000768735 0)
(0.0677603 0.000791366 0)
(0.0668816 0.000813048 0)
(0.0659641 0.000833774 -1.98951e-21)
(0.0649958 0.000853208 -1.77787e-21)
(0.0640121 0.000871912 0)
(0.0629652 0.00088908 0)
(0.0619062 0.000904141 0)
(0.0608074 0.000915925 8.72434e-22)
(0.0596861 0.000921605 0)
(0.0585359 0.00091899 0)
(0.0573619 0.000911459 0)
(0.0561568 0.000915516 -1.33194e-22)
(0.0549235 0.00092861 4.02261e-22)
(0.0536621 0.000938347 0)
(0.0523783 0.000947309 0)
(0.0510727 0.000955406 1.25663e-21)
(0.0497472 0.000962745 1.55826e-21)
(0.048403 0.000969395 0)
(0.0470415 0.000975483 0)
(0.0456634 0.000980976 -2.51982e-21)
(0.0442706 0.000985939 2.86107e-21)
(0.0428643 0.00099051 0)
(0.0414452 0.000994765 0)
(0.0400145 0.000998634 3.95605e-21)
(0.0385734 0.0010021 0)
(0.0371233 0.00100517 0)
(0.0356651 0.00100787 5.17481e-21)
(0.0342002 0.00101024 0)
(0.0327298 0.00101245 6.06959e-21)
(0.0312548 0.00101457 0)
(0.0297762 0.00101678 0)
(0.0282942 0.00101913 0)
(0.0268101 0.00102176 -8.10787e-21)
(0.0253233 0.00102478 0)
(0.0238343 0.00102823 0)
(0.0223429 0.00103209 0)
(0.0208494 0.0010364 0)
(0.0193537 0.00104115 0)
(0.017856 0.00104642 0)
(0.0163565 0.00105229 -1.28725e-20)
(0.014855 0.00105888 -1.37384e-20)
(0.0133515 0.00106628 0)
(0.0118457 0.00107452 0)
(0.0103373 0.00108351 0)
(0.0088264 0.00109294 1.79371e-20)
(0.00731362 0.0011023 0)
(0.00580063 0.00111124 -4.1285e-20)
(0.0042909 0.00111786 4.44071e-20)
(0.00279179 0.00111748 4.78626e-20)
(0.0013126 0.00109944 -5.16941e-20)
(-7.21465e-05 0.00105719 5.40531e-20)
(-0.00161071 0.00090697 -5.33153e-20)
(-0.00199989 0.000545114 0)
(-0.00395714 0.00120267 -3.16126e-18)
(-0.0069718 0.000985773 -2.85277e-18)
(-0.00996113 0.00065789 0)
(-0.013082 0.000348167 -4.82472e-18)
(-0.0164231 1.76177e-05 -8.9524e-18)
(-0.0199819 -0.000333988 -4.1694e-18)
(-0.0237699 -0.000706933 3.89501e-18)
(-0.0278073 -0.00110475 1.80556e-35)
(-0.0321192 -0.00153025 -3.00927e-36)
(-0.0367227 -0.00198641 3.2115e-18)
(-0.0416342 -0.00247998 3.01691e-18)
(-0.0468741 -0.00297343 6.01853e-36)
(-0.0524474 -0.00348315 0)
(-0.0584089 -0.00406599 0)
(-0.0648191 -0.00471545 -9.79892e-35)
(-0.0716861 -0.00542133 4.85244e-35)
(-0.0791484 -0.00618269 7.52316e-35)
(-0.0870857 -0.00700529 -3.7266e-18)
(-0.0960247 -0.00789739 -3.39401e-18)
(-0.105098 -0.00886518 6.01853e-36)
(-0.116604 -0.0099277 5.33795e-18)
(-0.126188 -0.0110953 8.85971e-18)
(-0.143509 -0.0123265 6.01853e-36)
(-0.150975 -0.013832 -4.2715e-18)
(-0.185423 -0.0161693 -9.0278e-36)
)
;
    }
    frontAndBack
    {
        type            empty;
    }
}


// ************************************************************************* //
