/*--------------------------------*- C++ -*----------------------------------*\
  =========                 |
  \\      /  F ield         | OpenFOAM: The Open Source CFD Toolbox
   \\    /   O peration     | Website:  https://openfoam.org
    \\  /    A nd           | Version:  8
     \\/     M anipulation  |
\*---------------------------------------------------------------------------*/
FoamFile
{
    version     2.0;
    format      ascii;
    class       volVectorField;
    location    "900";
    object      wallShearStress;
}
// * * * * * * * * * * * * * * * * * * * * * * * * * * * * * * * * * * * * * //

dimensions      [0 2 -2 0 0 0 0];

internalField   uniform (0 0 0);

boundaryField
{
    inlet
    {
        type            calculated;
        value           uniform (0 0 0);
    }
    outlet
    {
        type            calculated;
        value           uniform (0 0 0);
    }
    upperWall
    {
        type            calculated;
        value           nonuniform List<vector> 
223
(
(-0.444059 0.00269548 0)
(-0.434051 0.0047757 0)
(-0.464776 0.00627956 0)
(-0.483801 0.00721942 0)
(-0.486665 0.00751222 0)
(-0.481964 0.00737472 0)
(-0.471397 0.0069452 0)
(-0.459932 0.00640883 0)
(-0.4483 0.00582488 0)
(-0.436362 0.0052261 0)
(-0.425162 0.00465387 0)
(-0.414858 0.00412246 0)
(-0.405506 0.00363761 0)
(-0.397089 0.00319978 0)
(-0.389553 0.00280837 0)
(-0.382835 0.00246601 0)
(-0.376808 0.00217517 0)
(-0.371447 0.0019871 0)
(-0.367173 0.00187387 0)
(-0.363808 0.00179702 5.96941e-22)
(-0.36053 0.00170174 0)
(-0.357347 0.00159806 0)
(-0.354257 0.00149106 0)
(-0.351262 0.00138376 6.08318e-22)
(-0.348372 0.00127721 0)
(-0.345585 0.00117373 0)
(-0.342905 0.00107337 0)
(-0.34033 0.000977403 -1.23634e-21)
(-0.337862 0.000885344 1.24093e-21)
(-0.335497 0.0007981 1.24541e-21)
(-0.333238 0.000715108 0)
(-0.331079 0.000637039 -1.25406e-21)
(-0.329022 0.000563248 0)
(-0.32706 0.000494248 1.26238e-21)
(-0.325196 0.0004297 1.26643e-21)
(-0.323421 0.000369598 -1.27042e-21)
(-0.321739 0.000313647 0)
(-0.32014 0.000261799 0)
(-0.318629 0.000214148 0)
(-0.317193 0.000170469 0)
(-0.315838 0.000130547 -1.28955e-21)
(-0.314553 9.44392e-05 0)
(-0.313341 6.19363e-05 0)
(-0.312191 3.28204e-05 1.30059e-21)
(-0.311109 7.11046e-06 0)
(-0.310082 -1.53443e-05 1.30785e-21)
(-0.309113 -3.46135e-05 -1.31145e-21)
(-0.308194 -5.07414e-05 1.31504e-21)
(-0.307323 -6.40559e-05 0)
(-0.306497 -7.41609e-05 0)
(-0.305708 -8.16822e-05 0)
(-0.30496 -8.61511e-05 1.32921e-21)
(-0.304238 -8.85453e-05 -1.33268e-21)
(-0.303547 -8.84005e-05 0)
(-0.302886 -8.65932e-05 0)
(-0.302233 -8.22772e-05 0)
(-0.301619 -7.67074e-05 0)
(-0.300998 -6.8939e-05 0)
(-0.300399 -5.94216e-05 0)
(-0.29982 -4.92113e-05 0)
(-0.299212 -3.52725e-05 0)
(-0.298607 -1.69724e-05 1.359e-21)
(-0.298089 -4.99885e-06 -1.36066e-21)
(-0.29712 -0.000140833 0)
(-0.32547 0.000412864 0)
(-0.326215 0.0012769 0)
(-0.334546 0.00150691 -1.52907e-21)
(-0.343964 0.00162478 0)
(-0.349002 0.00167921 0)
(-0.361342 0.00169412 0)
(-0.34043 0.00094946 0)
(-0.342232 0.000105552 0)
(-0.33414 -0.000350555 -3.2528e-21)
(-0.322122 -0.000679435 0)
(-0.309744 -0.000733637 0)
(-0.303816 -0.000650329 0)
(-0.297103 -0.000519089 0)
(-0.294753 -0.000619269 0)
(-0.322389 -0.000116414 0)
(-0.313805 0.000391473 0)
(-0.314478 1.32472e-05 3.27203e-21)
(-0.306766 -0.000154282 0)
(-0.300773 -0.000109443 0)
(-0.297617 -1.21014e-05 0)
(-0.296121 6.40465e-06 -3.17944e-21)
(-0.293878 4.33685e-05 0)
(-0.293839 0.00011011 -3.19708e-21)
(-0.293735 0.000318642 0)
(-0.293556 0.000225715 0)
(-0.293491 2.08204e-05 0)
(-0.341551 0.000108194 -3.78605e-21)
(-0.360978 -1.56198e-05 0)
(-0.339379 -9.09141e-05 3.76963e-21)
(-0.365533 0.000623964 4.06087e-21)
(-0.338179 0.000808271 0)
(-0.31866 0.000774508 3.5283e-21)
(-0.305858 0.000823239 0)
(-0.303363 0.000379443 0)
(-0.297336 0.000156221 0)
(-0.290708 0.000387217 -3.26313e-21)
(-0.290192 0.000496432 0)
(-0.289761 0.000428794 -3.26309e-21)
(-0.290328 0.00038643 3.28454e-21)
(-0.28901 -1.93145e-05 0)
(-0.303777 -0.00017731 0)
(-0.342206 0.000183091 0)
(-0.358523 0.000132716 0)
(-0.357547 0.000422877 0)
(-0.324805 0.00108744 0)
(-0.306634 0.0010868 0)
(-0.285583 0.00076261 -3.17674e-21)
(-0.285104 0.000865437 0)
(-0.288531 0.00126283 0)
(-0.283574 0.000966093 0)
(-0.282991 0.000865356 0)
(-0.282935 0.00112211 0)
(-0.28121 0.00091629 0)
(-0.280406 0.000294617 0)
(-0.279907 -0.000313734 0)
(-0.318204 7.68436e-05 0)
(-0.290018 0.000306749 0)
(-0.278179 -9.46653e-05 0)
(-0.318863 0.000401562 0)
(-0.296539 0.000962037 -6.28549e-21)
(-0.275487 0.000553579 0)
(-0.274615 5.96642e-05 0)
(-0.303947 0.000500105 0)
(-0.283313 0.000935768 5.76859e-21)
(-0.271165 0.000884657 0)
(-0.269752 0.000599374 0)
(-0.26862 0.000193216 5.28869e-21)
(-0.28482 0.000789192 0)
(-0.26587 0.000849685 -5.02727e-21)
(-0.286775 0.000224559 0)
(-0.286217 0.000162209 0)
(-0.290183 0.000863151 0)
(-0.260198 0.000874273 4.47759e-21)
(-0.282226 0.000973593 0)
(-0.257361 0.000850345 -4.12672e-21)
(-0.277597 0.000856149 0)
(-0.254518 0.00074555 0)
(-0.271251 0.000857416 0)
(-0.25141 0.00123831 0)
(-0.249843 0.000465096 0)
(-0.25348 0.00048256 0)
(-0.246615 0.000532467 0)
(-0.247598 0.000533183 0)
(-0.243189 0.00158656 0)
(-0.241462 0.00225508 0)
(-0.240015 0.00207594 0)
(-0.237924 0.00176878 -1.47434e-21)
(-0.235534 0.00126234 1.22634e-21)
(-0.233532 0.000138859 0)
(-0.230931 -9.86305e-06 0)
(-0.245864 0.000117867 0)
(-0.246407 0.000654863 0)
(-0.22526 0.000391321 -3.59992e-22)
(-0.222653 -0.00084708 7.71678e-22)
(-0.219507 -0.000745799 -1.17994e-21)
(-0.216036 -0.000375956 0)
(-0.212984 -0.000156238 -1.96476e-21)
(-0.210401 -0.000169467 -4.72049e-21)
(-0.207276 0.000226924 0)
(-0.204154 0.00118527 -6.42501e-21)
(-0.202935 0.00154783 7.0424e-21)
(-0.213385 0.00187852 0)
(-0.20198 0.00213847 0)
(-0.201695 0.00183242 0)
(-0.200559 0.00145181 0)
(-0.198234 0.00109598 0)
(-0.196341 0.00066184 -1.29905e-20)
(-0.191411 0.000204195 0)
(-0.188522 0.00104047 -1.54177e-20)
(-0.192578 0.00144073 0)
(-0.187996 0.000867659 0)
(-0.187797 -0.00046849 0)
(-0.183358 -0.000394889 0)
(-0.182506 0.00101741 0)
(-0.179603 0.000464095 2.26013e-20)
(-0.176818 0.000570086 0)
(-0.175869 0.00105412 0)
(-0.176252 0.0010329 -2.56783e-20)
(-0.175966 0.000749456 0)
(-0.174525 0.000613043 0)
(-0.171946 0.000483947 0)
(-0.167728 0.000269187 3.22776e-20)
(-0.161278 0.000181003 0)
(-0.152208 0.000349562 0)
(-0.140441 0.000749643 0)
(-0.126618 0.0012656 0)
(-0.112083 0.00164949 -6.09168e-20)
(-0.0986242 0.00169799 0)
(-0.0871027 0.00151488 0)
(-0.077718 0.00120475 0)
(-0.0704118 0.00105612 9.78768e-20)
(-0.0618529 0.00106948 0)
(-0.0580814 0.00155344 0)
(-0.0308304 0.00136743 -1.41028e-19)
(-0.0623506 0.000191991 6.01853e-36)
(-0.0947633 0.00529421 1.1984e-17)
(-0.116978 0.00952215 2.15565e-17)
(-0.128817 0.0119601 2.02947e-17)
(-0.135816 0.0132934 1.95176e-17)
(-0.141069 0.0141099 1.88927e-17)
(-0.145195 0.0146922 -1.83673e-17)
(-0.148167 0.0151092 -1.78858e-17)
(-0.150517 0.0154006 -6.01853e-36)
(-0.152615 0.0156289 -3.4124e-17)
(-0.154892 0.0158418 -1.66502e-17)
(-0.157189 0.0160652 8.78706e-34)
(-0.159818 0.0162881 0)
(-0.162774 0.0165501 -3.05221e-17)
(-0.166378 0.0168481 -2.93736e-17)
(-0.17051 0.017214 -2.80134e-17)
(-0.175455 0.0176375 -2.40741e-35)
(-0.18105 0.0181391 4.94028e-17)
(-0.187628 0.0187179 2.26832e-17)
(-0.194875 0.0193771 1.20371e-35)
(-0.203586 0.0201548 -3.53527e-17)
(-0.212071 0.0209497 -1.24268e-20)
(-0.225335 0.0220957 0)
(-0.230144 0.0228387 1.32968e-17)
(-0.255006 0.0244008 -6.95215e-18)
)
;
    }
    lowerWall
    {
        type            calculated;
        value           nonuniform List<vector> 
250
(
(-0.623824 -0.00622771 0)
(-0.59373 -0.0104998 0)
(-0.566047 -0.0106645 0)
(-0.544662 -0.0101857 0)
(-0.515405 -0.00872129 0)
(-0.565711 -0.00769688 0)
(-0.55454 -0.00612414 0)
(-0.576394 -0.00608696 0)
(-0.511585 -0.00573934 0)
(-0.44471 -0.00442075 0)
(-0.436774 -0.00368207 0)
(-0.429815 -0.00275564 0)
(-0.424592 -0.00111295 0)
(-0.454761 -6.76654e-05 0)
(-0.460347 0.000318843 0)
(-0.443485 0.000588867 0)
(-0.461839 -0.000130427 0)
(-0.42552 -0.000361578 0)
(0.00206669 0.000309908 0)
(0.00231644 -0.00246074 0)
(0.0025959 -0.00534173 0)
(0.00294167 -0.00841952 1.16543e-19)
(0.00329582 -0.0115142 -9.87111e-20)
(0.00357953 -0.0151877 8.80565e-20)
(0.00360353 -0.0152588 -7.87143e-20)
(0.00952387 -0.0348385 0)
(-0.0457753 -0.107226 0)
(0.000218224 -0.000269829 0)
(5.93168e-05 -0.000777168 0)
(-7.00794e-06 -0.000864216 0)
(5.33911e-05 -0.000861883 0)
(3.16895e-05 -0.000829958 1.54939e-19)
(-0.000136669 -0.000279768 -1.51377e-19)
(-0.000555693 0.00111182 0)
(-0.00113678 0.00372508 -1.75663e-19)
(-0.00151682 0.00708138 1.34436e-19)
(-0.00147939 0.0102766 0)
(-0.00110595 0.0126563 0)
(-0.000587304 0.0139272 0)
(-8.28665e-05 0.0140546 0)
(0.000316857 0.0132116 0)
(0.00064804 0.0116883 0)
(0.000970431 0.00953008 0)
(0.00132248 0.00677648 0)
(0.00171897 0.00348038 0)
(-0.000140459 -0.000272727 0)
(0.000166752 -0.000439956 0)
(0.000471808 -0.00049138 0)
(0.000787416 -0.00042364 0)
(0.00103916 -0.000194892 -0)
(0.0010866 0.000185531 -0)
(0.000845345 0.000642972 1.45291e-20)
(0.000342476 0.00107371 -1.65352e-20)
(-0.000356742 0.00138925 0)
(-0.00116025 0.00154931 -9.51412e-21)
(-0.00199021 0.00156586 0)
(-0.00278264 0.00146818 0)
(-0.00349247 0.0012919 0)
(-0.00409468 0.0010674 4.66014e-21)
(-0.00457768 0.000815446 0)
(-0.00493713 0.000547885 0)
(-0.00517056 0.000272982 -4.03426e-21)
(-0.00528214 -1.45715e-05 -0)
(-0.00524861 -0.000312636 0)
(-0.00506737 -0.000600889 -0)
(-0.00474702 -0.000859223 4.33231e-21)
(-0.0042993 -0.00106784 -0)
(-0.00374184 -0.00120612 5.11914e-21)
(-0.0031015 -0.00125527 0)
(-0.00241527 -0.00120136 -0)
(-0.00173098 -0.0010415 8.26514e-21)
(-0.00110431 -0.000791139 0)
(-0.000590811 -0.000492637 -1.36201e-20)
(-0.00022419 -0.000214461 0)
(8.19114e-06 -1.94187e-05 2.36072e-20)
(0.00015505 9.3277e-05 0)
(0.00024318 0.000181809 0)
(0.000247868 0.000284895 0)
(0.000152822 0.000425157 0)
(-7.00173e-05 0.000613782 0)
(-0.000450488 0.000818844 -1.57299e-20)
(-0.000978096 0.000969534 0)
(-0.00157478 0.00098976 1.84428e-20)
(-0.00212664 0.000859868 0)
(-0.00253355 0.000618734 -1.44174e-20)
(-0.00274672 0.000346409 0)
(-0.00278559 0.000118414 0)
(-0.00270245 -1.36901e-05 1.411e-20)
(-0.00257221 -2.58769e-05 0)
(-0.00246439 8.46665e-05 1.46552e-20)
(-0.00240159 0.000272826 -1.47601e-20)
(-0.00234248 0.000422169 0)
(-0.00217245 0.000301915 -1.57039e-20)
(-0.001645 -0.000287374 -1.79315e-20)
(-0.000472833 -0.00102881 0)
(0.00127189 -0.00160454 0)
(0.00311079 -0.00219351 0)
(0.00518464 -0.00285155 0)
(0.00749027 -0.00344997 -0)
(0.00996479 -0.00382436 3.47103e-21)
(0.0124889 -0.00393159 0)
(0.0149473 -0.0038753 -2.76479e-21)
(0.0173207 -0.00371933 -0)
(0.0208161 -0.00369085 -0)
(0.023006 -0.00337235 2.34049e-21)
(0.0238336 -0.00293374 0)
(0.025427 -0.00265781 -1.96562e-21)
(0.0277274 -0.00246325 -0)
(0.0299345 -0.00229606 0)
(0.0320671 -0.00214966 -0)
(0.034075 -0.00200081 1.83518e-21)
(0.0359823 -0.00186762 0)
(0.037817 -0.00174667 -0)
(0.0395867 -0.00164055 1.78611e-21)
(0.041278 -0.00154561 0)
(0.0429284 -0.00146149 1.7643e-21)
(0.0445141 -0.00138575 0)
(0.0460634 -0.00131753 0)
(0.0475627 -0.00125508 0)
(0.0490275 -0.00119754 -1.73244e-21)
(0.0504507 -0.0011438 -0)
(0.0518408 -0.00109336 0)
(0.0531945 -0.00104535 -1.71241e-21)
(0.0545157 -0.000999399 -1.70585e-21)
(0.0558026 -0.000955026 -0)
(0.0570572 -0.000912014 -1.69235e-21)
(0.0582785 -0.000869972 0)
(0.0594669 -0.000828832 -3.35606e-21)
(0.0606221 -0.000788261 -0)
(0.0617432 -0.00074826 -3.32503e-21)
(0.0628308 -0.000708571 -0)
(0.0638832 -0.000669021 3.29099e-21)
(0.0649003 -0.000629451 0)
(0.0658805 -0.000589653 0)
(0.066823 -0.000549578 0)
(0.0677269 -0.000508961 -3.21157e-21)
(0.0685906 -0.000467529 -0)
(0.0694127 -0.000424934 3.1654e-21)
(0.0701912 -0.000380857 0)
(0.0709239 -0.000334996 -3.11435e-21)
(0.0716085 -0.000286959 -3.0869e-21)
(0.0722422 -0.000236766 -3.05813e-21)
(0.0728227 -0.000184666 -0)
(0.0733479 -0.000131828 0)
(0.0738167 -8.07813e-05 0)
(0.0742317 -3.57795e-05 0)
(0.0745982 2.13997e-06 0)
(0.0749196 3.68844e-05 0)
(0.0751963 7.11287e-05 0)
(0.0754278 0.000104919 0)
(0.0756138 0.000138607 2.73208e-21)
(0.0757538 0.000172142 2.68655e-21)
(0.0758471 0.000205574 0)
(0.0758931 0.000238777 0)
(0.0758917 0.000271721 0)
(0.0758427 0.000304467 2.48346e-21)
(0.0757451 0.000336848 0)
(0.0755998 0.000368862 0)
(0.0754058 0.000400539 0)
(0.0751636 0.000431845 0)
(0.0748726 0.000462695 -2.18014e-21)
(0.0745335 0.000493096 0)
(0.074146 0.000523015 0)
(0.0737106 0.000552451 1.97041e-21)
(0.0732275 0.000581388 -1.8957e-21)
(0.0726969 0.000609773 0)
(0.0721195 0.000637611 -1.73886e-21)
(0.0714958 0.000664911 0)
(0.0708259 0.000691612 1.57185e-21)
(0.0701114 0.000717675 0)
(0.0693526 0.000743189 0)
(0.0685502 0.000767982 0)
(0.0677059 0.000792034 0)
(0.0668231 0.000815159 0)
(0.0659001 0.000837795 -2.01109e-21)
(0.0649229 0.00085908 -1.8015e-21)
(0.0639286 0.000879702 0)
(0.0628672 0.000898639 0)
(0.0617938 0.000915278 0)
(0.0606797 0.000928292 9.00987e-22)
(0.05954 0.000934737 0)
(0.0583715 0.000932822 0)
(0.0571754 0.000928508 0)
(0.0559471 0.000935617 -1.08018e-22)
(0.0546899 0.000949371 3.79444e-22)
(0.0534048 0.00096001 0)
(0.0520977 0.000969527 0)
(0.0507701 0.000978196 1.24444e-21)
(0.0494236 0.000985771 1.55054e-21)
(0.0480602 0.000992542 0)
(0.0466811 0.000998098 0)
(0.0452884 0.0010028 -2.52623e-21)
(0.0438835 0.00100643 2.87192e-21)
(0.0424675 0.00100932 0)
(0.0410413 0.00101131 0)
(0.0396063 0.00101244 3.97798e-21)
(0.0381641 0.00101272 0)
(0.0367161 0.0010123 0)
(0.0352636 0.00101124 5.20111e-21)
(0.0338085 0.00100964 0)
(0.0323516 0.00100778 6.0927e-21)
(0.0308938 0.00100572 0)
(0.0294363 0.00100376 0)
(0.0279792 0.00100199 0)
(0.0265234 0.00100065 -8.10366e-21)
(0.0250685 0.000999853 0)
(0.0236144 0.000999772 0)
(0.0221605 0.00100034 0)
(0.0207066 0.00100173 0)
(0.0192524 0.00100384 0)
(0.0177974 0.00100689 0)
(0.0163413 0.00101084 -1.27257e-20)
(0.0148836 0.00101598 -1.35583e-20)
(0.0134236 0.00102224 0)
(0.0119606 0.00102985 0)
(0.0104939 0.00103854 0)
(0.00902298 0.00104811 1.75794e-20)
(0.00754801 0.00105795 0)
(0.00607034 0.00106771 -4.03221e-20)
(0.0045929 0.00107573 4.32967e-20)
(0.00312266 0.00107754 4.65846e-20)
(0.00167005 0.00106332 -5.0225e-20)
(0.000303709 0.00103091 5.3429e-20)
(-0.00121911 0.000890985 -5.36537e-20)
(-0.0015991 0.000540499 0)
(-0.00354325 0.00122826 -3.17676e-18)
(-0.00652896 0.00101374 -2.86228e-18)
(-0.00949291 0.000693463 0)
(-0.0126084 0.000390204 -4.82948e-18)
(-0.0159554 6.27855e-05 -8.95277e-18)
(-0.0195277 -0.00028746 -4.16641e-18)
(-0.0233374 -0.000660108 3.88981e-18)
(-0.0274028 -0.00105873 -1.80556e-35)
(-0.0317508 -0.00148572 3.00927e-36)
(-0.0363934 -0.00194451 3.20403e-18)
(-0.0413492 -0.00244063 3.00956e-18)
(-0.0466361 -0.00294052 3.00927e-36)
(-0.0522579 -0.00345507 0)
(-0.0582683 -0.00403986 0)
(-0.0647239 -0.00469247 1.41059e-37)
(-0.0716376 -0.00540258 1.44351e-35)
(-0.0791465 -0.00616892 1.26389e-34)
(-0.0871292 -0.00699674 -3.72284e-18)
(-0.0961121 -0.00789414 -3.39186e-18)
(-0.105225 -0.00886697 1.20371e-35)
(-0.116773 -0.00993486 5.33843e-18)
(-0.126391 -0.0111067 8.86215e-18)
(-0.143743 -0.0123426 -6.01853e-36)
(-0.151253 -0.0138516 -4.27463e-18)
(-0.18567 -0.0161968 -1.80556e-35)
)
;
    }
    frontAndBack
    {
        type            empty;
    }
}


// ************************************************************************* //
