/*--------------------------------*- C++ -*----------------------------------*\
  =========                 |
  \\      /  F ield         | OpenFOAM: The Open Source CFD Toolbox
   \\    /   O peration     | Website:  https://openfoam.org
    \\  /    A nd           | Version:  8
     \\/     M anipulation  |
\*---------------------------------------------------------------------------*/
FoamFile
{
    version     2.0;
    format      ascii;
    class       volVectorField;
    location    "4200";
    object      wallShearStress;
}
// * * * * * * * * * * * * * * * * * * * * * * * * * * * * * * * * * * * * * //

dimensions      [0 2 -2 0 0 0 0];

internalField   uniform (0 0 0);

boundaryField
{
    inlet
    {
        type            calculated;
        value           uniform (0 0 0);
    }
    outlet
    {
        type            calculated;
        value           uniform (0 0 0);
    }
    upperWall
    {
        type            calculated;
        value           nonuniform List<vector> 
223
(
(-0.582193 -0.392359 0)
(-0.977814 -0.219377 0)
(-0.939336 -0.0567747 0)
(-0.81071 -0.00585788 0)
(-0.734594 0.00331369 0)
(-0.695452 0.00231539 0)
(-0.67094 0.000424309 0)
(-0.6535 -0.00144896 0)
(-0.640541 -0.00256684 0)
(-0.629801 -0.00217396 0)
(-0.620128 -0.0013462 0)
(-0.610876 -0.000985211 0)
(-0.603119 -0.00163203 0)
(-0.597042 -0.00155397 0)
(-0.590603 0.000492272 0)
(-0.584433 0.00098637 0)
(-0.579778 -0.000241679 0)
(-0.575269 0.000870817 0)
(-0.570772 0.00263074 0)
(-0.567432 0.00184027 4.23308e-22)
(-0.564756 0.00123548 0)
(-0.561951 0.00280868 0)
(-0.558577 0.00308049 0)
(-0.55551 0.00260441 4.46758e-22)
(-0.552861 0.00288848 0)
(-0.550044 0.00332084 0)
(-0.547175 0.00352762 0)
(-0.544236 0.0035275 -9.38373e-22)
(-0.541362 0.00306558 9.4655e-22)
(-0.538646 0.00261294 9.56945e-22)
(-0.535973 0.00248509 0)
(-0.533262 0.00219321 -9.78891e-22)
(-0.530612 0.00193283 0)
(-0.527977 0.00173289 1.00184e-21)
(-0.525334 0.00156355 1.01389e-21)
(-0.522682 0.00143379 -1.02643e-21)
(-0.52001 0.00132949 0)
(-0.517323 0.0012472 0)
(-0.514616 0.00118385 0)
(-0.511886 0.00113557 0)
(-0.509128 0.00109918 -1.09104e-21)
(-0.506342 0.0010724 0)
(-0.503523 0.00105349 0)
(-0.500669 0.00104092 1.13112e-21)
(-0.497778 0.00103387 0)
(-0.494844 0.00103129 1.15758e-21)
(-0.491867 0.00103251 -1.17057e-21)
(-0.488841 0.00103677 1.18331e-21)
(-0.485764 0.00104373 0)
(-0.482634 0.00105216 0)
(-0.479448 0.00106108 0)
(-0.47621 0.00106962 1.23081e-21)
(-0.472924 0.00107659 -1.24149e-21)
(-0.469602 0.0010821 0)
(-0.466259 0.00108727 0)
(-0.46291 0.00109266 0)
(-0.459565 0.00109732 0)
(-0.456231 0.00110005 0)
(-0.452907 0.0011002 0)
(-0.449589 0.0010978 0)
(-0.44627 0.00109351 0)
(-0.442938 0.00108838 1.29205e-21)
(-0.439583 0.00108359 -1.29183e-21)
(-0.436194 0.0010799 0)
(-0.43276 0.00107794 0)
(-0.42927 0.00107812 0)
(-0.425715 0.00108033 -1.27846e-21)
(-0.422087 0.00108441 0)
(-0.418379 0.00109021 0)
(-0.414586 0.0010973 0)
(-0.410703 0.00110533 0)
(-0.406726 0.00111382 0)
(-0.402654 0.00112215 -2.43455e-21)
(-0.398486 0.00113 0)
(-0.394222 0.00113665 0)
(-0.389867 0.00114164 0)
(-0.385425 0.00114476 0)
(-0.380906 0.00114591 0)
(-0.376321 0.00114495 0)
(-0.371682 0.00114159 0)
(-0.367 0.00113558 2.09552e-21)
(-0.362287 0.0011267 0)
(-0.35755 0.00111515 0)
(-0.352794 0.00110119 0)
(-0.348021 0.00108536 -1.83988e-21)
(-0.34323 0.00106823 0)
(-0.338421 0.00105034 -1.69046e-21)
(-0.33359 0.00103242 0)
(-0.328731 0.00101536 0)
(-0.323836 0.000999873 0)
(-0.319024 0.000992046 -1.35128e-21)
(-0.316384 0.00100115 0)
(-0.31366 0.00101504 1.18083e-21)
(-0.310855 0.0010297 1.09015e-21)
(-0.307975 0.00104288 0)
(-0.30503 0.00105374 8.9648e-22)
(-0.302033 0.00106254 0)
(-0.298996 0.00106978 0)
(-0.295935 0.0010771 0)
(-0.292863 0.001084 -4.55116e-22)
(-0.289795 0.00109417 0)
(-0.286744 0.00109985 -2.05744e-22)
(-0.28372 0.0011125 7.3749e-23)
(-0.280736 0.00111051 0)
(-0.277793 0.001107 0)
(-0.274924 0.0010986 0)
(-0.272091 0.0010799 0)
(-0.269399 0.00107448 0)
(-0.266738 0.00131802 0)
(-0.26426 0.0013926 0)
(-0.261784 0.000910742 1.14551e-21)
(-0.259312 0.000725307 0)
(-0.257083 0.000900035 0)
(-0.254946 0.00130987 0)
(-0.252811 0.00145701 0)
(-0.250799 0.000935256 0)
(-0.248808 0.000948572 0)
(-0.246931 0.00131861 0)
(-0.245203 0.00122136 0)
(-0.243667 0.00104915 0)
(-0.241717 0.00117086 0)
(-0.240042 0.000575394 0)
(-0.237859 -0.000171102 0)
(-0.235745 -2.44223e-05 7.22538e-21)
(-0.233683 0.000187109 0)
(-0.231748 0.000354908 0)
(-0.230092 0.000450775 0)
(-0.228522 0.000453801 -8.82933e-21)
(-0.226969 0.00038634 0)
(-0.225584 0.000543304 0)
(-0.224132 0.000599921 -1.00651e-20)
(-0.222791 0.00066653 0)
(-0.221385 0.000745247 1.08724e-20)
(-0.21975 0.00101346 0)
(-0.218779 0.00125604 0)
(-0.217828 0.000828753 0)
(-0.216813 0.000423659 -1.25389e-20)
(-0.215369 0.000668583 0)
(-0.214447 0.000737295 1.33573e-20)
(-0.213138 0.000583883 0)
(-0.212244 0.000807701 0)
(-0.211411 0.000179491 0)
(-0.210006 -0.000314678 0)
(-0.20878 -0.000133308 0)
(-0.208002 -1.93676e-05 0)
(-0.207015 0.000223571 0)
(-0.206062 0.000318673 0)
(-0.205305 0.000369359 0)
(-0.204228 0.000730106 0)
(-0.203681 0.000817822 0)
(-0.203478 0.000726417 1.83313e-20)
(-0.20261 0.000583693 -1.88492e-20)
(-0.201991 0.000262874 0)
(-0.201044 0.000451982 0)
(-0.200784 0.000658462 0)
(-0.20019 0.000346478 0)
(-0.199663 5.73337e-05 -2.08836e-20)
(-0.199082 0.000276108 2.13385e-20)
(-0.198758 0.00051702 -2.16134e-20)
(-0.198561 0.000373168 0)
(-0.198136 0.000303947 -2.24163e-20)
(-0.197778 0.000316686 -4.56053e-20)
(-0.197139 0.000145635 0)
(-0.196432 0.000176199 -4.75478e-20)
(-0.196042 0.00034147 4.8135e-20)
(-0.195578 -0.000135394 0)
(-0.194555 -0.000427451 0)
(-0.193845 -0.000248129 0)
(-0.193488 -0.000129839 0)
(-0.193041 -5.37268e-05 0)
(-0.19283 2.33068e-05 -5.33887e-20)
(-0.192162 0.000203528 0)
(-0.191402 0.00018055 -5.5449e-20)
(-0.191299 0.000135211 0)
(-0.190799 0.000268723 0)
(-0.190285 0.000450903 0)
(-0.18977 0.00031666 0)
(-0.189037 0.00011671 0)
(-0.188384 0.000265696 6.1098e-20)
(-0.187826 0.00031751 0)
(-0.187379 0.000488323 0)
(-0.186902 0.000676834 -6.3786e-20)
(-0.186145 0.000624705 0)
(-0.185577 0.000629818 0)
(-0.185047 0.0006253 0)
(-0.183969 0.000473919 6.85407e-20)
(-0.183129 0.000342872 0)
(-0.181632 0.000430871 0)
(-0.180347 0.000525956 0)
(-0.178761 0.00018911 0)
(-0.175766 8.02303e-05 -7.76631e-20)
(-0.172769 0.000313881 0)
(-0.170358 0.000684377 0)
(-0.166665 0.0011378 0)
(-0.162547 0.00129167 8.76957e-20)
(-0.155664 0.00147483 0)
(-0.148546 0.00226327 0)
(-0.12383 0.00221217 -1.07649e-19)
(-0.141617 0.00669178 -6.01853e-36)
(-0.169744 0.0132286 1.25352e-17)
(-0.187035 0.0170795 2.35793e-17)
(-0.193565 0.0188716 2.27024e-17)
(-0.196993 0.0196895 2.19961e-17)
(-0.201086 0.0203233 2.11627e-17)
(-0.205534 0.0210206 -2.02543e-17)
(-0.209746 0.0215282 -1.95306e-17)
(-0.213913 0.0218755 -6.01853e-36)
(-0.218129 0.0220197 -3.66629e-17)
(-0.220254 0.0221831 -1.8077e-17)
(-0.224714 0.022722 9.44909e-34)
(-0.227532 0.0229052 0)
(-0.231069 0.0233643 -3.22789e-17)
(-0.235351 0.0239358 -3.06855e-17)
(-0.242345 0.0247792 -2.84657e-17)
(-0.249523 0.0254447 0)
(-0.256864 0.0260679 4.94038e-17)
(-0.263913 0.0266476 2.26461e-17)
(-0.272754 0.0274465 2.40741e-35)
(-0.282659 0.0283573 -3.48618e-17)
(-0.291217 0.0289996 -1.5807e-20)
(-0.300882 0.0295778 0)
(-0.304438 0.0304168 1.3485e-17)
(-0.332562 0.0321496 -7.62886e-18)
)
;
    }
    lowerWall
    {
        type            calculated;
        value           nonuniform List<vector> 
250
(
(-0.653909 0.466638 0)
(-1.14095 0.204678 0)
(-1.03492 0.0379587 0)
(-0.869573 -0.000935979 0)
(-0.786941 -0.00419161 0)
(-0.746063 -0.00160781 0)
(-0.719878 0.00041619 0)
(-0.700645 -0.000651797 0)
(-0.685089 -0.00405595 0)
(-0.671318 -0.00471218 0)
(-0.658933 -0.00298817 0)
(-0.647721 -0.000864205 0)
(-0.637517 0.00142611 0)
(-0.62819 0.0021039 0)
(-0.619321 0.00136794 0)
(-0.611521 0.00135758 0)
(-0.604581 0.00169591 0)
(-0.605069 0.00194321 0)
(-0.00426035 -0.022858 0)
(-0.00275879 -0.0176427 0)
(-0.000676848 -0.0144935 0)
(0.00194466 -0.0137781 9.02267e-20)
(0.00526903 -0.0151985 -7.86195e-20)
(0.00896169 -0.0208215 6.28502e-20)
(0.01274 -0.0200864 -4.84745e-20)
(0.0256278 -0.0633151 0)
(-0.0840641 -0.144715 0)
(0.000872284 -0.00384022 0)
(-0.00766529 0.00954725 0)
(-0.00851586 0.0328217 0)
(-0.00254921 0.044855 0)
(0.00295349 0.0442611 1.82225e-20)
(0.00618282 0.0360629 -1.8966e-20)
(0.00818731 0.024161 0)
(0.00946059 0.0101606 -5.42296e-20)
(0.00943172 -0.0040424 6.11444e-20)
(0.00793328 -0.0174223 0)
(0.00614121 -0.0291948 0)
(0.00438171 -0.0385621 0)
(0.0026872 -0.0451394 0)
(0.000986016 -0.0488793 0)
(-0.000885162 -0.0495145 0)
(-0.00282052 -0.046408 0)
(-0.00437897 -0.0399025 0)
(-0.00492611 -0.0308268 0)
(0.00132871 -0.00151191 0)
(0.00133794 0.00652734 0)
(-0.00450924 0.00961868 0)
(-0.00959716 0.00975651 0)
(-0.0133831 0.00829953 0)
(-0.0158893 0.00623521 0)
(-0.0172642 0.00409763 1.49576e-21)
(-0.0177829 0.00200612 -1.52736e-21)
(-0.0173313 -6.99005e-06 0)
(-0.0160538 -0.00168622 -1.65311e-21)
(-0.0141884 -0.00283749 0)
(-0.0120504 -0.00329636 0)
(-0.0100507 -0.00303577 -0)
(-0.00855314 -0.00228016 2.57032e-21)
(-0.00761652 -0.00142297 0)
(-0.00693824 -0.000815807 0)
(-0.00612071 -0.000623422 -3.37819e-21)
(-0.00499303 -0.00100047 0)
(-0.00340859 -0.00238597 0)
(-0.000488579 -0.00505762 0)
(0.00436082 -0.00740364 3.03312e-21)
(0.00994577 -0.00889515 0)
(0.0158468 -0.00984999 1.46916e-21)
(0.0218923 -0.0106169 0)
(0.0280979 -0.0112689 -0)
(0.0344085 -0.0115143 8.44708e-22)
(0.0405409 -0.0113546 0)
(0.0491488 -0.0116033 -7.5405e-22)
(0.058939 -0.0117553 -0)
(0.0686331 -0.0115827 7.70711e-22)
(0.0780421 -0.011169 0)
(0.087015 -0.0105842 0)
(0.0954596 -0.00989014 0)
(0.103317 -0.00913659 -0)
(0.110564 -0.0083607 0)
(0.117197 -0.00758956 -8.11163e-22)
(0.12323 -0.00684038 -0)
(0.128686 -0.00612265 1.6331e-21)
(0.133591 -0.00544046 0)
(0.137974 -0.00479415 -1.63497e-21)
(0.141859 -0.00418208 -0)
(0.145272 -0.00360141 -0)
(0.148232 -0.00304948 1.62107e-21)
(0.150758 -0.00252415 0)
(0.152864 -0.00202409 1.60085e-21)
(0.154562 -0.00155027 -1.58753e-21)
(0.155864 -0.00110623 -0)
(0.156782 -0.000698795 -1.55492e-21)
(0.157328 -0.000337851 -1.53589e-21)
(0.157514 -3.98185e-05 -0)
(0.157409 0.000194804 0)
(0.157077 0.000391523 0)
(0.156523 0.000568234 0)
(0.155762 0.000731141 -0)
(0.154801 0.000884196 1.37582e-21)
(0.153649 0.00102832 0)
(0.152313 0.001164 -1.30704e-21)
(0.1508 0.00129165 -0)
(0.149117 0.00141131 -0)
(0.147272 0.00152286 1.19059e-21)
(0.145273 0.00162639 0)
(0.143127 0.00172189 -1.10489e-21)
(0.140843 0.00180925 -0)
(0.13843 0.00188858 0)
(0.135896 0.00195983 -0)
(0.13325 0.00202303 9.16868e-22)
(0.130502 0.00207837 0)
(0.12766 0.00212588 -0)
(0.124734 0.00216575 7.63826e-22)
(0.121733 0.00219821 0)
(0.118666 0.00222344 6.57295e-22)
(0.115542 0.00224163 0)
(0.112371 0.00225308 0)
(0.10916 0.00225806 0)
(0.10592 0.00225682 -4.3622e-22)
(0.102657 0.00224972 -0)
(0.0993804 0.002237 0)
(0.0960979 0.00221895 -2.65617e-22)
(0.0928167 0.00219602 -2.08167e-22)
(0.0895438 0.00216849 -0)
(0.0862865 0.00213685 -9.26988e-23)
(0.0830507 0.00210165 -0)
(0.0798422 0.00206326 4.65296e-23)
(0.0766667 0.0020218 -0)
(0.0735293 0.00197728 2.78963e-22)
(0.0704347 0.00192961 0)
(0.0673879 0.00187962 -5.11573e-22)
(0.0643929 0.00182933 -0)
(0.0614522 0.00178078 0)
(0.0585675 0.00173455 -0)
(0.0557407 0.0016902 9.7839e-22)
(0.0529745 0.00164972 0)
(0.0502697 0.00161763 -1.21379e-21)
(0.0476237 0.00159502 0)
(0.0457847 0.00160357 1.47554e-21)
(0.0442423 0.00162095 1.63405e-21)
(0.0427033 0.00162598 1.79897e-21)
(0.0411759 0.00161305 0)
(0.0396654 0.00158974 0)
(0.0381717 0.00156403 0)
(0.0366935 0.00153823 0)
(0.0352306 0.00151251 0)
(0.0337835 0.00148691 0)
(0.0323525 0.00146145 0)
(0.0309383 0.0014362 0)
(0.0295414 0.00141138 -3.69169e-21)
(0.028162 0.00138718 -3.96734e-21)
(0.0268003 0.00136374 0)
(0.0254565 0.00134076 0)
(0.024131 0.00131672 0)
(0.0228251 0.00129181 -5.26726e-21)
(0.021539 0.0012676 0)
(0.0202723 0.00124395 0)
(0.0190253 0.00122086 0)
(0.0177979 0.00119844 0)
(0.0165903 0.00117671 7.53584e-21)
(0.0154024 0.00115575 0)
(0.0142342 0.00113567 0)
(0.0130856 0.00111655 -9.45463e-21)
(0.0119566 0.00109844 1.02322e-20)
(0.010847 0.00108142 0)
(0.00975683 0.0010658 1.20685e-20)
(0.00868601 0.00105221 0)
(0.00763414 0.00104183 -1.44069e-20)
(0.00660055 0.00103494 0)
(0.00558493 0.00103054 0)
(0.0045872 0.00102832 0)
(0.00360697 0.00102861 0)
(0.00264374 0.00103164 0)
(0.00169801 0.00103737 5.57102e-20)
(0.000771272 0.00104295 6.42205e-20)
(-0.000138522 0.00103024 0)
(-0.00103579 0.000987403 0)
(-0.0019176 0.000935012 0)
(-0.00278389 0.000885519 -5.28877e-20)
(-0.00363458 0.000840601 0)
(-0.00446948 0.000799854 0)
(-0.00528895 0.000762789 0)
(-0.00609356 0.000728913 -4.04151e-20)
(-0.0068839 0.00069777 3.83653e-20)
(-0.00766044 0.000668978 0)
(-0.00842369 0.000642229 0)
(-0.00917404 0.000617283 3.36178e-20)
(-0.00991199 0.000593942 3.23778e-20)
(-0.0106379 0.000572036 0)
(-0.0113523 0.000551434 0)
(-0.0120555 0.00053202 -2.93528e-20)
(-0.012748 0.000513699 2.8525e-20)
(-0.0134301 0.000496392 0)
(-0.0141024 0.000480027 0)
(-0.0147653 0.000464543 2.64355e-20)
(-0.0154192 0.000449882 0)
(-0.0160645 0.000436008 0)
(-0.0167017 0.000422871 2.47902e-20)
(-0.0173312 0.000410437 0)
(-0.0179535 0.000398676 2.38743e-20)
(-0.0185692 0.000387549 0)
(-0.0191785 0.000377029 0)
(-0.019782 0.00036709 0)
(-0.0203802 0.000357689 -2.23585e-20)
(-0.0209734 0.000348808 0)
(-0.0215623 0.000340402 0)
(-0.0221469 0.000332407 0)
(-0.0227278 0.000324779 0)
(-0.0233052 0.000317401 0)
(-0.0238788 0.000310192 0)
(-0.0244489 0.000303014 -2.03854e-20)
(-0.0250149 0.000295636 -2.01551e-20)
(-0.0255759 0.000287814 0)
(-0.0261308 0.00027915 0)
(-0.026677 0.000269101 0)
(-0.0272112 0.000256969 1.93604e-20)
(-0.0277285 0.000241495 0)
(-0.0282203 0.000221257 -3.81348e-20)
(-0.0286772 0.000192207 3.79286e-20)
(-0.0290701 0.000152586 3.78195e-20)
(-0.0294014 7.7854e-05 -3.78583e-20)
(-0.0294831 -3.94347e-05 3.80452e-20)
(-0.0295076 -0.000356593 -3.83976e-20)
(-0.027973 -0.000616909 0)
(-0.0293455 -0.000516218 -2.43317e-18)
(-0.0327693 -0.00134238 -2.26974e-18)
(-0.0364128 -0.00203336 3.00927e-36)
(-0.0395334 -0.00257603 -4.06085e-18)
(-0.0424834 -0.00301853 -7.75773e-18)
(-0.0455558 -0.00342179 -3.71958e-18)
(-0.0487784 -0.00381924 3.56797e-18)
(-0.0521088 -0.00429573 -6.01853e-35)
(-0.0556063 -0.00469749 3.00927e-36)
(-0.0592976 -0.00509587 3.15277e-18)
(-0.0632468 -0.0054904 3.01664e-18)
(-0.0674436 -0.00579729 3.00927e-36)
(-0.0719241 -0.00621402 0)
(-0.0767318 -0.00669075 0)
(-0.0819185 -0.00719653 -4.64085e-35)
(-0.0875367 -0.00774511 -1.63629e-35)
(-0.0936544 -0.00834828 1.29398e-34)
(-0.100325 -0.00901243 -4.15834e-18)
(-0.107689 -0.00973333 -3.81237e-18)
(-0.116748 -0.0106258 1.20371e-35)
(-0.127565 -0.0116291 6.13671e-18)
(-0.13842 -0.0127356 1.03491e-17)
(-0.153646 -0.0139287 6.01853e-36)
(-0.162846 -0.0152954 -5.09787e-18)
(-0.191961 -0.016983 0)
)
;
    }
    frontAndBack
    {
        type            empty;
    }
}


// ************************************************************************* //
