/*--------------------------------*- C++ -*----------------------------------*\
  =========                 |
  \\      /  F ield         | OpenFOAM: The Open Source CFD Toolbox
   \\    /   O peration     | Website:  https://openfoam.org
    \\  /    A nd           | Version:  8
     \\/     M anipulation  |
\*---------------------------------------------------------------------------*/
FoamFile
{
    version     2.0;
    format      ascii;
    class       volVectorField;
    location    "1100";
    object      wallShearStress;
}
// * * * * * * * * * * * * * * * * * * * * * * * * * * * * * * * * * * * * * //

dimensions      [0 2 -2 0 0 0 0];

internalField   uniform (0 0 0);

boundaryField
{
    inlet
    {
        type            calculated;
        value           uniform (0 0 0);
    }
    outlet
    {
        type            calculated;
        value           uniform (0 0 0);
    }
    upperWall
    {
        type            calculated;
        value           nonuniform List<vector> 
223
(
(-0.444276 0.00285153 0)
(-0.468236 0.005319 0)
(-0.496583 0.00678434 0)
(-0.503927 0.00734923 0)
(-0.500635 0.00734794 0)
(-0.490547 0.00699662 0)
(-0.478704 0.00649155 0)
(-0.466686 0.00591975 0)
(-0.454258 0.0053194 0)
(-0.442562 0.00473793 0)
(-0.431825 0.00419339 0)
(-0.422102 0.00369274 0)
(-0.413391 0.00323831 0)
(-0.405624 0.00283114 0)
(-0.398725 0.00247085 0)
(-0.392598 0.00216716 0)
(-0.387107 0.00192348 0)
(-0.382214 0.00177919 0)
(-0.378282 0.00170495 0)
(-0.375175 0.0016587 5.7523e-22)
(-0.372137 0.00159111 0)
(-0.369182 0.00151193 0)
(-0.366306 0.00142744 0)
(-0.363515 0.00133985 5.87863e-22)
(-0.360811 0.00125242 0)
(-0.358199 0.00116534 0)
(-0.355679 0.00108119 0)
(-0.35325 0.000999246 -1.19893e-21)
(-0.350912 0.000921306 1.20452e-21)
(-0.348664 0.000846295 1.21001e-21)
(-0.346504 0.000775443 0)
(-0.344432 0.000707865 -1.22078e-21)
(-0.342445 0.000644578 0)
(-0.340541 0.000584536 1.23124e-21)
(-0.338718 0.000528457 1.23636e-21)
(-0.336974 0.000475861 -1.24141e-21)
(-0.335306 0.000427036 0)
(-0.333711 0.000381821 0)
(-0.332186 0.000339952 0)
(-0.33073 0.000301415 0)
(-0.329337 0.000266051 -1.26611e-21)
(-0.328006 0.000233772 0)
(-0.326734 0.000204509 0)
(-0.325519 0.000178216 1.28055e-21)
(-0.324354 0.000154657 0)
(-0.323241 0.000133727 1.29012e-21)
(-0.322173 0.000115387 -1.2949e-21)
(-0.32115 9.94412e-05 1.29968e-21)
(-0.320166 8.61212e-05 0)
(-0.319221 7.51564e-05 0)
(-0.318307 6.65135e-05 0)
(-0.317426 5.98299e-05 1.31897e-21)
(-0.316571 5.5261e-05 -1.32385e-21)
(-0.315744 5.24106e-05 0)
(-0.314935 5.12921e-05 0)
(-0.31415 5.16123e-05 0)
(-0.313376 5.33198e-05 0)
(-0.312626 5.61865e-05 0)
(-0.311878 6.01179e-05 0)
(-0.31115 6.5134e-05 0)
(-0.310424 7.08536e-05 0)
(-0.309706 7.74936e-05 1.36913e-21)
(-0.308998 8.47566e-05 -1.37436e-21)
(-0.308281 9.28052e-05 0)
(-0.307579 0.000101434 0)
(-0.306866 0.000110446 0)
(-0.306148 0.000120782 -1.3953e-21)
(-0.305445 0.000131131 0)
(-0.304705 0.000141618 0)
(-0.30398 0.000153693 0)
(-0.303226 0.000181927 0)
(-0.302406 0.000387583 0)
(-0.303631 0.000548659 -2.86145e-21)
(-0.310431 0.000537477 0)
(-0.311802 0.000521937 0)
(-0.310974 0.000491259 0)
(-0.3099 0.000440695 0)
(-0.304837 0.000495675 0)
(-0.303007 0.000517164 0)
(-0.307195 0.000374304 0)
(-0.306071 0.000148048 3.09704e-21)
(-0.304844 4.86242e-05 0)
(-0.299753 0.000156787 0)
(-0.298891 0.00015305 0)
(-0.298705 8.23535e-05 -3.08709e-21)
(-0.298633 -5.28712e-05 0)
(-0.339174 0.000301422 -3.51873e-21)
(-0.324619 0.000716143 0)
(-0.314335 0.00110331 0)
(-0.328527 0.00141748 0)
(-0.311631 0.000846899 -3.22029e-21)
(-0.316744 0.000575818 0)
(-0.31384 0.000287877 3.31735e-21)
(-0.310937 -9.38889e-05 3.31887e-21)
(-0.296048 -0.000304362 0)
(-0.324209 -0.000335801 3.50487e-21)
(-0.335991 -0.000192951 0)
(-0.332814 -0.000189775 0)
(-0.346058 -0.000112591 0)
(-0.336866 2.45023e-05 -3.68224e-21)
(-0.335886 6.35911e-05 0)
(-0.323427 9.7134e-05 -3.54047e-21)
(-0.351598 0.000389574 3.84569e-21)
(-0.32609 0.000463404 0)
(-0.308116 0.000528551 0)
(-0.295765 0.000370536 0)
(-0.317923 8.30801e-05 0)
(-0.320367 0.000181792 0)
(-0.349375 0.000745972 0)
(-0.326322 0.0014441 0)
(-0.295664 0.00118074 -3.1359e-21)
(-0.29906 0.0007616 0)
(-0.289386 0.00031885 0)
(-0.325074 0.000382834 0)
(-0.308737 0.00107027 0)
(-0.287429 0.000680189 0)
(-0.287266 0.000184117 0)
(-0.286258 0.000184614 0)
(-0.306797 0.000275573 0)
(-0.313457 0.000329666 0)
(-0.333257 0.00088872 0)
(-0.310623 0.001287 0)
(-0.282019 0.00116275 0)
(-0.28086 0.00109682 -5.60429e-21)
(-0.279708 0.000459371 0)
(-0.278969 -5.51528e-05 0)
(-0.306719 0.000637994 0)
(-0.289871 0.00152479 5.51227e-21)
(-0.275713 0.00143209 0)
(-0.274454 0.000745904 0)
(-0.273447 2.77724e-05 4.98726e-21)
(-0.28536 -0.000229248 0)
(-0.296784 0.000487846 -5.32981e-21)
(-0.269291 0.000725686 0)
(-0.268087 0.000108147 0)
(-0.274942 -6.55378e-05 0)
(-0.272422 7.32781e-05 4.41503e-21)
(-0.280321 0.000862727 0)
(-0.261726 0.000956281 -3.92589e-21)
(-0.278541 0.00107149 0)
(-0.259088 0.000950543 0)
(-0.27669 0.000940483 0)
(-0.256438 0.000816697 0)
(-0.271569 0.000785839 0)
(-0.253566 0.000714892 0)
(-0.264214 0.000684489 0)
(-0.250437 0.000660479 0)
(-0.255516 0.000607642 0)
(-0.247131 0.00058543 0)
(-0.246405 0.000988619 0)
(-0.2438 0.0021919 -1.12682e-21)
(-0.242149 0.00210954 8.34673e-22)
(-0.240166 0.00125154 0)
(-0.238248 0.000323417 0)
(-0.237508 -0.000173857 0)
(-0.249225 0.000666696 0)
(-0.231807 0.0015532 -6.79617e-22)
(-0.230729 0.000706177 1.02994e-21)
(-0.228172 0.00024048 -1.44776e-21)
(-0.236735 0.000190571 0)
(-0.234425 0.000469567 -2.30416e-21)
(-0.222518 0.00147887 -5.12404e-21)
(-0.220971 0.00124676 0)
(-0.219309 0.000873197 -6.78908e-21)
(-0.217706 0.00141194 7.60341e-21)
(-0.2166 0.00178557 0)
(-0.215454 0.00151289 0)
(-0.213603 0.00112614 0)
(-0.211068 0.000814421 0)
(-0.208675 0.00045259 0)
(-0.213919 0.00032421 -1.41371e-20)
(-0.225284 0.000891081 0)
(-0.201788 0.00117781 -1.54179e-20)
(-0.200736 0.000737139 0)
(-0.19847 0.000692963 0)
(-0.201504 0.000973088 0)
(-0.200352 -0.000339117 0)
(-0.189495 -0.00107684 0)
(-0.186492 0.000432798 2.38368e-20)
(-0.194879 0.00163673 0)
(-0.187489 0.00129125 0)
(-0.18645 0.000869432 -2.60866e-20)
(-0.183567 0.000520919 0)
(-0.178446 0.000150048 0)
(-0.171313 -3.68364e-05 0)
(-0.164536 -6.5484e-05 3.66077e-20)
(-0.158298 6.60842e-05 0)
(-0.152201 0.000276312 0)
(-0.145035 0.000563079 0)
(-0.135469 0.000843394 0)
(-0.123947 0.00127291 -5.81501e-20)
(-0.11161 0.00157384 0)
(-0.100008 0.00163952 0)
(-0.0893204 0.00152387 0)
(-0.0804738 0.00138079 9.31633e-20)
(-0.0703248 0.00135221 0)
(-0.0652238 0.00181121 0)
(-0.0362431 0.00152231 -1.37366e-19)
(-0.0683063 0.000519647 1.20371e-35)
(-0.102483 0.00582335 1.17787e-17)
(-0.125991 0.0102472 2.11118e-17)
(-0.138514 0.0128507 1.98328e-17)
(-0.1459 0.0142828 1.9069e-17)
(-0.151365 0.0151624 1.84629e-17)
(-0.155623 0.0157745 -1.79544e-17)
(-0.158583 0.0162072 -1.74828e-17)
(-0.160836 0.0164923 -6.01853e-36)
(-0.162862 0.0167163 -3.34266e-17)
(-0.164895 0.0169117 -1.63446e-17)
(-0.166962 0.0171044 9.99076e-34)
(-0.169361 0.0172999 -1.20371e-35)
(-0.172184 0.0175375 -3.01136e-17)
(-0.17566 0.0178237 -2.90049e-17)
(-0.179731 0.0181763 -2.7697e-17)
(-0.184606 0.0185961 0)
(-0.190154 0.0190887 4.89284e-17)
(-0.196687 0.0196675 2.24763e-17)
(-0.203859 0.0203172 1.20371e-35)
(-0.212597 0.0210999 -3.5103e-17)
(-0.220884 0.0218786 -1.23227e-20)
(-0.234529 0.023046 0)
(-0.238799 0.0237717 1.31928e-17)
(-0.264645 0.025347 -7.11865e-18)
)
;
    }
    lowerWall
    {
        type            calculated;
        value           nonuniform List<vector> 
250
(
(-0.625365 -0.00603998 0)
(-0.629697 -0.0114356 0)
(-0.610215 -0.0124139 0)
(-0.557487 -0.0099161 0)
(-0.53034 -0.00810271 0)
(-0.51611 -0.00667163 0)
(-0.487705 -0.00507638 0)
(-0.549205 -0.00572706 0)
(-0.507165 -0.00557911 0)
(-0.453469 -0.00415713 0)
(-0.445786 -0.00309602 0)
(-0.439166 -0.00235497 0)
(-0.433336 -0.00226588 0)
(-0.427846 -0.00256835 0)
(-0.423685 -0.00234768 0)
(-0.420412 -0.00187349 0)
(-0.418361 -0.00134507 0)
(-0.417722 6.83285e-05 0)
(0.00205835 9.97923e-06 0)
(0.0022941 -0.00286441 0)
(0.00255179 -0.0058261 0)
(0.00290014 -0.00895766 1.17386e-19)
(0.00330786 -0.0121239 -9.86042e-20)
(0.00372029 -0.0160275 8.63846e-20)
(0.00353841 -0.0164642 -7.69801e-20)
(0.00813653 -0.0363054 0)
(-0.0490784 -0.104955 0)
(0.00021773 -0.000273482 0)
(5.19203e-05 -0.000780017 0)
(-1.25708e-05 -0.000862496 0)
(5.36657e-05 -0.000862159 0)
(3.35843e-05 -0.000837295 1.54812e-19)
(-0.000138291 -0.000283546 -1.50873e-19)
(-0.000571114 0.00113468 0)
(-0.00116823 0.00380661 -1.73734e-19)
(-0.00155061 0.00722294 1.32862e-19)
(-0.00150148 0.0104534 0)
(-0.00111372 0.0128372 0)
(-0.000586378 0.0140864 0)
(-8.08928e-05 0.0141765 0)
(0.00031659 0.0132942 0)
(0.000645569 0.0117228 0)
(0.000965518 0.00950707 0)
(0.00131598 0.00668335 0)
(0.00171382 0.00329313 0)
(-0.000143223 -0.000274425 0)
(0.000164732 -0.000443872 0)
(0.000469047 -0.000498445 0)
(0.000787705 -0.000433897 0)
(0.00104466 -0.000206029 -0)
(0.00109734 0.000176591 -0)
(0.00085818 0.000638411 1.45193e-20)
(0.000354528 0.00107444 -1.65204e-20)
(-0.00034841 0.00139413 0)
(-0.00115675 0.00155608 -9.49151e-21)
(-0.00199175 0.00157308 0)
(-0.00278911 0.00147469 0)
(-0.00350309 0.00129679 0)
(-0.00410828 0.00107009 4.64759e-21)
(-0.00459298 0.000815511 0)
(-0.00495271 0.000544937 0)
(-0.00518488 0.000266868 -4.02748e-21)
(-0.00529395 -2.44546e-05 -0)
(-0.00525513 -0.000326341 0)
(-0.00506697 -0.000617459 -0)
(-0.00473844 -0.000877423 4.33554e-21)
(-0.00428167 -0.00108602 -0)
(-0.00371499 -0.00122209 5.13727e-21)
(-0.00306618 -0.00126667 0)
(-0.00237346 -0.00120588 -0)
(-0.00168599 -0.00103782 8.34758e-21)
(-0.00106076 -0.00077988 0)
(-0.000552951 -0.000477467 -1.38154e-20)
(-0.000193689 -0.000200683 0)
(3.28859e-05 -9.5399e-06 2.37931e-20)
(0.00017554 0.000102968 0)
(0.000257582 0.000197554 0)
(0.000246751 0.000308898 0)
(0.000134358 0.000458285 0)
(-0.000115763 0.000655914 0)
(-0.000528526 0.000859366 -1.47287e-20)
(-0.00108184 0.000991107 0)
(-0.00168476 0.000980158 1.76831e-20)
(-0.00222023 0.000818132 0)
(-0.00259147 0.000555133 -1.42448e-20)
(-0.00276331 0.000276059 0)
(-0.00276146 5.78108e-05 0)
(-0.00265055 -5.10222e-05 1.42367e-20)
(-0.00251216 -2.73448e-05 0)
(-0.0024178 0.000115995 1.4862e-20)
(-0.00236888 0.000314643 -1.49401e-20)
(-0.00230239 0.000414623 0)
(-0.00206815 0.000173803 -1.63068e-20)
(-0.00138968 -0.000512082 -1.91116e-20)
(-4.44959e-05 -0.00120205 0)
(0.00168629 -0.00179507 0)
(0.00360547 -0.00243531 0)
(0.00580286 -0.00299268 0)
(0.00817289 -0.0034086 -0)
(0.0106331 -0.0037675 3.41772e-21)
(0.0131652 -0.0039487 0)
(0.0156964 -0.00387521 -2.70823e-21)
(0.0180704 -0.0036526 -0)
(0.0202932 -0.00345508 -0)
(0.0224054 -0.00321 2.14269e-21)
(0.0248042 -0.00296929 0)
(0.0264936 -0.0027137 -1.94335e-21)
(0.0286383 -0.002492 -0)
(0.0312474 -0.00232051 0)
(0.0331916 -0.00215169 -0)
(0.0352783 -0.00200732 1.8351e-21)
(0.0371848 -0.00187116 0)
(0.039051 -0.00175158 -0)
(0.0408211 -0.00164414 1.78686e-21)
(0.0425464 -0.00154934 0)
(0.0441991 -0.00146446 1.76568e-21)
(0.0458121 -0.00138856 0)
(0.0473698 -0.0013198 0)
(0.0488901 -0.00125709 0)
(0.0503667 -0.00119924 -1.73373e-21)
(0.0518074 -0.00114554 -0)
(0.0532117 -0.00109494 0)
(0.0545808 -0.00104717 -1.71269e-21)
(0.0559173 -0.00100146 -1.7056e-21)
(0.0572193 -0.000957701 -0)
(0.0584903 -0.000915174 -1.69091e-21)
(0.0597266 -0.000874073 0)
(0.0609321 -0.00083374 -3.35028e-21)
(0.0621028 -0.000794387 -0)
(0.0632418 -0.000755341 -3.31608e-21)
(0.0643452 -0.000717009 -0)
(0.0654155 -0.000678705 3.27881e-21)
(0.0664497 -0.000640758 0)
(0.0674491 -0.000602574 0)
(0.0684115 -0.00056376 0)
(0.0693354 -0.000523543 -3.19299e-21)
(0.0702181 -0.000482146 -0)
(0.0710589 -0.000439191 3.14338e-21)
(0.0718554 -0.00039434 0)
(0.0726057 -0.000346989 -3.08917e-21)
(0.0733062 -0.000297069 -3.06033e-21)
(0.0739543 -0.000244838 -3.03044e-21)
(0.0745475 -0.000190803 -0)
(0.0750825 -0.000136852 0)
(0.0755595 -8.53161e-05 0)
(0.0759801 -4.01379e-05 0)
(0.0763515 -1.03624e-06 0)
(0.0766741 3.56212e-05 0)
(0.0769499 7.22552e-05 0)
(0.077176 0.00010862 0)
(0.077354 0.000145458 2.70305e-21)
(0.0774807 0.000182195 2.65775e-21)
(0.0775573 0.000219276 0)
(0.0775816 0.00025612 0)
(0.0775544 0.000293224 0)
(0.0774739 0.000329904 2.45449e-21)
(0.0773412 0.000366642 0)
(0.0771547 0.000402901 0)
(0.0769152 0.000438912 0)
(0.0766225 0.000474281 0)
(0.0762769 0.000509246 -2.14458e-21)
(0.0758786 0.000543472 0)
(0.0754279 0.00057702 0)
(0.074926 0.000609754 1.92553e-21)
(0.0743727 0.000641629 -1.8467e-21)
(0.0737697 0.00067264 0)
(0.0731169 0.000702637 -1.68007e-21)
(0.0724164 0.000731696 0)
(0.0716685 0.000759565 1.50135e-21)
(0.0708754 0.000786539 0)
(0.0700377 0.000812067 0)
(0.0691586 0.000836657 0)
(0.0682377 0.000859449 0)
(0.0672834 0.000881797 0)
(0.0662649 0.000901853 -1.78366e-21)
(0.0652413 0.000921254 -1.55953e-21)
(0.0641402 0.000938325 0)
(0.0630377 0.000953222 0)
(0.0618881 0.000963946 0)
(0.0607189 0.000967792 5.9796e-22)
(0.0595221 0.000962712 0)
(0.0583024 0.00095567 0)
(0.0570517 0.000960227 0)
(0.0557741 0.000971982 -4.67754e-22)
(0.0544692 0.000980503 7.52829e-22)
(0.0531431 0.000988164 0)
(0.0517967 0.000994659 0)
(0.0504328 0.00100052 1.65677e-21)
(0.0490521 0.00100564 1.97531e-21)
(0.047656 0.00101026 0)
(0.0462456 0.00101418 0)
(0.044822 0.00101759 -2.98867e-21)
(0.0433861 0.00102055 3.34764e-21)
(0.0419393 0.00102305 0)
(0.040483 0.0010253 0)
(0.0390171 0.00102717 4.49797e-21)
(0.0375443 0.00102877 0)
(0.0360642 0.00103004 0)
(0.0345789 0.00103094 5.77765e-21)
(0.0330899 0.00103179 0)
(0.0315973 0.00103259 6.71786e-21)
(0.0301029 0.00103346 0)
(0.0286068 0.00103462 0)
(0.0271096 0.00103608 0)
(0.0256115 0.00103801 -8.86581e-21)
(0.0241125 0.00104039 0)
(0.0226127 0.00104333 0)
(0.0211118 0.00104673 0)
(0.0196101 0.00105065 0)
(0.0181074 0.00105505 0)
(0.0166039 0.00106006 0)
(0.0150996 0.00106576 -1.39362e-20)
(0.0135945 0.00107232 -1.48661e-20)
(0.012088 0.00107978 0)
(0.01058 0.0010882 0)
(0.00907001 0.00109743 0)
(0.0075582 0.0011073 1.94134e-20)
(0.00604507 0.00111786 0)
(0.00453229 0.00112822 -4.4755e-20)
(0.00302385 0.00113546 4.81993e-20)
(0.00152866 0.00113445 5.20321e-20)
(5.13193e-05 0.00110493 -5.47335e-20)
(-0.00131631 0.0010416 5.4208e-20)
(-0.00283774 0.000877798 -5.22303e-20)
(-0.00317051 0.000493151 0)
(-0.00514337 0.0011089 -3.1134e-18)
(-0.0082428 0.000883683 -2.82049e-18)
(-0.0113169 0.000539904 3.00927e-36)
(-0.0144904 0.000217723 -4.79574e-18)
(-0.0178775 -0.000121336 -8.91739e-18)
(-0.021482 -0.000479843 -4.16065e-18)
(-0.025315 -0.000858581 3.89278e-18)
(-0.0293976 -0.0012618 -3.61112e-35)
(-0.0337562 -0.00169251 3.00927e-36)
(-0.0384067 -0.00215463 3.22125e-18)
(-0.0433665 -0.00264961 3.02924e-18)
(-0.0486534 -0.00314023 6.01853e-36)
(-0.0542738 -0.00365672 0)
(-0.0602919 -0.00425308 0)
(-0.0667595 -0.0049113 -1.13741e-34)
(-0.0736806 -0.00562368 -8.83972e-36)
(-0.0812036 -0.0063915 8.42594e-35)
(-0.0891891 -0.00721976 -3.75957e-18)
(-0.0982003 -0.00811881 -3.42558e-18)
(-0.107313 -0.00909196 1.20371e-35)
(-0.118911 -0.010162 5.39131e-18)
(-0.128529 -0.0113358 8.94904e-18)
(-0.145984 -0.0125734 0)
(-0.153469 -0.0140885 -4.31524e-18)
(-0.188138 -0.016444 9.0278e-36)
)
;
    }
    frontAndBack
    {
        type            empty;
    }
}


// ************************************************************************* //
