/*--------------------------------*- C++ -*----------------------------------*\
  =========                 |
  \\      /  F ield         | OpenFOAM: The Open Source CFD Toolbox
   \\    /   O peration     | Website:  https://openfoam.org
    \\  /    A nd           | Version:  8
     \\/     M anipulation  |
\*---------------------------------------------------------------------------*/
FoamFile
{
    version     2.0;
    format      ascii;
    class       volVectorField;
    location    "400";
    object      wallShearStress;
}
// * * * * * * * * * * * * * * * * * * * * * * * * * * * * * * * * * * * * * //

dimensions      [0 2 -2 0 0 0 0];

internalField   uniform (0 0 0);

boundaryField
{
    inlet
    {
        type            calculated;
        value           uniform (0 0 0);
    }
    outlet
    {
        type            calculated;
        value           uniform (0 0 0);
    }
    upperWall
    {
        type            calculated;
        value           nonuniform List<vector> 
223
(
(-0.443123 -0.0253988 0)
(-0.442122 -0.0232069 0)
(-0.437389 -0.0147872 0)
(-0.431428 -0.00853203 0)
(-0.425609 -0.00465151 0)
(-0.42041 -0.00235793 0)
(-0.415817 -0.00101999 0)
(-0.411751 -0.000236695 0)
(-0.408152 0.000226256 0)
(-0.404967 0.000501336 0)
(-0.402131 0.000665097 0)
(-0.399594 0.000761935 0)
(-0.397308 0.000818622 0)
(-0.395241 0.000850922 0)
(-0.393359 0.000868316 0)
(-0.391639 0.000882343 0)
(-0.390047 0.000892932 0)
(-0.38857 0.000939386 0)
(-0.387445 0.00101292 0)
(-0.386663 0.00107314 3.87806e-22)
(-0.38589 0.00109986 0)
(-0.38514 0.00110372 0)
(-0.384412 0.00109308 0)
(-0.383709 0.00107385 3.99002e-22)
(-0.383034 0.0010501 0)
(-0.382388 0.00102455 0)
(-0.381769 0.00099892 0)
(-0.381175 0.000974296 -8.18636e-22)
(-0.380606 0.000951178 8.23704e-22)
(-0.38006 0.000930004 8.28752e-22)
(-0.379535 0.000910947 0)
(-0.37903 0.000893913 -8.38795e-22)
(-0.378544 0.000878889 0)
(-0.378073 0.000865691 8.48806e-22)
(-0.377619 0.000854113 8.53804e-22)
(-0.37718 0.000844035 -8.588e-22)
(-0.376753 0.000835233 0)
(-0.376339 0.000827526 0)
(-0.375936 0.000820745 0)
(-0.375543 0.000814631 0)
(-0.37516 0.000808993 -8.83809e-22)
(-0.374786 0.000803905 0)
(-0.374419 0.0007991 0)
(-0.374061 0.000794383 8.98888e-22)
(-0.373709 0.000789816 0)
(-0.373363 0.000785242 9.08986e-22)
(-0.373023 0.000780595 -9.14049e-22)
(-0.372689 0.000775936 9.19127e-22)
(-0.372359 0.000771091 0)
(-0.372033 0.000765982 0)
(-0.371712 0.0007608 0)
(-0.371394 0.000755443 9.39523e-22)
(-0.37108 0.000749816 -9.44642e-22)
(-0.370769 0.000744028 0)
(-0.37046 0.000738093 0)
(-0.370154 0.000731982 0)
(-0.36985 0.00072572 0)
(-0.369547 0.000719424 0)
(-0.369246 0.000712982 0)
(-0.368946 0.000706466 0)
(-0.368647 0.000700001 0)
(-0.368349 0.000693477 9.90877e-22)
(-0.368051 0.000686967 -9.9599e-22)
(-0.367753 0.000680496 0)
(-0.367455 0.000674181 0)
(-0.367156 0.000667959 0)
(-0.366856 0.000661812 -1.01621e-21)
(-0.366555 0.00065585 0)
(-0.366253 0.000650049 0)
(-0.365949 0.000644471 0)
(-0.365643 0.000639092 0)
(-0.365335 0.00063397 0)
(-0.365024 0.00062904 -2.09053e-21)
(-0.364711 0.000624396 0)
(-0.364393 0.00062006 0)
(-0.364072 0.000615967 0)
(-0.363748 0.00061225 0)
(-0.363419 0.000608801 0)
(-0.363085 0.000605642 0)
(-0.362748 0.000602911 0)
(-0.362404 0.00060055 2.15791e-21)
(-0.362056 0.00059858 0)
(-0.361702 0.000597056 0)
(-0.361342 0.000595911 0)
(-0.360976 0.000595192 -2.18402e-21)
(-0.360603 0.000594936 0)
(-0.360223 0.000595132 -2.19438e-21)
(-0.359836 0.000595733 0)
(-0.359442 0.000596792 0)
(-0.359038 0.000598243 0)
(-0.358626 0.000600017 -2.20827e-21)
(-0.358204 0.000602151 0)
(-0.357772 0.000604606 2.21122e-21)
(-0.35733 0.000607346 2.21157e-21)
(-0.356875 0.000610334 0)
(-0.356408 0.000613567 2.20977e-21)
(-0.355928 0.000617009 0)
(-0.355432 0.000620597 0)
(-0.354921 0.00062431 0)
(-0.354395 0.000628209 -2.19509e-21)
(-0.35385 0.00063223 0)
(-0.353287 0.000636352 -2.18147e-21)
(-0.352704 0.000640641 2.17292e-21)
(-0.352101 0.00064506 0)
(-0.351477 0.000649631 0)
(-0.35083 0.000654317 0)
(-0.35016 0.000659139 0)
(-0.349466 0.000664165 0)
(-0.348747 0.000669309 0)
(-0.348002 0.000674644 0)
(-0.347231 0.000680066 -2.05587e-21)
(-0.346432 0.000685679 0)
(-0.345606 0.000691407 0)
(-0.344751 0.00069723 0)
(-0.343867 0.000703166 0)
(-0.342953 0.000709175 0)
(-0.342009 0.0007152 0)
(-0.341034 0.000721241 0)
(-0.340028 0.000727235 0)
(-0.33899 0.00073317 0)
(-0.337921 0.000739035 0)
(-0.33682 0.000744811 0)
(-0.335687 0.000750433 0)
(-0.334521 0.000755947 -3.2412e-21)
(-0.333321 0.000761293 0)
(-0.332089 0.000766309 0)
(-0.330824 0.000771233 0)
(-0.329526 0.000775814 2.81473e-21)
(-0.328193 0.000780245 0)
(-0.326828 0.000784207 0)
(-0.325429 0.000787968 2.43695e-21)
(-0.323997 0.000791214 0)
(-0.322532 0.000794147 -2.15566e-21)
(-0.321037 0.000796693 0)
(-0.319508 0.000799026 0)
(-0.317949 0.000801258 0)
(-0.316357 0.000803245 1.51808e-21)
(-0.314732 0.000804158 0)
(-0.313075 0.000804634 -1.1603e-21)
(-0.311387 0.000804934 0)
(-0.309669 0.000804865 0)
(-0.307921 0.000805521 0)
(-0.306146 0.000802654 0)
(-0.304342 0.000803397 0)
(-0.302514 0.000800617 0)
(-0.300657 0.000797116 0)
(-0.298779 0.000797304 0)
(-0.296876 0.000793113 0)
(-0.294951 0.000790911 0)
(-0.293006 0.000786125 0)
(-0.291041 0.000781634 1.58171e-21)
(-0.289058 0.000776896 -1.85887e-21)
(-0.287058 0.000771721 0)
(-0.285043 0.000766349 0)
(-0.283016 0.000760379 0)
(-0.280975 0.000754352 0)
(-0.278925 0.000747607 -3.36281e-21)
(-0.276866 0.000740874 3.68739e-21)
(-0.274799 0.000733257 -4.02018e-21)
(-0.272728 0.000725929 0)
(-0.270653 0.00071771 -4.70979e-21)
(-0.268576 0.000710088 -1.01332e-20)
(-0.266498 0.000701506 0)
(-0.26442 0.000693686 -1.16098e-20)
(-0.262343 0.000685023 1.23731e-20)
(-0.260266 0.000677245 0)
(-0.258192 0.000668539 0)
(-0.256119 0.000660901 0)
(-0.254049 0.000652381 0)
(-0.251981 0.000645028 0)
(-0.249916 0.000636942 -1.73091e-20)
(-0.247851 0.000630188 0)
(-0.245789 0.000622774 -1.9098e-20)
(-0.243726 0.00061683 0)
(-0.241663 0.000610399 0)
(-0.239597 0.000605639 0)
(-0.237526 0.000600639 0)
(-0.235448 0.000597332 0)
(-0.233358 0.000594191 2.49621e-20)
(-0.231254 0.00059289 0)
(-0.229129 0.000592444 0)
(-0.226976 0.0005941 -2.82339e-20)
(-0.224787 0.000597127 0)
(-0.222554 0.00060246 0)
(-0.220264 0.000610061 0)
(-0.217907 0.000620534 3.30998e-20)
(-0.215463 0.000634624 0)
(-0.212917 0.000652547 0)
(-0.21024 0.00067613 0)
(-0.207407 0.000705475 0)
(-0.204373 0.000744273 -4.04856e-20)
(-0.201087 0.00079329 0)
(-0.197489 0.000861288 0)
(-0.193394 0.000952538 0)
(-0.188888 0.00110193 4.85681e-20)
(-0.18265 0.00132571 0)
(-0.177038 0.00202261 0)
(-0.157769 0.0023621 -5.9913e-20)
(-0.165754 0.00929084 -3.00927e-36)
(-0.189692 0.0157326 6.9779e-18)
(-0.205803 0.0189096 1.29739e-17)
(-0.214469 0.0206576 1.25247e-17)
(-0.221621 0.0218382 1.21461e-17)
(-0.22859 0.0228123 1.17268e-17)
(-0.234917 0.0236588 -1.13573e-17)
(-0.240729 0.024409 -1.10258e-17)
(-0.24618 0.0250855 0)
(-0.251472 0.0257099 -2.07873e-17)
(-0.256769 0.026305 -1.00772e-17)
(-0.262183 0.0268882 5.11575e-35)
(-0.267823 0.0274774 0)
(-0.273811 0.0280892 -1.81176e-17)
(-0.280251 0.0287356 -1.73355e-17)
(-0.287245 0.02943 -1.64745e-17)
(-0.294926 0.0301843 -1.20371e-35)
(-0.303393 0.0310142 2.88929e-17)
(-0.312914 0.0319413 1.32389e-17)
(-0.323366 0.0329667 6.01853e-36)
(-0.335561 0.0341438 -2.0666e-17)
(-0.34809 0.0354036 -8.33202e-21)
(-0.365593 0.0370053 -1.50463e-36)
(-0.377034 0.0384659 7.70418e-18)
(-0.407314 0.040701 -4.76134e-18)
)
;
    }
    lowerWall
    {
        type            calculated;
        value           nonuniform List<vector> 
250
(
(-0.624333 0.0512079 0)
(-0.613096 0.0432649 0)
(-0.597344 0.0249258 0)
(-0.58103 0.0124443 0)
(-0.566285 0.00541671 0)
(-0.553729 0.00173227 0)
(-0.543075 -0.000115761 0)
(-0.5342 -0.00104647 0)
(-0.526711 -0.0014538 0)
(-0.520469 -0.00164664 0)
(-0.515134 -0.00171951 0)
(-0.510568 -0.00174344 0)
(-0.506572 -0.00173577 0)
(-0.50306 -0.00171238 0)
(-0.499891 -0.00168241 0)
(-0.497191 -0.00165731 0)
(-0.494002 -0.00170566 0)
(-0.492898 -0.00126347 0)
(0.000550204 -0.01379 0)
(0.000691727 -0.0145052 0)
(0.00092423 -0.0153571 0)
(0.00130541 -0.0164149 6.76949e-20)
(0.00189511 -0.017757 -6.45844e-20)
(0.00307853 -0.0197796 6.13745e-20)
(0.00402451 -0.0206905 -5.62854e-20)
(0.0099915 -0.0421314 0)
(-0.0598495 -0.125723 0)
(-0.000327458 0.000324382 0)
(-0.000325132 0.00117642 0)
(-5.15112e-05 0.00156548 0)
(0.000265186 0.00134025 0)
(0.000505671 0.0006638 7.54529e-20)
(0.000667124 -0.000307431 -7.01026e-20)
(0.000756411 -0.00146393 0)
(0.00079541 -0.00272559 -1.08362e-19)
(0.000798657 -0.00402888 9.7533e-20)
(0.000775348 -0.00532426 0)
(0.000732661 -0.00657411 0)
(0.00067691 -0.00775086 0)
(0.000613971 -0.00883647 0)
(0.00054938 -0.0098209 0)
(0.000491026 -0.0107066 0)
(0.000449163 -0.0115127 0)
(0.000435446 -0.0122725 0)
(0.000468417 -0.0130507 0)
(0.000172358 0.000346287 0)
(-0.000212447 0.000516756 0)
(-0.000503156 0.000463674 0)
(-0.000675386 0.000298684 0)
(-0.000736582 9.51483e-05 0)
(-0.000695395 -9.91011e-05 0)
(-0.000578684 -0.000255551 7.02343e-21)
(-0.000410549 -0.000369872 -6.64376e-21)
(-0.000207779 -0.000447942 -0)
(1.86004e-05 -0.000499478 -5.6774e-21)
(0.000262558 -0.000535078 -0)
(0.000522539 -0.000563178 0)
(0.000798687 -0.00058869 -0)
(0.00109131 -0.00061377 3.12808e-21)
(0.00140054 -0.000639352 0)
(0.00172642 -0.000665433 0)
(0.00206882 -0.000691987 -2.25178e-21)
(0.00242767 -0.000718525 -0)
(0.00280255 -0.000744858 0)
(0.00319353 -0.000770261 -0)
(0.0036001 -0.00079428 1.65246e-21)
(0.00402222 -0.000815645 0)
(0.00445889 -0.000833312 1.47494e-21)
(0.00490942 -0.000845798 0)
(0.00537212 -0.000851982 -0)
(0.0058455 -0.000851056 1.29018e-21)
(0.00632741 -0.000843339 0)
(0.00681575 -0.000831111 -1.19837e-21)
(0.0073128 -0.000819497 0)
(0.00781698 -0.000803939 1.12333e-21)
(0.00831248 -0.000795504 0)
(0.00880672 -0.000840847 0)
(0.00935879 -0.000927146 0)
(0.00991002 -0.00102255 -0)
(0.0103976 -0.00120926 0)
(0.0108888 -0.00155915 -9.36861e-22)
(0.0114368 -0.00198772 -0)
(0.0123187 -0.00249706 2.03498e-21)
(0.0135293 -0.00198462 0)
(0.0141544 -0.000906557 -2.69265e-21)
(0.0145743 -0.00088628 0)
(0.0150016 -0.000614182 0)
(0.0156147 -0.00178162 1.89744e-21)
(0.0169274 -0.0022093 -0)
(0.018384 -0.00117992 2.3272e-21)
(0.0190182 -0.00117667 -2.2906e-21)
(0.020142 -0.00124862 -0)
(0.0212855 -0.00129441 -2.24037e-21)
(0.0224831 -0.00132142 -2.21654e-21)
(0.0236999 -0.00133982 -0)
(0.0249479 -0.0013534 0)
(0.0262183 -0.00136362 0)
(0.0275135 -0.00137148 0)
(0.0288299 -0.00137766 -0)
(0.0301685 -0.00138251 2.10074e-21)
(0.0315271 -0.00138623 0)
(0.0329061 -0.00138901 -2.072e-21)
(0.0343043 -0.00139074 -0)
(0.0357209 -0.00139143 -0)
(0.0371551 -0.00139122 2.0354e-21)
(0.0386063 -0.00138991 0)
(0.0400732 -0.00138744 -2.01435e-21)
(0.041555 -0.00138378 -0)
(0.0430505 -0.00137885 0)
(0.0445583 -0.00137256 -0)
(0.0460773 -0.00136487 1.97782e-21)
(0.0476061 -0.0013556 0)
(0.0491428 -0.00134476 -0)
(0.0506861 -0.00133228 1.95338e-21)
(0.052234 -0.00131807 0)
(0.0537849 -0.00130207 1.93768e-21)
(0.0553367 -0.00128422 0)
(0.0568873 -0.00126445 0)
(0.0584344 -0.00124282 0)
(0.0599763 -0.00121921 -1.90589e-21)
(0.0615101 -0.00119371 -0)
(0.0630342 -0.00116615 0)
(0.0645452 -0.00113662 -1.88017e-21)
(0.0660415 -0.00110515 -1.87098e-21)
(0.0675202 -0.00107164 -0)
(0.0689787 -0.00103616 -1.8514e-21)
(0.0704143 -0.000998707 0)
(0.0718246 -0.0009593 -3.65976e-21)
(0.0732065 -0.000918005 -0)
(0.0745579 -0.000874767 -3.61211e-21)
(0.0758755 -0.000829529 -0)
(0.0771566 -0.000782445 3.55908e-21)
(0.0783988 -0.000733297 0)
(0.0795983 -0.000682007 0)
(0.0807527 -0.000628479 0)
(0.0818586 -0.000572461 -3.43382e-21)
(0.0829129 -0.00051356 -0)
(0.0839116 -0.0004513 3.36013e-21)
(0.084851 -0.000385286 0)
(0.0857265 -0.000314982 -3.27822e-21)
(0.0865329 -0.000240626 -3.23409e-21)
(0.0872662 -0.000163837 -3.18791e-21)
(0.0879222 -8.82483e-05 0)
(0.0885002 -2.08211e-05 0)
(0.0890106 3.8252e-05 0)
(0.089456 9.48844e-05 0)
(0.089835 0.000151017 0)
(0.0901467 0.000207061 0)
(0.0903898 0.000263186 0)
(0.0905635 0.000319351 0)
(0.0906665 0.000375641 2.64823e-21)
(0.0906973 0.000431806 2.57276e-21)
(0.0906559 0.000487864 0)
(0.0905406 0.000543717 0)
(0.0903514 0.000599278 0)
(0.0900872 0.000654445 2.23612e-21)
(0.0897484 0.00070914 0)
(0.0893339 0.000763258 0)
(0.0888444 0.000816775 0)
(0.0882792 0.000869639 0)
(0.0876387 0.000921632 -1.73134e-21)
(0.0869238 0.000972752 0)
(0.0861342 0.00102299 0)
(0.085271 0.00107214 1.37987e-21)
(0.0843349 0.00112024 -1.25412e-21)
(0.0833268 0.00116716 0)
(0.0822478 0.00121288 -9.89192e-22)
(0.081099 0.00125733 0)
(0.0798818 0.00130039 7.05729e-22)
(0.0785981 0.00134205 0)
(0.0772491 0.00138232 0)
(0.0758367 0.00142104 0)
(0.0743631 0.00145831 0)
(0.07283 0.00149412 0)
(0.0712396 0.0015284 5.29242e-22)
(0.0695931 0.00156105 8.90409e-22)
(0.067893 0.001592 0)
(0.0661392 0.00162111 0)
(0.0643402 0.00164887 0)
(0.0624978 0.00167514 -2.45454e-21)
(0.0606117 0.00169963 0)
(0.0586839 0.00172244 0)
(0.0567184 0.00174358 0)
(0.0547176 0.00176302 -4.23073e-21)
(0.0526848 0.00178072 4.71196e-21)
(0.050623 0.00179688 0)
(0.0485346 0.00181149 0)
(0.0464228 0.00182457 6.25591e-21)
(0.0442908 0.00183621 6.80684e-21)
(0.0421407 0.0018465 0)
(0.0399759 0.00185535 0)
(0.037799 0.00186296 -8.58287e-21)
(0.0356127 0.00186928 9.22016e-21)
(0.0334195 0.00187444 0)
(0.0312219 0.00187841 0)
(0.0290221 0.00188127 1.12902e-20)
(0.0268228 0.00188308 0)
(0.0246265 0.00188401 0)
(0.0224352 0.00188414 1.36408e-20)
(0.0202511 0.00188361 0)
(0.0180763 0.00188249 1.53991e-20)
(0.0159124 0.00188094 0)
(0.0137613 0.00187902 0)
(0.0116245 0.00187678 0)
(0.00950373 0.00187429 -1.95139e-20)
(0.00740044 0.00187174 0)
(0.00531595 0.00187011 0)
(0.00325122 0.00186931 0)
(0.00120636 0.00186589 0)
(-0.000817626 0.00184123 0)
(-0.00282397 0.00179488 0)
(-0.00481599 0.00174678 -2.4024e-20)
(-0.00679483 0.00170139 -2.3429e-20)
(-0.00876105 0.0016588 0)
(-0.0107155 0.00161849 0)
(-0.0126583 0.00157978 0)
(-0.014589 0.00154188 2.14072e-20)
(-0.0165059 0.00150359 0)
(-0.0184052 0.00146317 -4.11262e-20)
(-0.0202807 0.00141683 4.03581e-20)
(-0.0221124 0.00135944 3.96485e-20)
(-0.0238904 0.00126889 -3.902e-20)
(-0.025456 0.00113212 3.85227e-20)
(-0.0270078 0.000773786 -3.83336e-20)
(-0.0265941 4.38666e-05 0)
(-0.029001 1.24255e-06 -2.43671e-18)
(-0.0337092 -0.000862869 -2.30838e-18)
(-0.0382847 -0.00155652 0)
(-0.0424844 -0.00210107 -4.20679e-18)
(-0.0467725 -0.00260163 -8.05236e-18)
(-0.0512843 -0.003093 -3.85412e-18)
(-0.0560235 -0.0035883 3.68873e-18)
(-0.0610109 -0.00410074 -6.01853e-36)
(-0.0662821 -0.00463931 6.01853e-36)
(-0.0718627 -0.00520872 3.22166e-18)
(-0.0777749 -0.00581272 3.07135e-18)
(-0.0840391 -0.00645451 3.00927e-36)
(-0.0906812 -0.00713691 0)
(-0.0977193 -0.00786288 0)
(-0.105192 -0.00863419 -5.16277e-35)
(-0.113109 -0.0094563 5.17218e-36)
(-0.121555 -0.0103263 2.40741e-35)
(-0.130479 -0.0112628 -3.96841e-18)
(-0.140178 -0.0122386 -3.61543e-18)
(-0.150135 -0.0133248 6.01853e-36)
(-0.161976 -0.0144043 5.67396e-18)
(-0.172253 -0.0157205 9.37173e-18)
(-0.189483 -0.0168443 0)
(-0.196387 -0.0186629 -4.42374e-18)
(-0.230419 -0.0192928 -2.70834e-35)
)
;
    }
    frontAndBack
    {
        type            empty;
    }
}


// ************************************************************************* //
