/*--------------------------------*- C++ -*----------------------------------*\
  =========                 |
  \\      /  F ield         | OpenFOAM: The Open Source CFD Toolbox
   \\    /   O peration     | Website:  https://openfoam.org
    \\  /    A nd           | Version:  8
     \\/     M anipulation  |
\*---------------------------------------------------------------------------*/
FoamFile
{
    version     2.0;
    format      ascii;
    class       volVectorField;
    location    "4400";
    object      wallShearStress;
}
// * * * * * * * * * * * * * * * * * * * * * * * * * * * * * * * * * * * * * //

dimensions      [0 2 -2 0 0 0 0];

internalField   uniform (0 0 0);

boundaryField
{
    inlet
    {
        type            calculated;
        value           uniform (0 0 0);
    }
    outlet
    {
        type            calculated;
        value           uniform (0 0 0);
    }
    upperWall
    {
        type            calculated;
        value           nonuniform List<vector> 
223
(
(-0.582193 -0.392359 0)
(-0.977814 -0.219377 0)
(-0.939336 -0.0567747 0)
(-0.81071 -0.00585788 0)
(-0.734594 0.00331367 0)
(-0.695452 0.00231535 0)
(-0.670941 0.000423836 0)
(-0.653507 -0.00144924 0)
(-0.640542 -0.00256675 0)
(-0.629804 -0.00217444 0)
(-0.620131 -0.00134555 0)
(-0.610872 -0.000983853 0)
(-0.603109 -0.00162561 0)
(-0.597042 -0.00155832 0)
(-0.590597 0.000518267 0)
(-0.58443 0.00106757 0)
(-0.579718 -0.000171572 0)
(-0.575207 0.000825384 0)
(-0.570954 0.00206586 0)
(-0.567552 0.0029863 4.29528e-22)
(-0.56445 0.00259908 0)
(-0.561832 0.00214198 0)
(-0.559289 0.00315369 0)
(-0.556279 0.00346398 4.48357e-22)
(-0.553223 0.00381108 0)
(-0.55009 0.00368661 0)
(-0.547104 0.0031406 0)
(-0.544294 0.00283298 -9.32266e-22)
(-0.541516 0.00255864 9.42211e-22)
(-0.538787 0.00230057 9.52383e-22)
(-0.536089 0.00210187 0)
(-0.533404 0.00190365 -9.74266e-22)
(-0.530735 0.00170347 0)
(-0.528087 0.00154035 9.97821e-22)
(-0.525432 0.00140617 1.01031e-21)
(-0.522767 0.00130398 -1.02332e-21)
(-0.520083 0.00122107 0)
(-0.517386 0.00115604 0)
(-0.514669 0.00110681 0)
(-0.51193 0.00107027 0)
(-0.509166 0.00104395 -1.09017e-21)
(-0.506373 0.00102573 0)
(-0.50355 0.00101406 0)
(-0.500692 0.00100785 1.13079e-21)
(-0.497796 0.00100609 0)
(-0.49486 0.00100813 1.15741e-21)
(-0.49188 0.00101318 -1.17045e-21)
(-0.488852 0.00102068 1.18323e-21)
(-0.485773 0.00103034 0)
(-0.482641 0.00104082 0)
(-0.479455 0.00105162 0)
(-0.476215 0.00106162 1.23078e-21)
(-0.472929 0.00106964 -1.24145e-21)
(-0.469606 0.00107615 0)
(-0.466263 0.00108212 0)
(-0.462913 0.00108803 0)
(-0.459568 0.00109309 0)
(-0.456234 0.00109625 0)
(-0.452909 0.0010967 0)
(-0.449591 0.0010945 0)
(-0.446271 0.00109054 0)
(-0.442939 0.00108564 1.29194e-21)
(-0.439584 0.00108092 -1.29171e-21)
(-0.436195 0.00107748 0)
(-0.432761 0.00107577 0)
(-0.429271 0.00107605 0)
(-0.425716 0.00107846 -1.27835e-21)
(-0.422089 0.00108283 0)
(-0.418381 0.00108877 0)
(-0.414588 0.00109603 0)
(-0.410704 0.00110422 0)
(-0.406728 0.00111281 0)
(-0.402655 0.00112138 -2.43446e-21)
(-0.398487 0.0011293 0)
(-0.394224 0.00113606 0)
(-0.389868 0.00114115 0)
(-0.385427 0.00114436 0)
(-0.380908 0.00114558 0)
(-0.376322 0.00114468 0)
(-0.371683 0.00114137 0)
(-0.367001 0.00113535 2.09552e-21)
(-0.362288 0.00112655 0)
(-0.357551 0.00111502 0)
(-0.352795 0.00110112 0)
(-0.348022 0.0010853 -1.83988e-21)
(-0.343231 0.00106815 0)
(-0.338422 0.00105027 -1.69046e-21)
(-0.333591 0.00103236 0)
(-0.328732 0.00101531 0)
(-0.323837 0.000999787 0)
(-0.319025 0.000991997 -1.35128e-21)
(-0.316384 0.00100115 0)
(-0.31366 0.001015 1.18082e-21)
(-0.310855 0.00102968 1.09014e-21)
(-0.307975 0.00104285 0)
(-0.305031 0.00105377 8.9646e-22)
(-0.302033 0.00106251 0)
(-0.298997 0.00106986 0)
(-0.295935 0.00107689 0)
(-0.292863 0.00108464 -4.55079e-22)
(-0.289795 0.00109276 0)
(-0.286744 0.00110218 -2.05728e-22)
(-0.283723 0.00110785 7.37491e-23)
(-0.280742 0.00111925 0)
(-0.277807 0.00110426 0)
(-0.274923 0.00110212 0)
(-0.27211 0.00111185 0)
(-0.269358 0.00104296 0)
(-0.266708 0.000897843 0)
(-0.2641 0.000873094 0)
(-0.261658 0.0011078 1.14762e-21)
(-0.259368 0.00111412 0)
(-0.256989 0.00142825 0)
(-0.25508 0.00169321 0)
(-0.253179 0.00145341 0)
(-0.251119 0.0011502 0)
(-0.249131 0.000446641 0)
(-0.246891 0.000258614 0)
(-0.244864 0.00052454 0)
(-0.24288 0.000998353 0)
(-0.241042 0.001061 0)
(-0.239019 0.000409742 0)
(-0.236877 0.000243022 0)
(-0.235145 0.000508052 7.20319e-21)
(-0.233349 0.000586977 0)
(-0.231719 0.000545603 0)
(-0.230108 0.00104816 0)
(-0.228641 0.00104341 -8.77603e-21)
(-0.227261 0.000903391 0)
(-0.225776 0.00114112 0)
(-0.224604 0.000776318 -1e-20)
(-0.223162 0.000455911 0)
(-0.22176 0.00036929 1.08943e-20)
(-0.220321 0.0006796 0)
(-0.219304 0.000937817 0)
(-0.218155 0.000890687 0)
(-0.217055 0.000313161 -1.25068e-20)
(-0.215363 -0.000352787 0)
(-0.213964 -0.000200761 1.35184e-20)
(-0.212771 0.000108696 0)
(-0.21144 0.000350887 0)
(-0.210581 0.000329264 0)
(-0.209639 0.000627061 0)
(-0.208908 0.000914607 0)
(-0.207884 0.000528245 0)
(-0.207197 0.000696115 0)
(-0.206382 0.000659131 0)
(-0.205802 0.000515345 0)
(-0.205022 0.000757406 0)
(-0.204508 7.46962e-05 0)
(-0.203301 -0.000435853 1.85713e-20)
(-0.202219 -0.000189613 -1.90275e-20)
(-0.201566 -4.89399e-05 0)
(-0.200933 4.36022e-05 0)
(-0.200384 0.000162804 0)
(-0.199767 0.000225056 0)
(-0.199121 0.000208483 -2.0963e-20)
(-0.198418 0.000120358 2.13906e-20)
(-0.197979 0.000144088 -2.17207e-20)
(-0.197648 0.00028771 0)
(-0.196694 0.000260596 -2.27128e-20)
(-0.196472 0.00031723 -4.58398e-20)
(-0.196182 0.000357675 0)
(-0.195837 0.000322985 -4.74475e-20)
(-0.195545 0.000708238 4.8137e-20)
(-0.195047 0.000843369 0)
(-0.195047 0.000626622 0)
(-0.194945 0.000441114 0)
(-0.194254 0.000452199 0)
(-0.19398 0.000565738 0)
(-0.1936 -3.09934e-05 -5.31086e-20)
(-0.192359 -0.000391779 0)
(-0.191314 -6.65355e-05 -5.57233e-20)
(-0.190999 6.43343e-05 0)
(-0.190966 0.000239519 0)
(-0.190199 0.000559042 0)
(-0.190031 0.000692641 0)
(-0.190225 0.000554153 0)
(-0.190009 0.00039518 6.02665e-20)
(-0.189155 0.000410264 0)
(-0.188636 3.79668e-06 0)
(-0.187169 -0.000309942 -6.43355e-20)
(-0.185678 -4.87835e-05 0)
(-0.184924 0.000122882 0)
(-0.184102 0.000474614 0)
(-0.183014 0.000703665 6.88665e-20)
(-0.182097 0.000567608 0)
(-0.181269 0.000513993 0)
(-0.179808 0.000589411 0)
(-0.178615 0.000261743 0)
(-0.175755 7.66251e-06 -7.76239e-20)
(-0.172924 0.000331448 0)
(-0.169609 0.000524958 0)
(-0.166188 0.0007253 0)
(-0.161121 0.00101156 8.88895e-20)
(-0.153951 0.00124292 0)
(-0.147912 0.00222073 0)
(-0.122742 0.0023271 -1.08148e-19)
(-0.140528 0.00684956 6.01853e-36)
(-0.169237 0.0134688 1.24541e-17)
(-0.186931 0.017271 2.34904e-17)
(-0.193428 0.0189981 2.26834e-17)
(-0.197025 0.0197824 2.19514e-17)
(-0.200988 0.0203824 2.1161e-17)
(-0.205437 0.0210499 -2.02465e-17)
(-0.209678 0.0215481 -1.95259e-17)
(-0.21387 0.0218915 -6.01853e-36)
(-0.218102 0.022031 -3.66578e-17)
(-0.220237 0.0221902 -1.8075e-17)
(-0.224701 0.0227276 8.96761e-34)
(-0.227507 0.0229085 -1.20371e-35)
(-0.231081 0.0233646 -3.22675e-17)
(-0.235467 0.02395 -3.06536e-17)
(-0.242449 0.0247979 -2.84624e-17)
(-0.249629 0.0254572 -2.40741e-35)
(-0.256938 0.0260711 4.93994e-17)
(-0.26394 0.0266572 2.26552e-17)
(-0.271721 0.027347 1.20371e-35)
(-0.281087 0.0281722 -3.51282e-17)
(-0.290391 0.0289019 -1.52851e-20)
(-0.300211 0.0295026 0)
(-0.305087 0.0304946 1.34161e-17)
(-0.332331 0.0321458 -7.64406e-18)
)
;
    }
    lowerWall
    {
        type            calculated;
        value           nonuniform List<vector> 
250
(
(-0.653909 0.466638 0)
(-1.14095 0.204678 0)
(-1.03492 0.0379586 0)
(-0.869573 -0.000935999 0)
(-0.786941 -0.00419164 0)
(-0.746063 -0.00160784 0)
(-0.719878 0.000416142 0)
(-0.700645 -0.00065184 0)
(-0.685088 -0.00405599 0)
(-0.671318 -0.00471231 0)
(-0.658932 -0.00298834 0)
(-0.64772 -0.000864385 0)
(-0.637516 0.00142596 0)
(-0.62819 0.00210381 0)
(-0.619321 0.0013678 0)
(-0.611522 0.00135753 0)
(-0.604583 0.00169545 0)
(-0.605063 0.00194555 0)
(-0.00423429 -0.0228278 0)
(-0.00275807 -0.0176425 0)
(-0.000680132 -0.0144911 0)
(0.00193718 -0.0137999 9.02547e-20)
(0.00525423 -0.0152141 -7.86559e-20)
(0.0089496 -0.020829 6.28538e-20)
(0.012732 -0.0200741 -4.84758e-20)
(0.0256475 -0.0632968 0)
(-0.0839933 -0.14472 0)
(0.000872414 -0.00384029 0)
(-0.00766523 0.00954674 0)
(-0.00851605 0.0328213 0)
(-0.00254951 0.044855 0)
(0.00295322 0.0442615 1.82228e-20)
(0.00618257 0.0360632 -1.89663e-20)
(0.00818704 0.0241614 0)
(0.00946033 0.0101611 -5.423e-20)
(0.00943151 -0.00404186 6.11455e-20)
(0.00793311 -0.0174217 0)
(0.00614106 -0.0291941 0)
(0.0043816 -0.0385614 0)
(0.00268696 -0.0451386 0)
(0.000985974 -0.0488771 0)
(-0.000886917 -0.0495121 0)
(-0.00281902 -0.0463951 0)
(-0.00439758 -0.0399062 0)
(-0.00491321 -0.0307459 0)
(0.00132864 -0.00151198 0)
(0.00133791 0.00652713 0)
(-0.00450917 0.00961851 0)
(-0.00959708 0.00975639 0)
(-0.013383 0.00829944 0)
(-0.0158892 0.00623514 0)
(-0.0172642 0.00409758 1.49578e-21)
(-0.0177828 0.00200606 -1.52739e-21)
(-0.0173313 -7.05026e-06 0)
(-0.0160537 -0.00168629 -1.65314e-21)
(-0.0141883 -0.00283757 0)
(-0.0120502 -0.00329644 0)
(-0.0100505 -0.00303583 -0)
(-0.00855297 -0.0022802 2.57041e-21)
(-0.00761634 -0.00142297 0)
(-0.00693811 -0.00081577 0)
(-0.00612063 -0.000623363 -3.37832e-21)
(-0.00499301 -0.0010004 0)
(-0.00340867 -0.00238585 0)
(-0.000488791 -0.0050575 0)
(0.00436055 -0.0074036 3.03323e-21)
(0.0099455 -0.00889511 0)
(0.0158465 -0.00984996 1.4692e-21)
(0.0218919 -0.0106169 0)
(0.0280977 -0.0112689 -0)
(0.0344081 -0.0115143 8.44724e-22)
(0.0405405 -0.0113547 0)
(0.0491484 -0.0116033 -7.5406e-22)
(0.0589384 -0.0117553 -0)
(0.0686327 -0.0115828 7.70721e-22)
(0.0780416 -0.011169 0)
(0.0870145 -0.0105841 0)
(0.0954589 -0.00989008 0)
(0.103317 -0.00913661 -0)
(0.110563 -0.00836071 0)
(0.117196 -0.00758961 -8.11174e-22)
(0.12323 -0.00684044 -0)
(0.128686 -0.00612267 1.63312e-21)
(0.133591 -0.00544049 0)
(0.137973 -0.00479417 -1.635e-21)
(0.141859 -0.00418203 -0)
(0.145271 -0.00360143 -0)
(0.148232 -0.00304958 1.6211e-21)
(0.150758 -0.0025241 0)
(0.152863 -0.00202411 1.60087e-21)
(0.154561 -0.00155037 -1.58756e-21)
(0.155863 -0.00110626 -0)
(0.156782 -0.000698822 -1.55495e-21)
(0.157328 -0.000337877 -1.53591e-21)
(0.157514 -3.98417e-05 -0)
(0.157408 0.000194784 0)
(0.157076 0.000391575 0)
(0.156522 0.000568217 0)
(0.155761 0.000731054 -0)
(0.1548 0.000884182 1.37585e-21)
(0.153648 0.0010283 0)
(0.152312 0.00116406 -1.30707e-21)
(0.150799 0.00129165 -0)
(0.149116 0.00141124 -0)
(0.147271 0.00152287 1.19062e-21)
(0.145272 0.0016264 0)
(0.143126 0.00172191 -1.10492e-21)
(0.140842 0.00180934 -0)
(0.138429 0.00188863 0)
(0.135895 0.00195983 -0)
(0.13325 0.00202311 9.16901e-22)
(0.130501 0.00207846 0)
(0.127659 0.002126 -0)
(0.124733 0.00216594 7.6386e-22)
(0.121732 0.00219842 0)
(0.118665 0.0022236 6.57328e-22)
(0.115541 0.00224179 0)
(0.11237 0.00225323 0)
(0.10916 0.00225819 0)
(0.105919 0.0022569 -4.36253e-22)
(0.102656 0.00224971 -0)
(0.09938 0.00223702 0)
(0.0960971 0.00221904 -2.65654e-22)
(0.0928159 0.00219615 -2.08205e-22)
(0.0895431 0.0021687 -0)
(0.0862856 0.00213703 -9.27384e-23)
(0.0830497 0.00210158 -0)
(0.0798412 0.00206259 4.64346e-23)
(0.0766661 0.0020205 -0)
(0.073529 0.00197576 2.78851e-22)
(0.0704351 0.00192878 0)
(0.0673884 0.00188024 -5.11527e-22)
(0.0643927 0.00183085 -0)
(0.0614512 0.00178159 0)
(0.0585665 0.0017338 -0)
(0.0557405 0.00168919 9.78277e-22)
(0.0529747 0.0016499 0)
(0.0502694 0.00161807 -1.21371e-21)
(0.0476234 0.0015948 0)
(0.0457845 0.00160342 1.47546e-21)
(0.0442423 0.00162096 1.63395e-21)
(0.0427033 0.0016259 1.79887e-21)
(0.0411759 0.00161302 0)
(0.0396654 0.0015897 0)
(0.0381717 0.00156399 0)
(0.0366935 0.00153816 0)
(0.0352308 0.00151247 0)
(0.0337835 0.00148687 0)
(0.0323527 0.00146138 0)
(0.0309385 0.00143615 0)
(0.0295416 0.00141131 -3.69154e-21)
(0.0281624 0.00138711 -3.96716e-21)
(0.0268007 0.0013637 0)
(0.0254569 0.00134072 0)
(0.0241314 0.00131665 0)
(0.0228257 0.00129177 -5.26703e-21)
(0.0215394 0.00126756 0)
(0.0202728 0.00124389 0)
(0.0190258 0.00122083 0)
(0.0177985 0.0011984 0)
(0.0165909 0.00117667 7.53547e-21)
(0.015403 0.00115571 0)
(0.0142349 0.00113563 0)
(0.0130863 0.00111651 -9.45411e-21)
(0.0119573 0.0010984 1.02316e-20)
(0.0108477 0.00108139 0)
(0.00975761 0.00106577 1.20677e-20)
(0.0086868 0.00105219 0)
(0.00763497 0.00104181 -1.44058e-20)
(0.00660141 0.00103492 0)
(0.00558581 0.00103051 0)
(0.00458812 0.0010283 0)
(0.00360788 0.00102859 0)
(0.00264469 0.00103162 0)
(0.00169899 0.00103734 5.57026e-20)
(0.000772272 0.00104293 6.42103e-20)
(-0.000137496 0.00103025 0)
(-0.00103474 0.000987467 0)
(-0.00191654 0.000935091 0)
(-0.00278285 0.000885601 -5.28933e-20)
(-0.00363354 0.00084068 0)
(-0.00446841 0.000799931 0)
(-0.00528788 0.000762868 0)
(-0.00609249 0.000728992 -4.04181e-20)
(-0.00688283 0.000697849 3.83679e-20)
(-0.00765939 0.000669055 0)
(-0.00842264 0.000642303 0)
(-0.00917301 0.000617354 3.36198e-20)
(-0.00991095 0.000594008 3.23794e-20)
(-0.0106369 0.000572097 0)
(-0.0113512 0.000551488 0)
(-0.0120544 0.000532072 -2.93542e-20)
(-0.0127469 0.000513751 2.85264e-20)
(-0.0134291 0.000496444 0)
(-0.0141014 0.000480076 0)
(-0.0147642 0.000464585 2.64365e-20)
(-0.015418 0.000449926 0)
(-0.0160633 0.000436051 0)
(-0.0167005 0.000422911 2.47912e-20)
(-0.0173301 0.000410475 0)
(-0.0179524 0.000398712 2.38751e-20)
(-0.018568 0.000387584 0)
(-0.0191774 0.000377066 0)
(-0.0197809 0.000367123 0)
(-0.0203791 0.000357727 -2.23593e-20)
(-0.0209724 0.000348845 0)
(-0.0215612 0.000340427 0)
(-0.0221459 0.000332431 0)
(-0.0227268 0.000324802 0)
(-0.0233041 0.000317423 0)
(-0.0238778 0.000310215 0)
(-0.0244479 0.000303036 -2.03862e-20)
(-0.0250139 0.000295658 -2.01559e-20)
(-0.0255749 0.000287838 0)
(-0.0261298 0.000279174 0)
(-0.0266759 0.000269127 0)
(-0.0272101 0.000256996 1.93612e-20)
(-0.0277275 0.000241541 0)
(-0.0282194 0.000221305 -3.81363e-20)
(-0.0286763 0.000192241 3.793e-20)
(-0.0290693 0.00015262 3.7821e-20)
(-0.0294006 7.78926e-05 -3.78595e-20)
(-0.0294822 -3.93747e-05 3.80467e-20)
(-0.029507 -0.000356532 -3.83989e-20)
(-0.0279724 -0.000616859 0)
(-0.0293451 -0.000516187 -2.43324e-18)
(-0.0327686 -0.00134236 -2.26983e-18)
(-0.0364121 -0.00203331 3.00927e-36)
(-0.039533 -0.002576 -4.06098e-18)
(-0.0424829 -0.00301855 -7.75798e-18)
(-0.0455554 -0.00342165 -3.71969e-18)
(-0.0487787 -0.0038191 3.5681e-18)
(-0.0521106 -0.00430091 -1.20371e-35)
(-0.0555968 -0.00471758 0)
(-0.0593016 -0.00503297 3.15231e-18)
(-0.0632302 -0.00541343 3.03242e-18)
(-0.067414 -0.00582812 3.00927e-36)
(-0.0718964 -0.00626358 0)
(-0.0767139 -0.00672022 0)
(-0.0819099 -0.00721154 -7.97926e-35)
(-0.0875327 -0.00775038 7.68303e-35)
(-0.093653 -0.00834894 1.2338e-34)
(-0.100325 -0.00901133 -4.15823e-18)
(-0.107689 -0.0097316 -3.81243e-18)
(-0.116748 -0.0106242 0)
(-0.127566 -0.0116275 6.13695e-18)
(-0.138422 -0.0127343 1.03497e-17)
(-0.153648 -0.0139275 0)
(-0.162848 -0.0152944 -5.09832e-18)
(-0.191963 -0.0169821 -1.20371e-35)
)
;
    }
    frontAndBack
    {
        type            empty;
    }
}


// ************************************************************************* //
