/*--------------------------------*- C++ -*----------------------------------*\
  =========                 |
  \\      /  F ield         | OpenFOAM: The Open Source CFD Toolbox
   \\    /   O peration     | Website:  https://openfoam.org
    \\  /    A nd           | Version:  8
     \\/     M anipulation  |
\*---------------------------------------------------------------------------*/
FoamFile
{
    version     2.0;
    format      ascii;
    class       volVectorField;
    location    "3600";
    object      wallShearStress;
}
// * * * * * * * * * * * * * * * * * * * * * * * * * * * * * * * * * * * * * //

dimensions      [0 2 -2 0 0 0 0];

internalField   uniform (0 0 0);

boundaryField
{
    inlet
    {
        type            calculated;
        value           uniform (0 0 0);
    }
    outlet
    {
        type            calculated;
        value           uniform (0 0 0);
    }
    upperWall
    {
        type            calculated;
        value           nonuniform List<vector> 
223
(
(-0.582193 -0.392359 0)
(-0.977814 -0.219377 0)
(-0.939336 -0.0567747 0)
(-0.810711 -0.00585788 0)
(-0.734595 0.00331361 0)
(-0.695453 0.00231528 0)
(-0.670942 0.000423879 0)
(-0.653509 -0.00144901 0)
(-0.640542 -0.00256676 0)
(-0.629805 -0.00217412 0)
(-0.620132 -0.00134574 0)
(-0.610877 -0.000984983 0)
(-0.603109 -0.00162726 0)
(-0.596976 -0.00156497 0)
(-0.590767 0.000331794 0)
(-0.58472 0.0010556 0)
(-0.579329 0.00173512 0)
(-0.574881 0.000993485 0)
(-0.571151 0.000986283 0)
(-0.567961 0.00148054 4.25045e-22)
(-0.565076 0.00195716 0)
(-0.56223 0.00289462 0)
(-0.559077 0.00361314 0)
(-0.555853 0.00381559 4.47921e-22)
(-0.552763 0.00338878 0)
(-0.549952 0.00318202 0)
(-0.547075 0.00326139 0)
(-0.544173 0.00298294 -9.31216e-22)
(-0.541409 0.00261117 9.41721e-22)
(-0.538725 0.00245191 9.53331e-22)
(-0.536025 0.00219819 0)
(-0.533376 0.00197089 -9.76727e-22)
(-0.530737 0.00177351 0)
(-0.528104 0.00160908 1.00152e-21)
(-0.525461 0.00146843 1.01405e-21)
(-0.522802 0.00136268 -1.02684e-21)
(-0.520119 0.00127559 0)
(-0.517421 0.00120549 0)
(-0.514703 0.00115087 0)
(-0.511962 0.00110879 0)
(-0.509195 0.00107698 -1.09092e-21)
(-0.506401 0.00105365 0)
(-0.503576 0.0010375 0)
(-0.500716 0.00102721 1.13087e-21)
(-0.49782 0.00102199 0)
(-0.494882 0.00102104 1.15733e-21)
(-0.491901 0.00102359 -1.17033e-21)
(-0.488873 0.00102916 1.18309e-21)
(-0.485792 0.0010373 0)
(-0.482659 0.00104659 0)
(-0.479472 0.00105642 0)
(-0.476232 0.00106569 1.23064e-21)
(-0.472945 0.00107332 -1.24132e-21)
(-0.469621 0.00107946 0)
(-0.466276 0.00108511 0)
(-0.462925 0.00109078 0)
(-0.45958 0.00109578 0)
(-0.456244 0.00109884 0)
(-0.452919 0.00109916 0)
(-0.4496 0.00109695 0)
(-0.446279 0.00109281 0)
(-0.442947 0.0010878 1.29192e-21)
(-0.439591 0.00108305 -1.2917e-21)
(-0.436202 0.00107944 0)
(-0.432767 0.0010776 0)
(-0.429277 0.00107778 0)
(-0.425721 0.00107999 -1.27833e-21)
(-0.422093 0.00108416 0)
(-0.418385 0.00108999 0)
(-0.414591 0.00109711 0)
(-0.410707 0.00110512 0)
(-0.406731 0.00111364 0)
(-0.402658 0.00112209 -2.43431e-21)
(-0.39849 0.00112986 0)
(-0.394227 0.00113653 0)
(-0.389871 0.00114154 0)
(-0.385429 0.00114468 0)
(-0.38091 0.00114588 0)
(-0.376324 0.00114489 0)
(-0.371685 0.00114153 0)
(-0.367003 0.00113552 2.09529e-21)
(-0.36229 0.00112669 0)
(-0.357552 0.00111515 0)
(-0.352796 0.00110115 0)
(-0.348023 0.00108531 -1.83964e-21)
(-0.343233 0.00106819 0)
(-0.338424 0.00105034 -1.69021e-21)
(-0.333592 0.00103238 0)
(-0.328733 0.00101529 0)
(-0.323838 0.000999833 0)
(-0.319026 0.000992002 -1.35101e-21)
(-0.316385 0.00100111 0)
(-0.313661 0.00101499 1.18053e-21)
(-0.310856 0.00102966 1.08984e-21)
(-0.307976 0.00104284 0)
(-0.305032 0.00105369 8.96144e-22)
(-0.302035 0.00106252 0)
(-0.298998 0.00106975 0)
(-0.295936 0.00107716 0)
(-0.292865 0.00108381 -4.54685e-22)
(-0.289796 0.00109468 0)
(-0.286744 0.00110049 -2.0523e-22)
(-0.283719 0.00110344 7.31897e-23)
(-0.280734 0.00111175 0)
(-0.2778 0.00112235 0)
(-0.274922 0.00111055 0)
(-0.272107 0.00108578 0)
(-0.269356 0.00106808 0)
(-0.266656 0.000990437 0)
(-0.264032 0.000860015 0)
(-0.261514 0.000727507 1.15384e-21)
(-0.258987 0.000694845 0)
(-0.256725 0.000788067 0)
(-0.254549 0.000873749 0)
(-0.252341 0.000809511 0)
(-0.250405 0.000819254 0)
(-0.248395 0.000840384 0)
(-0.246516 0.000755449 0)
(-0.244491 0.000798652 0)
(-0.242667 0.000792741 0)
(-0.240668 0.000883791 0)
(-0.238989 0.000903299 0)
(-0.237097 0.000960142 0)
(-0.235271 0.00091109 7.15622e-21)
(-0.233554 0.00114367 0)
(-0.232073 0.00150523 0)
(-0.230548 0.00138114 0)
(-0.229215 0.000697611 -8.73224e-21)
(-0.227326 -2.6723e-05 0)
(-0.225629 6.51251e-05 0)
(-0.224179 0.000214827 -1.00822e-20)
(-0.222886 0.000324015 0)
(-0.221505 0.000439991 1.0917e-20)
(-0.220105 0.000437863 0)
(-0.218972 0.000426027 0)
(-0.217759 0.000444432 0)
(-0.216593 0.00045902 -1.25732e-20)
(-0.215284 0.000545833 0)
(-0.214218 0.000506214 1.33965e-20)
(-0.212803 0.000421884 0)
(-0.211794 0.000415498 0)
(-0.210609 0.000417312 0)
(-0.209627 0.000347756 0)
(-0.208741 0.000354728 0)
(-0.207813 0.000483637 0)
(-0.207136 0.000498007 0)
(-0.20595 0.000336988 0)
(-0.20527 0.000263657 0)
(-0.204633 0.000402183 0)
(-0.203782 0.0005573 0)
(-0.202928 0.000493497 1.84904e-20)
(-0.202248 0.000470584 -1.88521e-20)
(-0.201238 0.00079944 0)
(-0.200839 0.000719814 0)
(-0.200459 0.00070458 0)
(-0.200218 0.000874803 0)
(-0.19956 0.000587357 -2.08801e-20)
(-0.199173 0.000539919 2.12281e-20)
(-0.198998 5.96219e-06 -2.15657e-20)
(-0.197923 -0.000482714 0)
(-0.19703 -0.000197111 -2.27118e-20)
(-0.196582 -5.16093e-05 -4.60251e-20)
(-0.195876 2.77978e-05 0)
(-0.195181 0.000156295 -4.78387e-20)
(-0.195013 0.000207188 4.8383e-20)
(-0.19472 0.000241542 0)
(-0.194553 0.000651175 0)
(-0.194187 0.000695574 0)
(-0.19387 0.00051609 0)
(-0.193758 0.000454966 0)
(-0.193599 0.000468455 -5.30325e-20)
(-0.192859 0.000533893 0)
(-0.192592 0.000381966 -5.48049e-20)
(-0.192383 -0.000115538 0)
(-0.19124 -0.000453511 0)
(-0.190301 -0.000190096 0)
(-0.190065 -6.02524e-06 0)
(-0.189247 0.000139099 0)
(-0.188107 0.000156479 6.1264e-20)
(-0.187854 0.000106369 0)
(-0.187514 0.000152922 0)
(-0.186427 0.000250334 -6.42291e-20)
(-0.185439 0.000280607 0)
(-0.184832 0.000311509 0)
(-0.183645 0.000350444 0)
(-0.182619 0.000354941 6.90244e-20)
(-0.181293 0.000327011 0)
(-0.180357 0.000337014 0)
(-0.179082 0.000459703 0)
(-0.176945 0.000514791 0)
(-0.174875 0.000543419 -7.7124e-20)
(-0.172455 0.000588721 0)
(-0.169961 0.000728536 0)
(-0.165455 0.000902256 0)
(-0.160837 0.00107279 8.85037e-20)
(-0.153921 0.00137872 0)
(-0.147351 0.00232075 0)
(-0.122574 0.00240355 -1.07884e-19)
(-0.140794 0.00690965 0)
(-0.169216 0.01345 1.25083e-17)
(-0.186702 0.0172275 2.35462e-17)
(-0.193294 0.0189691 2.26851e-17)
(-0.196847 0.0197686 2.1999e-17)
(-0.200437 0.0203177 2.12503e-17)
(-0.205112 0.0209995 -2.02573e-17)
(-0.209539 0.0215259 -1.95367e-17)
(-0.213822 0.0218802 -6.01853e-36)
(-0.218094 0.0220254 -3.66646e-17)
(-0.22024 0.0221872 -1.80775e-17)
(-0.224705 0.0227261 9.62965e-34)
(-0.22751 0.0229075 0)
(-0.231081 0.0233636 -3.22682e-17)
(-0.235464 0.0239488 -3.06545e-17)
(-0.242443 0.0247966 -2.8463e-17)
(-0.24962 0.0254557 0)
(-0.256929 0.0260697 4.94006e-17)
(-0.26393 0.0266559 2.26558e-17)
(-0.271713 0.0273459 0)
(-0.281078 0.0281711 -3.5129e-17)
(-0.290383 0.0289009 -1.5285e-20)
(-0.300203 0.0295017 0)
(-0.305079 0.0304939 1.34163e-17)
(-0.332325 0.032145 -7.64418e-18)
)
;
    }
    lowerWall
    {
        type            calculated;
        value           nonuniform List<vector> 
250
(
(-0.653909 0.466638 0)
(-1.14095 0.204678 0)
(-1.03492 0.0379587 0)
(-0.869573 -0.000935989 0)
(-0.786941 -0.00419162 0)
(-0.746063 -0.00160782 0)
(-0.719878 0.000416161 0)
(-0.700645 -0.000651802 0)
(-0.685088 -0.00405592 0)
(-0.671318 -0.00471214 0)
(-0.658933 -0.00298815 0)
(-0.64772 -0.000864178 0)
(-0.637517 0.00142611 0)
(-0.628189 0.00210388 0)
(-0.61932 0.00136791 0)
(-0.611521 0.00135755 0)
(-0.604581 0.00169546 0)
(-0.605062 0.0019453 0)
(-0.00423445 -0.0228278 0)
(-0.00275819 -0.0176423 0)
(-0.000680147 -0.0144908 0)
(0.00193723 -0.0137996 9.02513e-20)
(0.00525446 -0.0152139 -7.86521e-20)
(0.00895027 -0.0208289 6.28503e-20)
(0.012733 -0.0200753 -4.84724e-20)
(0.0256473 -0.0632979 0)
(-0.0839969 -0.144721 0)
(0.000872492 -0.00384053 0)
(-0.00766543 0.00954707 0)
(-0.00851611 0.0328219 0)
(-0.00254938 0.0448554 0)
(0.00295338 0.0442615 1.82217e-20)
(0.00618276 0.0360628 -1.89652e-20)
(0.0081873 0.0241605 0)
(0.00946057 0.0101599 -5.42277e-20)
(0.0094317 -0.00404328 6.11406e-20)
(0.00793319 -0.0174234 0)
(0.0061411 -0.0291959 0)
(0.00438159 -0.0385633 0)
(0.00268692 -0.0451402 0)
(0.000985944 -0.0488786 0)
(-0.000887012 -0.0495137 0)
(-0.00281914 -0.0463963 0)
(-0.00439776 -0.0399073 0)
(-0.00491342 -0.0307463 0)
(0.00132869 -0.00151212 0)
(0.00133799 0.00652739 0)
(-0.0045093 0.00961873 0)
(-0.00959729 0.00975656 0)
(-0.0133832 0.00829952 0)
(-0.0158894 0.00623519 0)
(-0.0172644 0.0040976 1.49569e-21)
(-0.017783 0.00200607 -1.52729e-21)
(-0.0173315 -7.0503e-06 0)
(-0.0160539 -0.00168629 -1.65304e-21)
(-0.0141884 -0.00283756 0)
(-0.0120504 -0.00329643 0)
(-0.0100507 -0.00303584 -0)
(-0.00855303 -0.00228024 2.57023e-21)
(-0.00761635 -0.00142304 0)
(-0.006938 -0.000815867 0)
(-0.00612042 -0.000623469 -3.37818e-21)
(-0.00499274 -0.00100056 0)
(-0.00340827 -0.0023862 0)
(-0.000488112 -0.00505796 0)
(0.00436148 -0.00740392 3.0328e-21)
(0.00994649 -0.00889531 0)
(0.0158475 -0.00985009 1.46905e-21)
(0.021893 -0.0106171 0)
(0.0280988 -0.011269 -0)
(0.0344092 -0.0115143 8.4467e-22)
(0.0405416 -0.0113546 0)
(0.04915 -0.0116033 -7.54029e-22)
(0.0589401 -0.0117553 -0)
(0.0686342 -0.0115827 7.70692e-22)
(0.0780432 -0.0111689 0)
(0.0870161 -0.0105839 0)
(0.0954602 -0.00988994 0)
(0.103318 -0.00913652 -0)
(0.110564 -0.00836053 0)
(0.117197 -0.00758945 -8.11144e-22)
(0.123231 -0.00684035 -0)
(0.128686 -0.00612247 1.63307e-21)
(0.133591 -0.00544031 0)
(0.137974 -0.00479407 -1.63494e-21)
(0.141859 -0.00418193 -0)
(0.145271 -0.00360133 -0)
(0.148232 -0.00304941 1.62103e-21)
(0.150758 -0.00252393 0)
(0.152863 -0.00202394 1.60081e-21)
(0.154561 -0.00155021 -1.58749e-21)
(0.155863 -0.00110625 -0)
(0.156781 -0.000698745 -1.55488e-21)
(0.157327 -0.000337736 -1.53584e-21)
(0.157513 -3.9787e-05 -0)
(0.157408 0.00019483 0)
(0.157076 0.000391619 0)
(0.156522 0.000568261 0)
(0.15576 0.000731097 -0)
(0.1548 0.000884293 1.37577e-21)
(0.153648 0.00102841 0)
(0.152311 0.00116403 -1.30699e-21)
(0.150798 0.00129169 -0)
(0.149115 0.00141135 -0)
(0.14727 0.00152291 1.19054e-21)
(0.145271 0.00162651 0)
(0.143125 0.00172201 -1.10484e-21)
(0.140841 0.00180932 -0)
(0.138428 0.00188867 0)
(0.135894 0.00195995 -0)
(0.133248 0.00202317 9.16815e-22)
(0.1305 0.00207853 0)
(0.127658 0.00212607 -0)
(0.124732 0.00216602 7.63771e-22)
(0.121731 0.00219851 0)
(0.118664 0.0022237 6.57237e-22)
(0.11554 0.0022419 0)
(0.112369 0.00225335 0)
(0.109158 0.00225832 0)
(0.105918 0.00225709 -4.36156e-22)
(0.102655 0.00224991 -0)
(0.0993783 0.00223716 0)
(0.0960956 0.00221917 -2.65557e-22)
(0.0928143 0.00219625 -2.08107e-22)
(0.0895414 0.00216876 -0)
(0.086284 0.00213703 -9.26414e-23)
(0.0830482 0.00210151 -0)
(0.0798397 0.00206247 4.66263e-23)
(0.0766646 0.00202033 -0)
(0.0735276 0.00197553 2.7904e-22)
(0.0704339 0.00192858 0)
(0.0673871 0.0018801 -5.11719e-22)
(0.0643913 0.00183072 -0)
(0.0614499 0.00178151 0)
(0.0585652 0.00173373 -0)
(0.0557395 0.00168918 9.78482e-22)
(0.0529735 0.00164989 0)
(0.0502684 0.00161807 -1.21392e-21)
(0.0476222 0.00159481 0)
(0.045784 0.00160345 1.47569e-21)
(0.0442416 0.00162102 1.6342e-21)
(0.0427025 0.00162592 1.79912e-21)
(0.0411752 0.00161301 0)
(0.0396649 0.00158968 0)
(0.0381712 0.00156401 0)
(0.036693 0.00153821 0)
(0.03523 0.00151249 0)
(0.033783 0.00148687 0)
(0.0323521 0.00146141 0)
(0.030938 0.00143618 0)
(0.029541 0.00141136 -3.6919e-21)
(0.0281616 0.00138717 -3.96754e-21)
(0.0268 0.00136373 0)
(0.0254561 0.00134075 0)
(0.0241307 0.00131668 0)
(0.0228249 0.00129178 -5.26747e-21)
(0.0215388 0.00126757 0)
(0.0202723 0.00124393 0)
(0.0190252 0.00122086 0)
(0.0177979 0.00119843 0)
(0.0165903 0.0011767 7.53605e-21)
(0.0154025 0.00115574 0)
(0.0142343 0.00113566 0)
(0.0130858 0.00111654 -9.45482e-21)
(0.0119568 0.00109842 1.02323e-20)
(0.0108472 0.00108141 0)
(0.00975708 0.00106579 1.20686e-20)
(0.0086863 0.00105219 0)
(0.00763447 0.00104181 -1.44069e-20)
(0.00660092 0.00103492 0)
(0.00558532 0.00103051 0)
(0.00458761 0.0010283 0)
(0.00360738 0.00102858 0)
(0.00264419 0.00103161 0)
(0.00169847 0.00103734 5.5708e-20)
(0.000771738 0.00104292 6.42176e-20)
(-0.000138043 0.00103022 0)
(-0.0010353 0.000987408 0)
(-0.0019171 0.000935025 0)
(-0.0027834 0.000885538 -5.28923e-20)
(-0.00363409 0.000840624 0)
(-0.00446898 0.000799883 0)
(-0.00528845 0.000762825 0)
(-0.00609311 0.000728954 -4.04177e-20)
(-0.00688346 0.000697806 3.83675e-20)
(-0.00766002 0.000669017 0)
(-0.00842329 0.000642273 0)
(-0.00917368 0.000617327 3.36194e-20)
(-0.00991165 0.000593986 3.2379e-20)
(-0.0106376 0.000572082 0)
(-0.011352 0.000551483 0)
(-0.0120552 0.000532072 -2.93536e-20)
(-0.0127477 0.000513752 2.85258e-20)
(-0.0134299 0.000496447 0)
(-0.0141023 0.000480082 0)
(-0.0147651 0.000464594 2.64361e-20)
(-0.015419 0.000449939 0)
(-0.0160644 0.000436062 0)
(-0.0167016 0.000422925 2.47906e-20)
(-0.0173311 0.000410493 0)
(-0.0179535 0.00039873 2.38747e-20)
(-0.0185692 0.000387604 0)
(-0.0191786 0.000377084 0)
(-0.0197821 0.000367144 0)
(-0.0203804 0.000357745 -2.23589e-20)
(-0.0209736 0.000348861 0)
(-0.0215625 0.000340463 0)
(-0.0221473 0.000332468 0)
(-0.0227282 0.000324803 0)
(-0.0233054 0.000317442 0)
(-0.0238792 0.000310251 0)
(-0.0244493 0.000303055 -2.03857e-20)
(-0.0250153 0.000295694 -2.01554e-20)
(-0.0255766 0.000287855 0)
(-0.0261312 0.000279191 0)
(-0.0266776 0.000269159 0)
(-0.0272118 0.00025701 1.93606e-20)
(-0.0277291 0.000241537 0)
(-0.0282209 0.000221299 -3.81352e-20)
(-0.0286778 0.000192249 3.79288e-20)
(-0.0290708 0.000152626 3.78197e-20)
(-0.029402 7.78957e-05 -3.78583e-20)
(-0.0294837 -3.93915e-05 3.80454e-20)
(-0.0295082 -0.000356544 -3.83976e-20)
(-0.0279738 -0.000616871 0)
(-0.0293464 -0.00051623 -2.43317e-18)
(-0.0327699 -0.00134243 -2.26974e-18)
(-0.0364134 -0.00203341 3.00927e-36)
(-0.0395343 -0.00257607 -4.06085e-18)
(-0.0424843 -0.00301862 -7.75773e-18)
(-0.0455568 -0.0034218 -3.71958e-18)
(-0.0487796 -0.00381939 3.56797e-18)
(-0.0521098 -0.00429733 -4.21297e-35)
(-0.0556076 -0.00469885 -3.00927e-36)
(-0.0592999 -0.00509518 3.15258e-18)
(-0.0632488 -0.00550236 3.01629e-18)
(-0.0674489 -0.00581883 0)
(-0.0719329 -0.00622442 0)
(-0.0767425 -0.00669143 0)
(-0.0819291 -0.00719363 -2.81178e-35)
(-0.0875456 -0.00774018 7.68303e-35)
(-0.0936619 -0.00834288 1.47454e-34)
(-0.100331 -0.00900749 -4.15834e-18)
(-0.107694 -0.00972916 -3.81246e-18)
(-0.116755 -0.0106227 1.20371e-35)
(-0.127571 -0.0116267 6.13708e-18)
(-0.138426 -0.0127338 1.03498e-17)
(-0.153651 -0.0139273 0)
(-0.162851 -0.0152943 -5.09828e-18)
(-0.191965 -0.0169821 -9.0278e-36)
)
;
    }
    frontAndBack
    {
        type            empty;
    }
}


// ************************************************************************* //
