/*--------------------------------*- C++ -*----------------------------------*\
  =========                 |
  \\      /  F ield         | OpenFOAM: The Open Source CFD Toolbox
   \\    /   O peration     | Website:  https://openfoam.org
    \\  /    A nd           | Version:  8
     \\/     M anipulation  |
\*---------------------------------------------------------------------------*/
FoamFile
{
    version     2.0;
    format      ascii;
    class       volVectorField;
    location    "2800";
    object      wallShearStress;
}
// * * * * * * * * * * * * * * * * * * * * * * * * * * * * * * * * * * * * * //

dimensions      [0 2 -2 0 0 0 0];

internalField   uniform (0 0 0);

boundaryField
{
    inlet
    {
        type            calculated;
        value           uniform (0 0 0);
    }
    outlet
    {
        type            calculated;
        value           uniform (0 0 0);
    }
    upperWall
    {
        type            calculated;
        value           nonuniform List<vector> 
223
(
(-0.582193 -0.392359 0)
(-0.977814 -0.219377 0)
(-0.939335 -0.0567746 0)
(-0.81071 -0.00585779 0)
(-0.734594 0.00331367 0)
(-0.695452 0.00231538 0)
(-0.67094 0.000424086 0)
(-0.653508 -0.00144908 0)
(-0.640533 -0.00256382 0)
(-0.629819 -0.00218244 0)
(-0.620063 -0.00131141 0)
(-0.610955 -0.00108354 0)
(-0.603068 -0.00141059 0)
(-0.596128 -0.00113889 0)
(-0.590229 -0.000828827 0)
(-0.585438 -0.000755758 0)
(-0.580234 0.000753738 0)
(-0.574816 0.00274892 0)
(-0.570788 0.00183732 0)
(-0.567967 0.00149061 4.23067e-22)
(-0.564783 0.00318193 0)
(-0.561363 0.00293712 0)
(-0.558327 0.00230459 0)
(-0.555557 0.00222208 4.46174e-22)
(-0.552844 0.00233304 0)
(-0.550125 0.00330487 0)
(-0.547033 0.00386676 0)
(-0.544027 0.00358809 -9.37934e-22)
(-0.541249 0.00309878 9.47585e-22)
(-0.538554 0.00299723 9.58491e-22)
(-0.535798 0.0026724 0)
(-0.53314 0.00233828 -9.79424e-22)
(-0.530509 0.00205419 0)
(-0.527889 0.00182854 1.00239e-21)
(-0.525259 0.00163864 1.01441e-21)
(-0.522619 0.00149377 -1.02693e-21)
(-0.519958 0.00137763 0)
(-0.51728 0.00128597 0)
(-0.51458 0.00121515 0)
(-0.511856 0.00116079 0)
(-0.509105 0.00111962 -1.09134e-21)
(-0.506322 0.00108891 0)
(-0.503507 0.00106668 0)
(-0.500656 0.00105151 1.13132e-21)
(-0.497767 0.00104227 0)
(-0.494835 0.00103791 1.15773e-21)
(-0.491859 0.0010376 -1.17069e-21)
(-0.488835 0.00104061 1.18341e-21)
(-0.485759 0.0010466 0)
(-0.48263 0.00105417 0)
(-0.479445 0.00106248 0)
(-0.476207 0.00107047 1.23086e-21)
(-0.472922 0.00107692 -1.24153e-21)
(-0.469601 0.00108213 0)
(-0.466258 0.00108708 0)
(-0.462909 0.00109218 0)
(-0.459565 0.00109668 0)
(-0.456231 0.00109933 0)
(-0.452907 0.00109938 0)
(-0.449589 0.00109692 0)
(-0.44627 0.00109261 0)
(-0.442938 0.00108747 1.29205e-21)
(-0.439583 0.00108261 -1.29182e-21)
(-0.436194 0.00107893 0)
(-0.432761 0.00107704 0)
(-0.429271 0.00107721 0)
(-0.425716 0.00107947 -1.27844e-21)
(-0.422088 0.00108364 0)
(-0.418381 0.00108949 0)
(-0.414587 0.00109668 0)
(-0.410704 0.00110472 0)
(-0.406728 0.00111321 0)
(-0.402656 0.0011217 -2.43448e-21)
(-0.398487 0.00112955 0)
(-0.394224 0.00113624 0)
(-0.389868 0.00114129 0)
(-0.385427 0.00114445 0)
(-0.380908 0.00114564 0)
(-0.376322 0.00114468 0)
(-0.371683 0.00114139 0)
(-0.367002 0.0011354 2.0954e-21)
(-0.362288 0.00112656 0)
(-0.357551 0.00111503 0)
(-0.352795 0.00110113 0)
(-0.348022 0.00108528 -1.83973e-21)
(-0.343232 0.00106813 0)
(-0.338423 0.00105033 -1.69029e-21)
(-0.333591 0.00103242 0)
(-0.328732 0.00101534 0)
(-0.323837 0.000999819 0)
(-0.319025 0.000991997 -1.35109e-21)
(-0.316385 0.00100118 0)
(-0.31366 0.00101507 1.18061e-21)
(-0.310855 0.00102967 1.08992e-21)
(-0.307976 0.00104289 0)
(-0.305031 0.00105379 8.96228e-22)
(-0.302034 0.00106257 0)
(-0.298997 0.00106982 0)
(-0.295935 0.00107722 0)
(-0.292864 0.00108393 -4.54802e-22)
(-0.289794 0.00109398 0)
(-0.286745 0.00110118 -2.05397e-22)
(-0.28372 0.00110886 7.34084e-23)
(-0.28074 0.001122 0)
(-0.277805 0.00110418 0)
(-0.27492 0.00110419 0)
(-0.272113 0.00110177 0)
(-0.269371 0.00106051 0)
(-0.266693 0.00107903 0)
(-0.264177 0.00102553 0)
(-0.261742 0.00141469 1.14296e-21)
(-0.259476 0.00163152 0)
(-0.257307 0.000885915 0)
(-0.254878 0.000527817 0)
(-0.252789 0.00076862 0)
(-0.250662 0.000990363 0)
(-0.248503 0.000789017 0)
(-0.246279 0.000550332 0)
(-0.244288 0.000759636 0)
(-0.242371 0.000745289 0)
(-0.240336 0.00111551 0)
(-0.238824 0.00141411 0)
(-0.237397 0.00118621 0)
(-0.235642 0.000922234 7.14281e-21)
(-0.234126 0.000410995 0)
(-0.232393 0.000623297 0)
(-0.230996 0.00103269 0)
(-0.229624 0.000812679 -8.73007e-21)
(-0.228168 0.000594371 0)
(-0.226478 0.000273534 0)
(-0.224937 0.000622813 -1.00406e-20)
(-0.223558 0.00100942 0)
(-0.222371 0.000794977 1.08087e-20)
(-0.220959 0.000783435 0)
(-0.219908 0.00065249 0)
(-0.218933 0.000605538 0)
(-0.217558 0.00059284 -1.25181e-20)
(-0.216525 0.000524225 0)
(-0.215364 0.000514612 1.33329e-20)
(-0.214172 0.000227938 0)
(-0.212768 0.000303058 0)
(-0.211921 0.000529747 0)
(-0.211089 0.000400111 0)
(-0.210222 0.000455827 0)
(-0.209086 0.000558545 0)
(-0.208274 0.000488191 0)
(-0.207249 0.000347398 0)
(-0.206423 0.000309964 0)
(-0.20593 0.000307141 0)
(-0.204867 0.000322757 0)
(-0.203831 0.000270992 1.84209e-20)
(-0.203165 2.60821e-05 -1.88096e-20)
(-0.202263 0.000193715 0)
(-0.2017 0.000426672 0)
(-0.201291 0.000368528 0)
(-0.200678 -0.000145307 0)
(-0.199535 -0.000581919 -2.10637e-20)
(-0.198535 -0.00030321 2.15172e-20)
(-0.198041 -0.000133255 -2.17934e-20)
(-0.197522 -2.5679e-05 0)
(-0.19714 4.1457e-05 -2.25821e-20)
(-0.196862 0.000113002 -4.5839e-20)
(-0.196039 0.000177298 0)
(-0.195528 0.000192164 -4.75947e-20)
(-0.194957 0.000284416 4.85177e-20)
(-0.194524 0.000284005 0)
(-0.194502 0.000345038 0)
(-0.19396 0.00071245 0)
(-0.193582 0.000900475 0)
(-0.193674 0.000545495 0)
(-0.193503 0.000454725 -5.30447e-20)
(-0.192755 0.00058705 0)
(-0.192604 -3.70088e-05 -5.48355e-20)
(-0.191567 -0.000382679 0)
(-0.190555 -0.000100818 0)
(-0.190126 -1.58599e-05 0)
(-0.189825 3.42503e-05 0)
(-0.18893 0.00013395 0)
(-0.188181 0.000181868 6.11048e-20)
(-0.187711 0.000244802 0)
(-0.187233 0.000309001 0)
(-0.186446 0.000399597 -6.39831e-20)
(-0.185926 0.000762414 0)
(-0.185398 0.000480579 0)
(-0.184042 8.73985e-05 0)
(-0.182793 0.000264033 6.9223e-20)
(-0.181915 0.000461337 0)
(-0.180666 0.000690508 0)
(-0.179551 0.000768846 0)
(-0.17831 0.000695522 0)
(-0.176607 0.000638115 -7.63956e-20)
(-0.174154 0.000670471 0)
(-0.171204 0.000721531 0)
(-0.167482 0.000863808 0)
(-0.162868 0.000776348 8.79905e-20)
(-0.15484 0.000926391 0)
(-0.147489 0.00201108 0)
(-0.1229 0.00211066 -1.08094e-19)
(-0.140795 0.00676161 0)
(-0.169087 0.0134031 1.25078e-17)
(-0.186452 0.017181 2.35932e-17)
(-0.193103 0.018924 2.26902e-17)
(-0.19665 0.0197365 2.20126e-17)
(-0.200472 0.0203157 2.12192e-17)
(-0.20514 0.0210006 -2.02522e-17)
(-0.20954 0.0215235 -1.9534e-17)
(-0.213807 0.0218781 0)
(-0.218075 0.0220246 -3.66666e-17)
(-0.220226 0.0221877 -1.80782e-17)
(-0.224697 0.0227259 1.01111e-33)
(-0.227521 0.0229077 0)
(-0.231063 0.023366 -3.22802e-17)
(-0.235346 0.023937 -3.06867e-17)
(-0.242342 0.0247799 -2.84668e-17)
(-0.249521 0.025445 0)
(-0.256862 0.026068 4.94054e-17)
(-0.26391 0.0266476 2.26468e-17)
(-0.272753 0.0274462 3.61112e-35)
(-0.282656 0.0283572 -3.48627e-17)
(-0.291215 0.0289993 -1.58064e-20)
(-0.30088 0.0295776 -3.00927e-36)
(-0.304435 0.0304165 1.34857e-17)
(-0.332561 0.0321494 -7.62915e-18)
)
;
    }
    lowerWall
    {
        type            calculated;
        value           nonuniform List<vector> 
250
(
(-0.653909 0.466638 0)
(-1.14095 0.204678 0)
(-1.03492 0.0379587 0)
(-0.869573 -0.000935979 0)
(-0.786941 -0.00419161 0)
(-0.746063 -0.00160781 0)
(-0.719878 0.00041618 0)
(-0.700645 -0.000651792 0)
(-0.685088 -0.00405593 0)
(-0.671318 -0.00471221 0)
(-0.658933 -0.00298821 0)
(-0.64772 -0.000864236 0)
(-0.637516 0.00142606 0)
(-0.628189 0.00210388 0)
(-0.61932 0.00136792 0)
(-0.611521 0.00135748 0)
(-0.60458 0.00169583 0)
(-0.605069 0.00194304 0)
(-0.00426052 -0.0228575 0)
(-0.00275889 -0.017642 0)
(-0.000676867 -0.0144927 0)
(0.00194478 -0.0137773 9.02255e-20)
(0.00526932 -0.0151979 -7.86183e-20)
(0.00896224 -0.020821 6.28486e-20)
(0.0127409 -0.0200866 -4.84729e-20)
(0.025628 -0.0633156 0)
(-0.0840656 -0.144715 0)
(0.000872774 -0.00384074 0)
(-0.00766532 0.00954618 0)
(-0.0085162 0.0328212 0)
(-0.00254956 0.044855 0)
(0.00295322 0.0442615 1.82222e-20)
(0.0061826 0.0360631 -1.89656e-20)
(0.00818708 0.024161 0)
(0.00946041 0.0101605 -5.42289e-20)
(0.00943159 -0.00404258 6.11425e-20)
(0.0079332 -0.0174227 0)
(0.00614117 -0.0291953 0)
(0.00438169 -0.0385629 0)
(0.0026872 -0.0451402 0)
(0.000986021 -0.0488801 0)
(-0.000885182 -0.0495153 0)
(-0.00282062 -0.0464088 0)
(-0.00437917 -0.0399029 0)
(-0.00492633 -0.0308267 0)
(0.00132857 -0.00151229 0)
(0.00133794 0.00652706 0)
(-0.00450919 0.00961841 0)
(-0.00959713 0.00975632 0)
(-0.0133831 0.00829939 0)
(-0.0158893 0.00623507 0)
(-0.0172643 0.00409748 1.49573e-21)
(-0.0177829 0.00200595 -1.52733e-21)
(-0.0173314 -7.20862e-06 0)
(-0.0160537 -0.00168649 -1.65308e-21)
(-0.0141882 -0.00283779 0)
(-0.0120501 -0.00329667 0)
(-0.0100503 -0.00303605 -0)
(-0.00855261 -0.00228038 2.57037e-21)
(-0.00761596 -0.0014231 0)
(-0.00693769 -0.000815855 0)
(-0.00612024 -0.000623409 -3.37834e-21)
(-0.00499268 -0.00100046 0)
(-0.00340833 -0.00238601 0)
(-0.000488394 -0.00505766 0)
(0.00436096 -0.00740367 3.03303e-21)
(0.00994589 -0.00889517 0)
(0.0158469 -0.00984998 1.46913e-21)
(0.0218923 -0.0106169 0)
(0.0280981 -0.011269 -0)
(0.0344085 -0.0115143 8.44699e-22)
(0.0405409 -0.0113546 0)
(0.0491488 -0.0116033 -7.54044e-22)
(0.058939 -0.0117553 -0)
(0.0686331 -0.0115827 7.70706e-22)
(0.078042 -0.0111689 0)
(0.087015 -0.0105841 0)
(0.0954593 -0.00989003 0)
(0.103317 -0.00913655 -0)
(0.110564 -0.00836068 0)
(0.117197 -0.00758951 -8.11162e-22)
(0.12323 -0.00684033 -0)
(0.128686 -0.00612264 1.6331e-21)
(0.133591 -0.00544045 0)
(0.137973 -0.00479415 -1.63497e-21)
(0.141859 -0.00418209 -0)
(0.145271 -0.00360149 -0)
(0.148232 -0.0030495 1.62107e-21)
(0.150758 -0.0025241 0)
(0.152864 -0.00202411 1.60085e-21)
(0.154561 -0.0015503 -1.58754e-21)
(0.155863 -0.00110634 -0)
(0.156782 -0.0006989 -1.55492e-21)
(0.157328 -0.000337811 -1.53589e-21)
(0.157514 -3.9776e-05 -0)
(0.157408 0.000194705 0)
(0.157077 0.000391495 0)
(0.156523 0.000568207 0)
(0.155762 0.000731043 -0)
(0.154801 0.000884167 1.37582e-21)
(0.153649 0.00102829 0)
(0.152313 0.00116404 -1.30704e-21)
(0.150799 0.00129162 -0)
(0.149117 0.00141121 -0)
(0.147272 0.00152283 1.19059e-21)
(0.145272 0.00162635 0)
(0.143127 0.00172185 -1.10489e-21)
(0.140843 0.00180927 -0)
(0.13843 0.00188854 0)
(0.135896 0.00195973 -0)
(0.13325 0.00202299 9.16869e-22)
(0.130502 0.00207831 0)
(0.12766 0.00212582 -0)
(0.124734 0.00216568 7.6383e-22)
(0.121733 0.00219813 0)
(0.118666 0.00222334 6.57299e-22)
(0.115542 0.0022415 0)
(0.112371 0.00225293 0)
(0.109161 0.00225791 0)
(0.10592 0.00225665 -4.36224e-22)
(0.102657 0.00224953 -0)
(0.0993809 0.00223692 0)
(0.0960981 0.00221906 -2.65623e-22)
(0.0928168 0.00219624 -2.08172e-22)
(0.0895442 0.00216895 -0)
(0.0862864 0.0021374 -9.27006e-23)
(0.0830505 0.00210194 -0)
(0.079842 0.00206293 4.65191e-23)
(0.0766668 0.00202076 -0)
(0.0735297 0.00197593 2.78936e-22)
(0.0704358 0.00192887 0)
(0.0673891 0.00188032 -5.11616e-22)
(0.0643933 0.00183095 -0)
(0.0614518 0.00178168 0)
(0.0585671 0.00173382 -0)
(0.0557412 0.00168915 9.78367e-22)
(0.0529754 0.00164987 0)
(0.05027 0.00161807 -1.21381e-21)
(0.047624 0.00159477 0)
(0.0457849 0.00160338 1.47555e-21)
(0.0442427 0.00162092 1.63405e-21)
(0.0427036 0.00162586 1.79897e-21)
(0.0411763 0.00161298 0)
(0.0396658 0.00158966 0)
(0.0381721 0.00156396 0)
(0.0366939 0.00153815 0)
(0.035231 0.00151243 0)
(0.0337839 0.0014868 0)
(0.0323531 0.00146134 0)
(0.0309389 0.00143611 0)
(0.029542 0.00141128 -3.69169e-21)
(0.0281626 0.00138709 -3.96733e-21)
(0.0268009 0.00136365 0)
(0.025457 0.00134066 0)
(0.0241316 0.0013166 0)
(0.0228259 0.00129172 -5.26726e-21)
(0.0215396 0.00126751 0)
(0.020273 0.00124384 0)
(0.0190259 0.00122078 0)
(0.0177986 0.00119835 0)
(0.016591 0.00117662 7.53583e-21)
(0.0154031 0.00115567 0)
(0.0142349 0.00113558 0)
(0.0130863 0.00111647 -9.45464e-21)
(0.0119573 0.00109836 1.02322e-20)
(0.0108477 0.00108135 0)
(0.00975751 0.00106573 1.20685e-20)
(0.00868669 0.00105214 0)
(0.0076348 0.00104177 -1.44069e-20)
(0.00660119 0.00103488 0)
(0.00558556 0.00103049 0)
(0.00458781 0.00102828 0)
(0.00360753 0.00102857 0)
(0.00264431 0.00103161 0)
(0.00169854 0.00103735 5.57104e-20)
(0.000771777 0.00104294 6.42209e-20)
(-0.000138051 0.00103025 0)
(-0.00103537 0.000987435 0)
(-0.00191724 0.000935057 0)
(-0.00278362 0.000885576 -5.28893e-20)
(-0.00363438 0.000840663 0)
(-0.00446936 0.000799919 0)
(-0.00528888 0.00076286 0)
(-0.00609358 0.000728988 -4.04157e-20)
(-0.006884 0.000697846 3.83655e-20)
(-0.00766062 0.000669056 0)
(-0.00842395 0.00064231 0)
(-0.00917438 0.000617364 3.36178e-20)
(-0.00991241 0.00059402 3.23776e-20)
(-0.0106384 0.000572111 0)
(-0.0113528 0.000551508 0)
(-0.0120561 0.000532092 -2.93526e-20)
(-0.0127486 0.000513769 2.85248e-20)
(-0.0134308 0.000496462 0)
(-0.0141032 0.000480099 0)
(-0.0147661 0.000464613 2.64353e-20)
(-0.01542 0.000449957 0)
(-0.0160653 0.00043608 0)
(-0.0167026 0.000422945 2.479e-20)
(-0.0173322 0.000410514 0)
(-0.0179545 0.000398751 2.38741e-20)
(-0.0185702 0.000387626 0)
(-0.0191796 0.000377106 0)
(-0.0197832 0.000367166 0)
(-0.0203815 0.000357776 -2.23583e-20)
(-0.0209749 0.000348888 0)
(-0.0215637 0.000340461 0)
(-0.0221484 0.000332464 0)
(-0.0227293 0.000324833 0)
(-0.0233066 0.00031747 0)
(-0.0238805 0.00031026 0)
(-0.0244506 0.000303062 -2.03851e-20)
(-0.0250166 0.000295699 -2.01548e-20)
(-0.0255778 0.000287858 0)
(-0.0261325 0.000279174 0)
(-0.0266787 0.000269157 0)
(-0.027213 0.000257006 1.936e-20)
(-0.0277302 0.00024153 0)
(-0.0282222 0.000221307 -3.81339e-20)
(-0.0286791 0.000192238 3.79277e-20)
(-0.029072 0.000152613 3.78186e-20)
(-0.0294033 7.78621e-05 -3.78572e-20)
(-0.0294848 -3.94321e-05 3.80443e-20)
(-0.0295093 -0.000356592 -3.83965e-20)
(-0.0279747 -0.000616915 0)
(-0.0293472 -0.000516253 -2.43311e-18)
(-0.032771 -0.00134246 -2.2697e-18)
(-0.0364145 -0.00203346 0)
(-0.0395354 -0.00257615 -4.06078e-18)
(-0.0424854 -0.00301869 -7.75762e-18)
(-0.0455577 -0.00342197 -3.71953e-18)
(-0.0487805 -0.00381936 3.56792e-18)
(-0.0521115 -0.00429641 -6.62038e-35)
(-0.0556054 -0.00470371 3.00927e-36)
(-0.0593025 -0.0050776 3.15232e-18)
(-0.0632452 -0.00547688 3.02034e-18)
(-0.067442 -0.00582136 0)
(-0.0719273 -0.00623386 0)
(-0.076739 -0.00669914 0)
(-0.0819272 -0.00719918 -2.81178e-35)
(-0.0875445 -0.00774382 7.68303e-35)
(-0.0936612 -0.00834542 8.42594e-35)
(-0.100331 -0.00900935 -4.15812e-18)
(-0.107693 -0.00973053 -3.81223e-18)
(-0.116754 -0.0106237 1.20371e-35)
(-0.127571 -0.0116274 6.13664e-18)
(-0.138426 -0.0127343 1.03491e-17)
(-0.15365 -0.0139277 0)
(-0.16285 -0.0152947 -5.09786e-18)
(-0.191965 -0.0169825 -6.01853e-36)
)
;
    }
    frontAndBack
    {
        type            empty;
    }
}


// ************************************************************************* //
