/*--------------------------------*- C++ -*----------------------------------*\
  =========                 |
  \\      /  F ield         | OpenFOAM: The Open Source CFD Toolbox
   \\    /   O peration     | Website:  https://openfoam.org
    \\  /    A nd           | Version:  8
     \\/     M anipulation  |
\*---------------------------------------------------------------------------*/
FoamFile
{
    version     2.0;
    format      ascii;
    class       volVectorField;
    location    "500";
    object      wallShearStress;
}
// * * * * * * * * * * * * * * * * * * * * * * * * * * * * * * * * * * * * * //

dimensions      [0 2 -2 0 0 0 0];

internalField   uniform (0 0 0);

boundaryField
{
    inlet
    {
        type            calculated;
        value           uniform (0 0 0);
    }
    outlet
    {
        type            calculated;
        value           uniform (0 0 0);
    }
    upperWall
    {
        type            calculated;
        value           nonuniform List<vector> 
223
(
(-0.582193 -0.392359 0)
(-0.977814 -0.219377 0)
(-0.939335 -0.0567746 0)
(-0.81071 -0.00585779 0)
(-0.734594 0.00331371 0)
(-0.695452 0.00231541 0)
(-0.67094 0.000424043 0)
(-0.653508 -0.00144942 0)
(-0.640539 -0.00256358 0)
(-0.629823 -0.00218354 0)
(-0.620063 -0.00130367 0)
(-0.610944 -0.00107671 0)
(-0.603038 -0.00140064 0)
(-0.596105 -0.00118373 0)
(-0.590245 -0.000925534 0)
(-0.585425 -0.000695726 0)
(-0.580247 0.000863007 0)
(-0.57491 0.00238959 0)
(-0.570799 0.00216186 0)
(-0.568124 0.00308557 4.28696e-22)
(-0.56488 0.00393792 0)
(-0.561269 0.00398697 0)
(-0.558127 0.00292119 0)
(-0.555085 0.00179891 4.43039e-22)
(-0.552526 0.00105931 0)
(-0.550176 0.00100146 0)
(-0.547577 0.00255553 0)
(-0.544423 0.00329803 -9.35965e-22)
(-0.541355 0.00331025 9.46503e-22)
(-0.538484 0.00309446 9.57364e-22)
(-0.535738 0.00278695 0)
(-0.533047 0.00249013 -9.79003e-22)
(-0.530386 0.00221045 0)
(-0.527745 0.00195301 1.00101e-21)
(-0.525111 0.00173712 1.01228e-21)
(-0.522468 0.00157432 -1.02405e-21)
(-0.519805 0.00144391 0)
(-0.517129 0.00133887 0)
(-0.514435 0.00125653 0)
(-0.511719 0.00119304 0)
(-0.508974 0.00114446 -1.08836e-21)
(-0.506198 0.00110766 0)
(-0.50339 0.00108058 0)
(-0.500546 0.00106144 1.12935e-21)
(-0.497664 0.00104893 0)
(-0.49474 0.00104201 1.1562e-21)
(-0.49177 0.0010397 -1.16933e-21)
(-0.488752 0.00104116 1.18218e-21)
(-0.485683 0.00104562 0)
(-0.482559 0.00105234 0)
(-0.479379 0.00106012 0)
(-0.476146 0.00106755 1.22993e-21)
(-0.472864 0.0010736 -1.24061e-21)
(-0.469547 0.00107855 0)
(-0.466208 0.00108344 0)
(-0.462863 0.00108857 0)
(-0.459521 0.00109313 0)
(-0.45619 0.00109596 0)
(-0.452868 0.0010962 0)
(-0.449553 0.001094 0)
(-0.446235 0.00109003 0)
(-0.442905 0.0010851 1.29117e-21)
(-0.439552 0.00108054 -1.29096e-21)
(-0.436164 0.00107726 0)
(-0.432731 0.00107564 0)
(-0.429242 0.00107604 0)
(-0.425688 0.00107852 -1.27765e-21)
(-0.422061 0.0010829 0)
(-0.418353 0.00108892 0)
(-0.414561 0.00109621 0)
(-0.410678 0.00110446 0)
(-0.406701 0.0011131 0)
(-0.402629 0.00112156 -2.43299e-21)
(-0.398461 0.0011295 0)
(-0.394198 0.00113623 0)
(-0.389843 0.00114128 0)
(-0.385401 0.00114444 0)
(-0.380882 0.00114557 0)
(-0.376297 0.00114468 0)
(-0.371658 0.00114132 0)
(-0.366977 0.00113526 2.09388e-21)
(-0.362264 0.00112643 0)
(-0.357527 0.00111487 0)
(-0.352771 0.00110094 0)
(-0.347998 0.00108506 -1.83818e-21)
(-0.343208 0.00106789 0)
(-0.338399 0.00105004 -1.68874e-21)
(-0.333567 0.00103212 0)
(-0.328709 0.00101507 0)
(-0.323814 0.000999556 0)
(-0.319012 0.00099182 -1.34955e-21)
(-0.316371 0.00100098 0)
(-0.313646 0.00101484 1.17904e-21)
(-0.310841 0.00102948 1.08833e-21)
(-0.307962 0.00104266 0)
(-0.305017 0.00105357 8.94615e-22)
(-0.30202 0.00106233 0)
(-0.298984 0.00106963 0)
(-0.295923 0.00107678 0)
(-0.292852 0.00108411 -4.53141e-22)
(-0.289783 0.00109341 0)
(-0.286734 0.00110069 -2.03725e-22)
(-0.283708 0.00111246 7.173e-23)
(-0.28073 0.00110427 0)
(-0.277788 0.00110957 0)
(-0.274918 0.00111878 0)
(-0.272104 0.00109587 0)
(-0.269378 0.00108706 0)
(-0.266691 0.00112708 0)
(-0.264222 0.0010507 0)
(-0.261702 0.00138253 1.14621e-21)
(-0.259556 0.00156753 0)
(-0.257365 0.000904897 0)
(-0.255039 0.000545066 0)
(-0.252892 0.000553593 0)
(-0.250593 0.000557598 0)
(-0.248569 0.00058486 0)
(-0.246506 0.000568043 0)
(-0.244448 0.000646145 0)
(-0.242666 0.000673032 0)
(-0.24094 0.000572065 0)
(-0.238972 0.00062799 0)
(-0.237269 0.000752025 0)
(-0.23543 0.000750475 7.17883e-21)
(-0.233866 0.000694589 0)
(-0.232199 0.000588099 0)
(-0.23078 0.000740333 0)
(-0.229063 0.000835411 -8.80069e-21)
(-0.227327 0.000873933 0)
(-0.225729 0.000843237 0)
(-0.224051 0.00107884 -1.00575e-20)
(-0.222874 0.0013628 0)
(-0.221599 0.00111152 1.08339e-20)
(-0.220588 0.000957535 0)
(-0.219693 0.000912934 0)
(-0.218582 0.000785572 0)
(-0.217456 0.000639831 -1.24953e-20)
(-0.216107 0.000655066 0)
(-0.215148 0.00057799 1.33221e-20)
(-0.214153 0.000591496 0)
(-0.212998 6.03256e-05 0)
(-0.211404 -0.000485227 0)
(-0.20996 -0.000239083 0)
(-0.208868 -2.37347e-05 0)
(-0.207884 6.52485e-05 0)
(-0.207076 0.000109937 0)
(-0.206185 0.000219754 0)
(-0.205423 0.000240247 0)
(-0.204568 0.000205342 0)
(-0.203906 0.000275717 0)
(-0.203062 0.000437718 1.85072e-20)
(-0.202175 0.00040588 -1.89301e-20)
(-0.201641 0.000407377 0)
(-0.200634 0.00080223 0)
(-0.200367 0.000779261 0)
(-0.199889 0.000602236 0)
(-0.199942 0.0007308 -2.07237e-20)
(-0.19924 0.00066612 2.12489e-20)
(-0.198881 2.91606e-06 -2.15969e-20)
(-0.197847 -0.000432833 0)
(-0.196946 -0.000168485 -2.2728e-20)
(-0.19652 -1.06041e-05 -4.59928e-20)
(-0.196054 4.63358e-05 0)
(-0.195737 7.31337e-05 -4.75815e-20)
(-0.195245 0.000121988 4.84693e-20)
(-0.194919 0.000178483 0)
(-0.194293 0.000256156 0)
(-0.193571 0.000164536 0)
(-0.193685 0.000167512 0)
(-0.193109 0.000291591 0)
(-0.192328 0.000242638 -5.35906e-20)
(-0.19205 0.00016408 0)
(-0.191884 0.000207043 -5.50548e-20)
(-0.191091 0.000284956 0)
(-0.190686 0.000361427 0)
(-0.190185 0.000404598 0)
(-0.189626 0.000606999 0)
(-0.189138 0.000799024 0)
(-0.18871 0.000301302 6.06607e-20)
(-0.187852 -8.16626e-05 0)
(-0.186643 4.55417e-05 0)
(-0.186301 0.000123702 -6.41197e-20)
(-0.185852 0.000239743 0)
(-0.184739 0.000301173 0)
(-0.183959 0.000277809 0)
(-0.183064 0.000370447 6.88523e-20)
(-0.181867 0.000530168 0)
(-0.180605 0.000662002 0)
(-0.179051 0.000840621 0)
(-0.17787 0.000850688 0)
(-0.17584 0.000682523 -7.6797e-20)
(-0.173695 0.000716159 0)
(-0.170777 0.000778688 0)
(-0.167439 0.000802971 0)
(-0.163143 0.00109711 8.75395e-20)
(-0.155822 0.00143488 0)
(-0.149047 0.00202574 0)
(-0.123638 0.00192092 -1.08359e-19)
(-0.141012 0.00671104 0)
(-0.169603 0.0133182 1.24786e-17)
(-0.187427 0.0171845 2.34422e-17)
(-0.193566 0.0189635 2.27394e-17)
(-0.197047 0.0197276 2.19811e-17)
(-0.201132 0.0203391 2.11429e-17)
(-0.205617 0.0210378 -2.02337e-17)
(-0.209856 0.0215197 -1.95093e-17)
(-0.214138 0.0218996 -6.01853e-36)
(-0.217836 0.0220197 -3.67635e-17)
(-0.220013 0.022165 -1.80817e-17)
(-0.224601 0.0227058 6.9815e-34)
(-0.227461 0.0228997 0)
(-0.23107 0.0233636 -3.22674e-17)
(-0.235469 0.0239516 -3.06528e-17)
(-0.242455 0.0247993 -2.84618e-17)
(-0.249638 0.0254585 -2.40741e-35)
(-0.256949 0.026075 4.93982e-17)
(-0.263969 0.0266517 2.2644e-17)
(-0.272789 0.0274494 1.20371e-35)
(-0.28268 0.0283588 -3.48589e-17)
(-0.29124 0.0290034 -1.58541e-20)
(-0.300815 0.0295584 -3.00927e-36)
(-0.30539 0.0305133 1.34082e-17)
(-0.332976 0.0322009 -7.6253e-18)
)
;
    }
    lowerWall
    {
        type            calculated;
        value           nonuniform List<vector> 
250
(
(-0.653909 0.466638 0)
(-1.14095 0.204678 0)
(-1.03492 0.0379587 0)
(-0.869573 -0.000935897 0)
(-0.786941 -0.00419151 0)
(-0.746064 -0.00160769 0)
(-0.719879 0.000416425 0)
(-0.700648 -0.000651503 0)
(-0.685092 -0.00405574 0)
(-0.671321 -0.004712 0)
(-0.658938 -0.00298798 0)
(-0.647726 -0.000863957 0)
(-0.637525 0.00142668 0)
(-0.628201 0.00210484 0)
(-0.619337 0.00136898 0)
(-0.611543 0.00136023 0)
(-0.604619 0.00169799 0)
(-0.605094 0.00195668 0)
(-0.00423839 -0.0229292 0)
(-0.00277624 -0.0177665 0)
(-0.000718135 -0.0145898 0)
(0.00189331 -0.0138646 8.99597e-20)
(0.00521763 -0.0152454 -7.84867e-20)
(0.00891402 -0.0208464 6.2788e-20)
(0.0126883 -0.0200504 -4.84511e-20)
(0.0256341 -0.0632814 0)
(-0.0839616 -0.144696 0)
(0.000877575 -0.00384337 0)
(-0.00766538 0.00953877 0)
(-0.00852036 0.0328221 0)
(-0.00255433 0.0448669 0)
(0.00295072 0.0442818 1.82137e-20)
(0.00618153 0.0360863 -1.89545e-20)
(0.00818649 0.0241862 0)
(0.0094599 0.0101855 -5.41709e-20)
(0.00943292 -0.004019 6.11213e-20)
(0.00793581 -0.0174006 0)
(0.00614357 -0.0291751 0)
(0.00438372 -0.0385452 0)
(0.00268888 -0.0451254 0)
(0.000987773 -0.0488676 0)
(-0.000883605 -0.049507 0)
(-0.00281874 -0.0464042 0)
(-0.00437627 -0.0399096 0)
(-0.00490581 -0.0308438 0)
(0.00132959 -0.00151499 0)
(0.00134062 0.00652826 0)
(-0.0045077 0.00962136 0)
(-0.00959718 0.00976035 0)
(-0.013385 0.00830373 0)
(-0.015893 0.0062393 0)
(-0.0172696 0.00410127 1.49473e-21)
(-0.0177896 0.00200925 -1.52623e-21)
(-0.0173395 -4.47069e-06 0)
(-0.0160629 -0.00168494 -1.65184e-21)
(-0.0141976 -0.00283801 0)
(-0.0120586 -0.00329891 0)
(-0.0100566 -0.00303966 -0)
(-0.00855618 -0.00228363 2.56886e-21)
(-0.00761788 -0.00142374 0)
(-0.00693994 -0.000811786 0)
(-0.00612443 -0.000612862 -3.37539e-21)
(-0.00500022 -0.000981441 0)
(-0.00342601 -0.00235578 0)
(-0.000527156 -0.00504366 0)
(0.00433726 -0.00740427 3.04234e-21)
(0.00992487 -0.00889532 0)
(0.0158273 -0.00985315 1.46986e-21)
(0.0218762 -0.0106178 0)
(0.0280817 -0.0112699 -0)
(0.0343933 -0.0115163 8.44639e-22)
(0.0405275 -0.0113568 0)
(0.0491281 -0.0116039 -7.53793e-22)
(0.0589192 -0.0117565 -0)
(0.0686146 -0.0115843 7.70466e-22)
(0.0780251 -0.0111708 0)
(0.0869996 -0.0105859 0)
(0.0954454 -0.00989169 0)
(0.103304 -0.009138 -0)
(0.110552 -0.00836183 0)
(0.117186 -0.00759051 -8.10941e-22)
(0.12322 -0.00684112 -0)
(0.128676 -0.00612308 1.63266e-21)
(0.133582 -0.00544071 0)
(0.137964 -0.00479418 -1.63454e-21)
(0.141849 -0.00418182 -0)
(0.145262 -0.00360102 -0)
(0.148222 -0.00304899 1.62062e-21)
(0.150747 -0.00252342 0)
(0.152852 -0.00202329 1.6004e-21)
(0.154549 -0.0015495 -1.58708e-21)
(0.15585 -0.00110537 -0)
(0.156768 -0.00069796 -1.55446e-21)
(0.157313 -0.000337022 -1.53543e-21)
(0.157498 -3.90895e-05 -0)
(0.157392 0.000195316 0)
(0.15706 0.000392099 0)
(0.156505 0.000568798 0)
(0.155743 0.000731606 -0)
(0.154782 0.000884718 1.37533e-21)
(0.153629 0.00102882 0)
(0.152292 0.00116449 -1.30654e-21)
(0.150778 0.00129213 -0)
(0.149095 0.00141169 -0)
(0.147249 0.00152329 1.19007e-21)
(0.145249 0.00162679 0)
(0.143103 0.00172221 -1.10436e-21)
(0.140819 0.0018096 -0)
(0.138405 0.00188885 0)
(0.135871 0.00196008 -0)
(0.133225 0.00202326 9.16323e-22)
(0.130476 0.00207851 0)
(0.127634 0.00212606 -0)
(0.124708 0.0021659 7.63273e-22)
(0.121707 0.00219834 0)
(0.11864 0.00222354 6.56738e-22)
(0.115516 0.00224164 0)
(0.112345 0.002253 0)
(0.109135 0.00225795 0)
(0.105895 0.00225673 -4.35662e-22)
(0.102632 0.00224957 -0)
(0.0993558 0.00223688 0)
(0.0960734 0.00221896 -2.65063e-22)
(0.0927925 0.00219612 -2.07616e-22)
(0.08952 0.00216871 -0)
(0.0862629 0.00213704 -9.21504e-23)
(0.0830274 0.00210152 -0)
(0.0798195 0.00206248 4.76033e-23)
(0.0766449 0.00202032 -0)
(0.0735084 0.00197552 2.80005e-22)
(0.0704149 0.00192849 0)
(0.067369 0.00187993 -5.12669e-22)
(0.0643737 0.00183054 -0)
(0.0614329 0.00178127 0)
(0.0585488 0.00173352 -0)
(0.0557236 0.00168895 9.79397e-22)
(0.0529584 0.00164969 0)
(0.0502537 0.00161791 -1.21482e-21)
(0.0476084 0.0015947 0)
(0.0457757 0.00160357 1.47675e-21)
(0.0442335 0.00162103 1.63528e-21)
(0.0426947 0.00162585 1.80022e-21)
(0.0411676 0.00161289 0)
(0.0396575 0.00158952 0)
(0.0381642 0.00156384 0)
(0.0366862 0.00153803 0)
(0.0352236 0.00151232 0)
(0.0337767 0.00148672 0)
(0.0323461 0.00146123 0)
(0.0309323 0.001436 0)
(0.0295355 0.00141119 -3.69325e-21)
(0.0281565 0.00138699 -3.96893e-21)
(0.026795 0.00136356 0)
(0.0254515 0.00134057 0)
(0.0241263 0.00131653 0)
(0.0228207 0.00129163 -5.26899e-21)
(0.0215348 0.00126742 0)
(0.0202684 0.00124375 0)
(0.0190217 0.00122069 0)
(0.0177946 0.00119826 0)
(0.0165873 0.00117653 7.53775e-21)
(0.0153997 0.00115558 0)
(0.0142318 0.0011355 0)
(0.0130835 0.00111638 -9.45663e-21)
(0.0119546 0.00109826 1.02342e-20)
(0.0108453 0.00108125 0)
(0.00975542 0.00106563 1.20705e-20)
(0.00868482 0.00105204 0)
(0.0076332 0.00104165 -1.44087e-20)
(0.00659985 0.00103476 0)
(0.00558444 0.00103034 0)
(0.00458695 0.00102812 0)
(0.00360691 0.0010284 0)
(0.00264391 0.00103142 0)
(0.00169837 0.00103713 5.57084e-20)
(0.000771821 0.0010427 6.42158e-20)
(-0.000137775 0.00103003 0)
(-0.00103483 0.000987247 0)
(-0.00191641 0.00093487 0)
(-0.00278247 0.000885386 -5.29027e-20)
(-0.00363294 0.000840481 0)
(-0.00446762 0.000799742 0)
(-0.00528687 0.00076269 0)
(-0.0060913 0.000728819 -4.04266e-20)
(-0.00688142 0.000697677 3.83762e-20)
(-0.00765776 0.000668894 0)
(-0.00842079 0.000642155 0)
(-0.00917095 0.000617214 3.36275e-20)
(-0.00990869 0.000593878 3.23869e-20)
(-0.0106345 0.000571976 0)
(-0.0113486 0.00055138 0)
(-0.0120517 0.00053197 -2.9361e-20)
(-0.012744 0.000513654 2.8533e-20)
(-0.0134261 0.000496349 0)
(-0.0140983 0.000479984 0)
(-0.014761 0.000464498 2.64427e-20)
(-0.0154147 0.000449843 0)
(-0.0160599 0.000435969 0)
(-0.0166969 0.000422841 2.47969e-20)
(-0.0173263 0.00041041 0)
(-0.0179486 0.000398648 2.38806e-20)
(-0.018564 0.000387524 0)
(-0.0191732 0.000377012 0)
(-0.0197767 0.000367076 0)
(-0.0203747 0.000357683 -2.23642e-20)
(-0.0209679 0.000348794 0)
(-0.0215565 0.000340392 0)
(-0.0221412 0.000332397 0)
(-0.0227218 0.000324751 0)
(-0.023299 0.000317389 0)
(-0.0238726 0.000310198 0)
(-0.0244427 0.000303 -2.03903e-20)
(-0.0250085 0.00029562 -2.01599e-20)
(-0.0255695 0.000287779 0)
(-0.0261239 0.000279113 0)
(-0.0266701 0.000269096 0)
(-0.0272043 0.000256947 1.93648e-20)
(-0.0277214 0.000241473 0)
(-0.0282131 0.000221237 -3.81432e-20)
(-0.0286698 0.000192191 3.7937e-20)
(-0.0290627 0.000152576 3.78277e-20)
(-0.0293938 7.78603e-05 -3.78663e-20)
(-0.0294755 -3.93619e-05 3.80532e-20)
(-0.0295002 -0.000356422 -3.84055e-20)
(-0.0279659 -0.000616673 0)
(-0.0293383 -0.00051596 -2.43362e-18)
(-0.0327612 -0.00134185 -2.27017e-18)
(-0.0364042 -0.00203265 0)
(-0.0395245 -0.00257526 -4.06156e-18)
(-0.0424739 -0.00301774 -7.75908e-18)
(-0.0455461 -0.0034207 -3.72014e-18)
(-0.0487684 -0.00381795 3.56875e-18)
(-0.0521052 -0.0042975 -1.08334e-34)
(-0.0555837 -0.00475173 3.00927e-36)
(-0.0592907 -0.00507615 3.14615e-18)
(-0.0632252 -0.00540766 3.02929e-18)
(-0.067416 -0.00580718 0)
(-0.0718971 -0.00624926 0)
(-0.0767115 -0.00671021 0)
(-0.0819051 -0.00720434 -9.12184e-35)
(-0.0875255 -0.00774507 -2.00774e-35)
(-0.0936436 -0.00834476 8.12502e-35)
(-0.100314 -0.00900782 -4.15842e-18)
(-0.107677 -0.00972855 -3.8126e-18)
(-0.116728 -0.0106208 1.20371e-35)
(-0.127545 -0.0116244 6.13673e-18)
(-0.1384 -0.0127313 1.03493e-17)
(-0.153626 -0.0139246 0)
(-0.162827 -0.0152917 -5.09815e-18)
(-0.191943 -0.0169795 3.00927e-36)
)
;
    }
    frontAndBack
    {
        type            empty;
    }
}


// ************************************************************************* //
