/*--------------------------------*- C++ -*----------------------------------*\
  =========                 |
  \\      /  F ield         | OpenFOAM: The Open Source CFD Toolbox
   \\    /   O peration     | Website:  https://openfoam.org
    \\  /    A nd           | Version:  8
     \\/     M anipulation  |
\*---------------------------------------------------------------------------*/
FoamFile
{
    version     2.0;
    format      ascii;
    class       volVectorField;
    location    "400";
    object      wallShearStress;
}
// * * * * * * * * * * * * * * * * * * * * * * * * * * * * * * * * * * * * * //

dimensions      [0 2 -2 0 0 0 0];

internalField   uniform (0 0 0);

boundaryField
{
    inlet
    {
        type            calculated;
        value           uniform (0 0 0);
    }
    outlet
    {
        type            calculated;
        value           uniform (0 0 0);
    }
    upperWall
    {
        type            calculated;
        value           nonuniform List<vector> 
223
(
(-0.443935 0.0028891 0)
(-0.467741 0.00542971 0)
(-0.497723 0.00688137 0)
(-0.504596 0.00737642 0)
(-0.500705 0.00736553 0)
(-0.490358 0.00701486 0)
(-0.478509 0.00651172 0)
(-0.466317 0.00594226 0)
(-0.453851 0.00535016 0)
(-0.442095 0.00477931 0)
(-0.431272 0.00424528 0)
(-0.421432 0.00375102 0)
(-0.412586 0.00329859 0)
(-0.404681 0.00288856 0)
(-0.397657 0.00251992 0)
(-0.39143 0.00220217 0)
(-0.385875 0.00194237 0)
(-0.380946 0.00178244 0)
(-0.377017 0.00169704 0)
(-0.373923 0.001641 6.05202e-22)
(-0.370915 0.00156628 0)
(-0.367999 0.00148209 0)
(-0.365168 0.00139371 0)
(-0.362423 0.00130427 6.16007e-22)
(-0.359768 0.00121553 0)
(-0.357202 0.00112922 0)
(-0.354726 0.00104577 0)
(-0.352338 0.00096595 -1.25129e-21)
(-0.350037 0.000889802 1.2559e-21)
(-0.347822 0.000817516 1.26044e-21)
(-0.345692 0.000748776 0)
(-0.343646 0.000683881 -1.26936e-21)
(-0.341681 0.000622426 0)
(-0.339797 0.000564374 1.27812e-21)
(-0.337993 0.000509559 1.28245e-21)
(-0.336266 0.000458128 -1.28676e-21)
(-0.334614 0.000409906 0)
(-0.333036 0.000364891 0)
(-0.331529 0.000323125 0)
(-0.330091 0.000284563 0)
(-0.328719 0.000249217 -1.30814e-21)
(-0.327409 0.000216972 0)
(-0.326158 0.000187815 0)
(-0.324964 0.000161769 1.32102e-21)
(-0.323822 0.000138571 0)
(-0.322731 0.000118164 1.32971e-21)
(-0.321684 0.000100491 -1.3341e-21)
(-0.320682 8.54158e-05 1.33853e-21)
(-0.319718 7.30098e-05 0)
(-0.31879 6.304e-05 0)
(-0.317894 5.53663e-05 0)
(-0.317028 4.99827e-05 1.35668e-21)
(-0.316187 4.66523e-05 -1.36136e-21)
(-0.315371 4.51356e-05 0)
(-0.314571 4.52423e-05 0)
(-0.313795 4.68889e-05 0)
(-0.313025 4.99073e-05 0)
(-0.312278 5.40548e-05 0)
(-0.311527 5.92392e-05 0)
(-0.310803 6.52156e-05 0)
(-0.310063 7.20403e-05 0)
(-0.309353 7.95726e-05 1.40661e-21)
(-0.308623 8.76383e-05 -1.41195e-21)
(-0.307908 9.67031e-05 0)
(-0.30719 0.00010557 0)
(-0.306473 0.000116001 0)
(-0.30571 0.000138726 -1.43427e-21)
(-0.305056 0.000134652 0)
(-0.30416 0.000114201 0)
(-0.303861 0.000153523 0)
(-0.302925 0.000184375 0)
(-0.302169 0.000248869 0)
(-0.301755 0.000319129 -2.94866e-21)
(-0.301132 0.000361588 0)
(-0.300831 0.000370315 0)
(-0.300578 0.000232486 0)
(-0.300416 0.000162622 0)
(-0.300659 0.000202624 0)
(-0.299963 0.000192131 0)
(-0.299758 0.00025374 0)
(-0.299464 0.000300467 3.06882e-21)
(-0.299203 0.000227 0)
(-0.302097 0.000198832 0)
(-0.298711 0.000190127 0)
(-0.324108 0.00017743 -3.38228e-21)
(-0.338214 0.000182267 0)
(-0.329983 0.000216318 -3.45134e-21)
(-0.363522 0.000518549 0)
(-0.340903 0.000617844 0)
(-0.324253 0.000664816 0)
(-0.312299 0.000642726 -3.27648e-21)
(-0.303538 0.000428501 0)
(-0.297524 0.000119183 3.13613e-21)
(-0.3281 0.000585463 3.4686e-21)
(-0.319635 0.00150084 0)
(-0.328762 0.00171437 3.44607e-21)
(-0.310058 0.00114582 0)
(-0.313066 0.000494853 0)
(-0.311221 1.15215e-05 0)
(-0.295287 0.000196389 -3.20217e-21)
(-0.293256 0.000440667 0)
(-0.300584 8.03445e-05 -3.28282e-21)
(-0.292717 -0.000160145 3.22649e-21)
(-0.314387 -0.000163794 0)
(-0.355717 0.000227152 0)
(-0.327422 7.99236e-05 0)
(-0.344212 0.000307439 0)
(-0.321009 0.00102042 0)
(-0.311094 0.00116932 0)
(-0.290844 0.000771858 0)
(-0.296894 0.000358327 -3.26131e-21)
(-0.288811 1.73524e-05 0)
(-0.327135 0.000239869 0)
(-0.30312 0.000398891 0)
(-0.287185 1.48681e-05 0)
(-0.317314 3.99873e-06 0)
(-0.323935 -0.000115303 0)
(-0.312128 -3.72858e-05 0)
(-0.334025 0.000123681 0)
(-0.331727 0.000929189 0)
(-0.300366 0.00115593 0)
(-0.281865 0.000387518 0)
(-0.318578 0.000972877 0)
(-0.289633 0.00108718 -5.93929e-21)
(-0.279295 0.000350961 0)
(-0.320791 0.000335455 0)
(-0.335409 0.000441878 0)
(-0.332408 0.000656639 6.60246e-21)
(-0.334059 0.000622107 0)
(-0.314398 0.000331224 0)
(-0.29224 0.000447994 5.56328e-21)
(-0.301093 0.00035081 0)
(-0.292901 0.000938663 -5.3627e-21)
(-0.271276 0.00178578 0)
(-0.26602 0.00156695 0)
(-0.264726 0.00117081 0)
(-0.263374 0.000691119 4.23417e-21)
(-0.274489 0.000807101 0)
(-0.260977 0.000752307 -3.89215e-21)
(-0.27944 0.000803941 0)
(-0.2585 0.00069992 0)
(-0.276818 0.000833768 0)
(-0.255763 0.0012017 0)
(-0.254301 0.000468726 0)
(-0.261998 -0.000115616 0)
(-0.263951 0.000392147 0)
(-0.249542 0.000573744 0)
(-0.251551 0.000978631 0)
(-0.246107 0.00172627 0)
(-0.244503 0.00111102 0)
(-0.242606 0.000668142 -1.20218e-21)
(-0.257165 0.000242934 9.8085e-22)
(-0.254411 0.000919436 0)
(-0.236254 0.0010221 0)
(-0.23403 0.000511335 0)
(-0.262805 0.00175642 0)
(-0.231123 0.00072173 -6.61605e-22)
(-0.228728 -0.000666108 1.07787e-21)
(-0.225805 -0.000459825 -1.49214e-21)
(-0.222256 2.52818e-05 0)
(-0.219233 -0.000244822 -2.31069e-21)
(-0.215268 0.0010041 -5.48142e-21)
(-0.225803 0.00307632 0)
(-0.214886 0.00195746 -6.58441e-21)
(-0.213846 0.000855141 7.61247e-21)
(-0.225388 0.000874541 0)
(-0.225957 0.000631753 0)
(-0.21989 0.000440883 0)
(-0.210478 0.000298563 0)
(-0.202305 0.0010163 0)
(-0.211732 0.00114559 -1.41368e-20)
(-0.199459 9.31209e-05 0)
(-0.196456 0.000515302 -1.61261e-20)
(-0.194551 0.00113252 0)
(-0.192711 0.00106006 0)
(-0.190275 0.000597339 0)
(-0.187001 0.000263442 0)
(-0.184801 0.00166376 0)
(-0.18685 0.000573572 2.20757e-20)
(-0.183143 -0.000188711 0)
(-0.183229 0.00172629 0)
(-0.182303 0.00150215 -2.63398e-20)
(-0.179419 0.000888105 0)
(-0.174619 0.000503913 0)
(-0.168332 0.000124793 0)
(-0.16132 -0.000161341 3.72671e-20)
(-0.154121 -0.000141442 0)
(-0.147025 0.00012134 0)
(-0.139559 0.000575201 0)
(-0.130961 0.000999472 0)
(-0.120942 0.00143481 -5.91117e-20)
(-0.109804 0.0017104 0)
(-0.0988588 0.00174566 0)
(-0.0882088 0.00160636 0)
(-0.0792064 0.00140551 9.42743e-20)
(-0.0688005 0.00134181 0)
(-0.0637189 0.00174968 0)
(-0.0348904 0.00146487 -1.39862e-19)
(-0.067138 0.000408525 1.20371e-35)
(-0.100991 0.00571768 1.19355e-17)
(-0.124261 0.0101117 2.1417e-17)
(-0.136627 0.012694 2.01385e-17)
(-0.143967 0.0140981 1.93677e-17)
(-0.149415 0.0149702 1.87579e-17)
(-0.153726 0.0155768 -1.82401e-17)
(-0.15672 0.0160123 -1.77668e-17)
(-0.159139 0.0163047 -1.20371e-35)
(-0.161261 0.0165435 -3.39394e-17)
(-0.163492 0.0167544 -1.65881e-17)
(-0.165679 0.0169688 1.68519e-34)
(-0.168264 0.0171782 -1.20371e-35)
(-0.171222 0.0174326 -3.05107e-17)
(-0.174849 0.0177305 -2.93852e-17)
(-0.179052 0.0180972 -2.80427e-17)
(-0.184036 0.0185278 -2.40741e-35)
(-0.189719 0.0190317 4.9512e-17)
(-0.196327 0.0196207 2.27386e-17)
(-0.203651 0.0202804 1.20371e-35)
(-0.212427 0.0210725 -3.54923e-17)
(-0.220896 0.0218606 -1.24036e-20)
(-0.234556 0.0230392 0)
(-0.239049 0.0237715 1.33935e-17)
(-0.265114 0.0253664 -7.17985e-18)
)
;
    }
    lowerWall
    {
        type            calculated;
        value           nonuniform List<vector> 
250
(
(-0.623034 -0.00645742 0)
(-0.5944 -0.010052 0)
(-0.56762 -0.0101245 0)
(-0.542114 -0.00959513 0)
(-0.520215 -0.00845939 0)
(-0.501938 -0.00639344 0)
(-0.533247 -0.00629529 0)
(-0.502982 -0.00656324 0)
(-0.462575 -0.00468914 0)
(-0.453466 -0.0032135 0)
(-0.446207 -0.00179603 0)
(-0.500394 -0.000948531 0)
(-0.528402 -0.00104781 0)
(-0.49535 -0.000674693 0)
(-0.503284 -0.00157112 0)
(-0.454418 -0.00160182 0)
(-0.422525 -0.000131898 0)
(-0.489858 0.000219106 0)
(0.00216716 3.97587e-05 0)
(0.00241003 -0.00281734 0)
(0.00268465 -0.00577873 0)
(0.00304439 -0.00893017 1.13417e-19)
(0.0034226 -0.0120945 -9.57326e-20)
(0.00352106 -0.0159392 8.5464e-20)
(0.00287444 -0.0155092 -7.73508e-20)
(0.00894315 -0.0342625 0)
(-0.0444564 -0.106527 0)
(0.00022328 -0.000276429 0)
(5.66102e-05 -0.00079117 0)
(-8.77007e-06 -0.000875544 0)
(5.60126e-05 -0.000875251 0)
(3.2765e-05 -0.000840454 1.54134e-19)
(-0.000146136 -0.00026365 -1.49508e-19)
(-0.000588959 0.00119499 0)
(-0.00118728 0.00391617 -1.71538e-19)
(-0.00155627 0.00735889 1.3158e-19)
(-0.00148902 0.0105873 0)
(-0.00108682 0.0129492 0)
(-0.000550422 0.0141668 0)
(-4.16161e-05 0.0142218 0)
(0.000361308 0.0133199 0)
(0.000698628 0.0117313 0)
(0.0010309 0.00950473 0)
(0.00139786 0.00667522 0)
(0.00181283 0.00329255 0)
(-0.000143461 -0.00027871 0)
(0.000170277 -0.00044849 0)
(0.000481043 -0.000499282 0)
(0.000802417 -0.000426966 0)
(0.00105644 -0.000189191 -0)
(0.00109807 0.000202112 -0)
(0.000844765 0.000669383 1.45964e-20)
(0.000325825 0.00110502 -1.64482e-20)
(-0.000388658 0.00141924 0)
(-0.00120457 0.00157486 -9.40901e-21)
(-0.00204399 0.00158546 0)
(-0.00284259 0.00148142 0)
(-0.00355553 0.00129917 0)
(-0.00415826 0.00106924 4.65764e-21)
(-0.00463959 0.000812293 0)
(-0.00499537 0.000539903 0)
(-0.0052232 0.000260435 -4.04975e-21)
(-0.00532772 -3.2627e-05 -0)
(-0.00528287 -0.000336097 0)
(-0.00508832 -0.00062794 -0)
(-0.00475333 -0.000887878 4.37134e-21)
(-0.00429007 -0.00109549 -0)
(-0.00371733 -0.00122956 5.18833e-21)
(-0.00306332 -0.00127094 0)
(-0.00236696 -0.00120593 -0)
(-0.00167814 -0.00103287 8.45329e-21)
(-0.00105455 -0.000770088 0)
(-0.000551737 -0.000464516 -1.40025e-20)
(-0.000199077 -0.000187914 0)
(2.26017e-05 1.62507e-06 2.39181e-20)
(0.000162097 0.000116212 0)
(0.000238394 0.000219022 0)
(0.000211399 0.000339509 0)
(8.20854e-05 0.000497347 0)
(-0.000190903 0.000702207 0)
(-0.000628319 0.00090533 -1.40525e-20)
(-0.00120071 0.00102654 0)
(-0.00181024 0.000998982 1.71845e-20)
(-0.00233849 0.000822085 0)
(-0.0026935 0.000552463 -1.40471e-20)
(-0.00284888 0.000278855 0)
(-0.00284015 7.27937e-05 0)
(-0.00273045 -2.53225e-05 1.40567e-20)
(-0.00259538 9.31832e-06 0)
(-0.00250133 0.000163883 1.46117e-20)
(-0.00244726 0.000366391 -1.47231e-20)
(-0.00236321 0.000436998 0)
(-0.00207247 0.000133867 -1.64431e-20)
(-0.00131241 -0.00057429 -1.97469e-20)
(9.83379e-05 -0.00126833 0)
(0.0018581 -0.00191922 0)
(0.00384529 -0.00259866 0)
(0.00612011 -0.00314839 0)
(0.008568 -0.0034877 -0)
(0.0110549 -0.00369846 3.45093e-21)
(0.0135393 -0.00382361 0)
(0.0160084 -0.00383609 -2.68256e-21)
(0.0184013 -0.00368409 -0)
(0.0206356 -0.0034064 -0)
(0.0233404 -0.00322299 2.20786e-21)
(0.0263221 -0.00305552 0)
(0.0263595 -0.00256501 -1.93521e-21)
(0.0295331 -0.00246939 -0)
(0.0313552 -0.00229218 0)
(0.0335479 -0.00213891 -0)
(0.0355658 -0.00199097 1.8523e-21)
(0.0374565 -0.00186007 0)
(0.0393245 -0.00174472 -0)
(0.0410823 -0.00164126 1.80392e-21)
(0.0428071 -0.00154998 0)
(0.0444581 -0.00146808 1.78242e-21)
(0.0460721 -0.00139464 0)
(0.0476322 -0.00132783 0)
(0.0491562 -0.00126667 0)
(0.0506369 -0.00120996 -1.74979e-21)
(0.0520833 -0.00115687 -0)
(0.0534919 -0.00110662 0)
(0.0548672 -0.00105871 -1.72868e-21)
(0.0562075 -0.00101259 -1.72168e-21)
(0.0575148 -0.000967951 -0)
(0.0587881 -0.000924359 -1.70731e-21)
(0.0600278 -0.000881683 0)
(0.0612334 -0.000839694 -3.3841e-21)
(0.0624049 -0.00079821 -0)
(0.0635413 -0.000756934 -3.35112e-21)
(0.064642 -0.000715838 -0)
(0.0657062 -0.000674785 3.31498e-21)
(0.0667333 -0.000633472 0)
(0.0677214 -0.000591772 0)
(0.0686702 -0.000549516 0)
(0.0695775 -0.000506241 -3.23092e-21)
(0.0704415 -0.00046182 -0)
(0.0712608 -0.000415957 3.18193e-21)
(0.0720329 -0.000368216 0)
(0.0727551 -0.000318396 -3.12787e-21)
(0.073425 -0.000266366 -3.09888e-21)
(0.0740399 -0.00021224 -3.06859e-21)
(0.0745976 -0.000156901 -0)
(0.0750968 -0.000102448 0)
(0.0755383 -5.23022e-05 0)
(0.0759274 -1.03844e-05 0)
(0.0762686 2.6518e-05 0)
(0.0765634 6.29623e-05 0)
(0.0768106 9.88977e-05 0)
(0.0770102 0.000134679 0)
(0.0771617 0.000170373 2.7257e-21)
(0.0772644 0.00020593 2.67781e-21)
(0.0773178 0.000241343 0)
(0.0773216 0.000276543 0)
(0.0772751 0.00031147 0)
(0.0771786 0.000346021 2.46417e-21)
(0.0770317 0.000380206 0)
(0.0768344 0.000413941 0)
(0.0765867 0.000447178 0)
(0.0762889 0.000479894 0)
(0.0759411 0.000512028 -2.1443e-21)
(0.0755434 0.000543491 0)
(0.0750967 0.000574218 0)
(0.0746013 0.000604298 1.92248e-21)
(0.0740575 0.000633565 -1.84337e-21)
(0.0734664 0.000662015 0)
(0.0728285 0.000689585 -1.6772e-21)
(0.0721448 0.000716339 0)
(0.0714158 0.00074213 1.50026e-21)
(0.0706431 0.000767048 0)
(0.0698272 0.000790996 0)
(0.0689699 0.000814037 0)
(0.068076 0.000835963 0)
(0.0671351 0.000856598 0)
(0.0661689 0.000876584 -1.8055e-21)
(0.0651441 0.00089495 -1.58581e-21)
(0.0641027 0.000912095 0)
(0.0630152 0.000927185 0)
(0.0619055 0.000938384 0)
(0.0607664 0.000943446 6.48197e-22)
(0.0595998 0.000939467 0)
(0.0584073 0.000932345 0)
(0.0571843 0.000937122 0)
(0.0559327 0.000949531 -3.9277e-22)
(0.0546539 0.000958825 6.71502e-22)
(0.0533524 0.000967336 0)
(0.0520289 0.000974861 0)
(0.0506854 0.000981501 1.55671e-21)
(0.0493236 0.000987416 1.86928e-21)
(0.0479446 0.000992684 0)
(0.0465496 0.000997362 0)
(0.0451402 0.00100148 -2.86595e-21)
(0.0437178 0.00100534 3.21982e-21)
(0.0422831 0.00100892 0)
(0.0408378 0.00101231 0)
(0.039382 0.00101548 4.35649e-21)
(0.0379177 0.00101847 0)
(0.0364436 0.00102102 0)
(0.0349645 0.0010235 5.62496e-21)
(0.0334769 0.00102556 0)
(0.0319862 0.00102782 6.55973e-21)
(0.0304892 0.00103002 0)
(0.0289905 0.0010325 0)
(0.0274882 0.00103544 0)
(0.0259832 0.00103873 -8.70306e-21)
(0.0244752 0.00104256 0)
(0.0229642 0.00104688 0)
(0.0214503 0.00105173 0)
(0.0199336 0.00105706 0)
(0.0184141 0.00106296 0)
(0.016892 0.00106946 0)
(0.0153672 0.00107674 -1.38011e-20)
(0.0138398 0.00108487 -1.47414e-20)
(0.0123095 0.00109399 0)
(0.0107758 0.00110409 0)
(0.0092387 0.0011151 0)
(0.00769822 0.00112679 1.9361e-20)
(0.00615506 0.0011393 0)
(0.00461098 0.00115167 -4.47811e-20)
(0.00307004 0.00116095 4.83147e-20)
(0.00154122 0.0011616 5.22579e-20)
(2.90307e-05 0.00113145 -5.48499e-20)
(-0.00137396 0.001067 5.4128e-20)
(-0.00293531 0.000899114 -5.2129e-20)
(-0.00328007 0.00050492 0)
(-0.00530026 0.00111654 -3.10434e-18)
(-0.00846074 0.000882347 -2.81152e-18)
(-0.0115989 0.000531008 -3.00927e-36)
(-0.0148319 0.00020207 -4.77964e-18)
(-0.0182779 -0.000144179 -8.88826e-18)
(-0.0219402 -0.000510157 -4.14784e-18)
(-0.0258265 -0.000895847 3.88164e-18)
(-0.0299617 -0.00130564 -1.80556e-35)
(-0.0343682 -0.00174228 9.0278e-36)
(-0.039058 -0.00221099 3.21503e-18)
(-0.0440502 -0.00270291 3.0246e-18)
(-0.049358 -0.00319483 0)
(-0.0549959 -0.00372199 0)
(-0.0610217 -0.00432357 0)
(-0.0674857 -0.00498368 -1.1896e-35)
(-0.074394 -0.0056964 -2.15351e-35)
(-0.0818946 -0.00646399 3.00927e-35)
(-0.089848 -0.00729066 -3.76203e-18)
(-0.0988181 -0.00818812 -3.429e-18)
(-0.107884 -0.00915683 6.01853e-36)
(-0.11942 -0.010225 5.39981e-18)
(-0.129007 -0.0113911 8.97043e-18)
(-0.146325 -0.0126293 0)
(-0.153869 -0.0141303 -4.33829e-18)
(-0.1882 -0.0165076 -1.50463e-35)
)
;
    }
    frontAndBack
    {
        type            empty;
    }
}


// ************************************************************************* //
