/*--------------------------------*- C++ -*----------------------------------*\
  =========                 |
  \\      /  F ield         | OpenFOAM: The Open Source CFD Toolbox
   \\    /   O peration     | Website:  https://openfoam.org
    \\  /    A nd           | Version:  8
     \\/     M anipulation  |
\*---------------------------------------------------------------------------*/
FoamFile
{
    version     2.0;
    format      ascii;
    class       volVectorField;
    location    "1100";
    object      wallShearStress;
}
// * * * * * * * * * * * * * * * * * * * * * * * * * * * * * * * * * * * * * //

dimensions      [0 2 -2 0 0 0 0];

internalField   uniform (0 0 0);

boundaryField
{
    inlet
    {
        type            calculated;
        value           uniform (0 0 0);
    }
    outlet
    {
        type            calculated;
        value           uniform (0 0 0);
    }
    upperWall
    {
        type            calculated;
        value           nonuniform List<vector> 
223
(
(-0.582193 -0.392359 0)
(-0.977814 -0.219377 0)
(-0.939336 -0.0567747 0)
(-0.81071 -0.00585779 0)
(-0.734594 0.00331371 0)
(-0.695452 0.00231544 0)
(-0.670941 0.000424216 0)
(-0.653508 -0.0014488 0)
(-0.640532 -0.0025625 0)
(-0.629821 -0.00218353 0)
(-0.620058 -0.0013053 0)
(-0.610993 -0.00107839 0)
(-0.603033 -0.00138851 0)
(-0.596184 -0.00127386 0)
(-0.590434 -0.00106051 0)
(-0.585075 -0.000334645 0)
(-0.579787 0.00168714 0)
(-0.575194 0.0014147 0)
(-0.571309 0.00162532 0)
(-0.567715 0.00312827 4.27712e-22)
(-0.564342 0.00251105 0)
(-0.561641 0.00175055 0)
(-0.558902 0.00303621 0)
(-0.555755 0.00321356 4.48312e-22)
(-0.552843 0.00331364 0)
(-0.54995 0.00393377 0)
(-0.546937 0.00376721 0)
(-0.544106 0.00348254 -9.38096e-22)
(-0.541328 0.00298073 9.46004e-22)
(-0.538633 0.00256631 9.56445e-22)
(-0.535953 0.00245937 0)
(-0.533231 0.00218856 -9.78435e-22)
(-0.530575 0.00194055 0)
(-0.527935 0.00174269 1.00144e-21)
(-0.525292 0.0015738 1.01352e-21)
(-0.52264 0.00144505 -1.02607e-21)
(-0.519969 0.0013411 0)
(-0.517284 0.00125818 0)
(-0.514579 0.0011939 0)
(-0.51185 0.00114453 0)
(-0.509096 0.00110714 -1.09088e-21)
(-0.506311 0.0010793 0)
(-0.503494 0.00105929 0)
(-0.500643 0.0010458 1.13106e-21)
(-0.497753 0.00103777 0)
(-0.494823 0.00103444 1.15756e-21)
(-0.491847 0.00103491 -1.17055e-21)
(-0.488824 0.00103853 1.1833e-21)
(-0.485748 0.00104491 0)
(-0.482619 0.00105275 0)
(-0.479436 0.00106134 0)
(-0.4762 0.00106959 1.2308e-21)
(-0.472915 0.00107627 -1.24146e-21)
(-0.469594 0.00108162 0)
(-0.466253 0.00108662 0)
(-0.462905 0.00109182 0)
(-0.459561 0.00109644 0)
(-0.456227 0.00109916 0)
(-0.452904 0.00109921 0)
(-0.449587 0.00109684 0)
(-0.446268 0.00109263 0)
(-0.442936 0.00108746 1.29194e-21)
(-0.439582 0.00108262 -1.29172e-21)
(-0.436194 0.00107901 0)
(-0.43276 0.00107714 0)
(-0.42927 0.00107732 0)
(-0.425716 0.00107958 -1.27834e-21)
(-0.422088 0.00108376 0)
(-0.41838 0.00108961 0)
(-0.414587 0.00109675 0)
(-0.410704 0.00110478 0)
(-0.406728 0.00111332 0)
(-0.402655 0.0011218 -2.43429e-21)
(-0.398487 0.00112964 0)
(-0.394224 0.00113633 0)
(-0.389868 0.00114136 0)
(-0.385427 0.00114452 0)
(-0.380908 0.00114569 0)
(-0.376322 0.00114476 0)
(-0.371683 0.00114142 0)
(-0.367001 0.00113539 2.09521e-21)
(-0.362288 0.00112661 0)
(-0.357551 0.00111504 0)
(-0.352795 0.00110109 0)
(-0.348022 0.00108531 -1.83953e-21)
(-0.343231 0.00106815 0)
(-0.338422 0.00105027 -1.6901e-21)
(-0.333591 0.00103237 0)
(-0.328731 0.00101531 0)
(-0.323837 0.000999827 0)
(-0.319025 0.000992001 -1.35087e-21)
(-0.316384 0.00100111 0)
(-0.31366 0.001015 1.18038e-21)
(-0.310855 0.00102968 1.08968e-21)
(-0.307975 0.00104284 0)
(-0.305031 0.00105374 8.95971e-22)
(-0.302034 0.00106247 0)
(-0.298997 0.0010699 0)
(-0.295935 0.00107679 0)
(-0.292864 0.00108472 -4.54499e-22)
(-0.289795 0.0010926 0)
(-0.286744 0.00110166 -2.05085e-22)
(-0.283723 0.00111029 7.30711e-23)
(-0.280741 0.00111634 0)
(-0.277811 0.00110872 0)
(-0.274928 0.00111164 0)
(-0.272126 0.00108994 0)
(-0.26936 0.00106645 0)
(-0.266776 0.00104956 0)
(-0.264144 0.00138083 0)
(-0.261799 0.00136706 1.14016e-21)
(-0.259437 0.00074075 0)
(-0.256978 0.000633297 0)
(-0.254761 0.000862168 0)
(-0.252515 0.000976618 0)
(-0.250399 0.000920639 0)
(-0.24827 0.000834173 0)
(-0.246073 0.00133261 0)
(-0.244341 0.00108988 0)
(-0.242192 0.000275361 0)
(-0.240219 0.000319167 0)
(-0.238291 0.000484924 0)
(-0.236461 0.000533411 0)
(-0.234934 0.000541941 7.17418e-21)
(-0.233458 0.000616386 0)
(-0.231964 0.000621491 0)
(-0.230351 0.000595939 0)
(-0.228623 0.000559355 -8.8307e-21)
(-0.227411 0.000571122 0)
(-0.225822 0.000588064 0)
(-0.2243 0.000723268 -1.00479e-20)
(-0.222841 0.000765065 0)
(-0.221421 0.000603333 1.08927e-20)
(-0.220092 0.000986377 0)
(-0.218855 0.00104968 0)
(-0.21764 0.000875093 0)
(-0.216713 0.00101024 -1.2491e-20)
(-0.215819 0.000857777 0)
(-0.214902 0.000541456 1.33215e-20)
(-0.21358 0.000545014 0)
(-0.212671 0.000735337 0)
(-0.211515 0.000557303 0)
(-0.210566 0.000578201 0)
(-0.209993 0.000609776 0)
(-0.208928 0.000413969 0)
(-0.208001 0.000464539 0)
(-0.207261 0.000313199 0)
(-0.206235 0.000233648 0)
(-0.205499 0.000380271 0)
(-0.204779 0.000185363 0)
(-0.204016 3.43689e-05 1.83989e-20)
(-0.202877 0.00034332 -1.89144e-20)
(-0.202412 0.00048298 0)
(-0.201486 0.000346189 0)
(-0.20101 0.000224005 0)
(-0.200554 0.000305473 0)
(-0.19979 0.000507596 -2.08834e-20)
(-0.199384 0.000302168 2.12043e-20)
(-0.199156 0.00027373 -2.15657e-20)
(-0.198546 0.000176544 0)
(-0.198015 -4.08473e-05 -2.24783e-20)
(-0.19732 0.000234315 -4.58936e-20)
(-0.196573 0.000491023 0)
(-0.196356 0.000329823 -4.72996e-20)
(-0.195773 0.000264359 4.82834e-20)
(-0.195479 -0.000173983 0)
(-0.194501 -0.000514759 0)
(-0.193721 -0.00031331 0)
(-0.193347 -0.00017864 0)
(-0.193126 9.18817e-05 0)
(-0.192551 0.000233384 -5.36966e-20)
(-0.192356 0.000290816 0)
(-0.191866 0.000678995 -5.5097e-20)
(-0.19144 0.000788019 0)
(-0.191318 0.000441747 0)
(-0.19121 0.000399063 0)
(-0.19077 0.000509639 0)
(-0.189896 0.0002632 0)
(-0.189478 0.000282513 6.06037e-20)
(-0.189186 0.000330511 0)
(-0.188751 0.000206485 0)
(-0.187476 0.000320409 -6.40944e-20)
(-0.187072 0.000390389 0)
(-0.186558 -1.45313e-05 0)
(-0.184743 -0.000302088 0)
(-0.183355 -7.16411e-05 6.91649e-20)
(-0.182233 0.000136813 0)
(-0.180533 0.000225394 0)
(-0.179248 0.000365894 0)
(-0.176897 0.000487344 0)
(-0.174866 0.000672952 -7.70639e-20)
(-0.172529 0.00098284 0)
(-0.170143 0.00101587 0)
(-0.167244 0.00106929 0)
(-0.162648 0.00125471 8.78469e-20)
(-0.155576 0.00138813 0)
(-0.149337 0.0022 0)
(-0.124474 0.00220549 -1.07224e-19)
(-0.14183 0.0066873 6.01853e-36)
(-0.169774 0.0131855 1.25444e-17)
(-0.187127 0.0170494 2.35254e-17)
(-0.193646 0.0188644 2.26747e-17)
(-0.197307 0.019712 2.1932e-17)
(-0.201002 0.0203115 2.12022e-17)
(-0.205441 0.0210038 -2.02492e-17)
(-0.209639 0.0215195 -1.95305e-17)
(-0.213822 0.0218704 0)
(-0.218062 0.0220166 -3.66652e-17)
(-0.22021 0.0221812 -1.80781e-17)
(-0.224686 0.0227209 7.16205e-34)
(-0.227515 0.0229046 -2.40741e-35)
(-0.231059 0.023364 -3.228e-17)
(-0.235343 0.0239357 -3.06863e-17)
(-0.242339 0.0247789 -2.84664e-17)
(-0.249516 0.0254442 -2.40741e-35)
(-0.256856 0.0260673 4.94052e-17)
(-0.263905 0.0266469 2.26468e-17)
(-0.272746 0.0274457 1.20371e-35)
(-0.282651 0.0283566 -3.4863e-17)
(-0.291209 0.0289988 -1.58073e-20)
(-0.300875 0.0295772 3.00927e-36)
(-0.304431 0.030416 1.34856e-17)
(-0.332556 0.032149 -7.62916e-18)
)
;
    }
    lowerWall
    {
        type            calculated;
        value           nonuniform List<vector> 
250
(
(-0.653909 0.466638 0)
(-1.14095 0.204678 0)
(-1.03492 0.0379587 0)
(-0.869573 -0.000935979 0)
(-0.786941 -0.00419162 0)
(-0.746063 -0.00160782 0)
(-0.719878 0.000416171 0)
(-0.700645 -0.000651801 0)
(-0.685088 -0.00405594 0)
(-0.671317 -0.00471224 0)
(-0.658932 -0.0029883 0)
(-0.647719 -0.00086431 0)
(-0.637516 0.00142601 0)
(-0.628189 0.00210374 0)
(-0.619319 0.00136779 0)
(-0.61152 0.00135736 0)
(-0.604579 0.00169567 0)
(-0.605067 0.0019426 0)
(-0.00426052 -0.0228581 0)
(-0.00275891 -0.0176426 0)
(-0.000676866 -0.0144932 0)
(0.00194484 -0.0137777 9.02206e-20)
(0.00526942 -0.0151984 -7.86138e-20)
(0.00896252 -0.0208213 6.28448e-20)
(0.0127415 -0.020088 -4.84702e-20)
(0.0256274 -0.0633162 0)
(-0.0840672 -0.144716 0)
(0.00087258 -0.00384059 0)
(-0.00766545 0.00954691 0)
(-0.00851612 0.0328219 0)
(-0.00254934 0.0448554 0)
(0.00295343 0.0442615 1.82215e-20)
(0.0061828 0.036063 -1.8965e-20)
(0.00818731 0.0241608 0)
(0.00946063 0.0101601 -5.4227e-20)
(0.00943175 -0.00404308 6.11402e-20)
(0.00793331 -0.0174233 0)
(0.00614124 -0.0291959 0)
(0.00438173 -0.0385636 0)
(0.00268718 -0.0451409 0)
(0.000985997 -0.0488805 0)
(-0.000885172 -0.0495156 0)
(-0.0028206 -0.0464091 0)
(-0.00437912 -0.0399033 0)
(-0.00492629 -0.0308273 0)
(0.00132867 -0.00151216 0)
(0.00133796 0.00652733 0)
(-0.0045093 0.00961869 0)
(-0.0095973 0.00975655 0)
(-0.0133833 0.00829953 0)
(-0.0158895 0.0062352 0)
(-0.0172645 0.00409758 1.49566e-21)
(-0.0177831 0.00200605 -1.52727e-21)
(-0.0173316 -7.09281e-06 0)
(-0.016054 -0.00168637 -1.65302e-21)
(-0.0141885 -0.00283767 0)
(-0.0120504 -0.00329656 0)
(-0.0100506 -0.00303597 -0)
(-0.00855297 -0.00228034 2.57021e-21)
(-0.00761628 -0.0014231 0)
(-0.00693795 -0.000815887 0)
(-0.00612042 -0.00062345 -3.37814e-21)
(-0.00499279 -0.0010005 0)
(-0.00340838 -0.00238607 0)
(-0.000488354 -0.00505777 0)
(0.00436113 -0.00740379 3.03289e-21)
(0.00994612 -0.00889524 0)
(0.0158472 -0.00985005 1.46907e-21)
(0.0218926 -0.010617 0)
(0.0280984 -0.011269 -0)
(0.0344089 -0.0115143 8.4467e-22)
(0.0405413 -0.0113546 0)
(0.0491494 -0.0116034 -7.54027e-22)
(0.0589397 -0.0117553 -0)
(0.0686338 -0.0115827 7.70689e-22)
(0.0780428 -0.011169 0)
(0.0870158 -0.0105841 0)
(0.0954601 -0.00989006 0)
(0.103318 -0.00913658 -0)
(0.110565 -0.00836071 0)
(0.117198 -0.00758953 -8.11145e-22)
(0.123231 -0.00684035 -0)
(0.128687 -0.00612266 1.63307e-21)
(0.133592 -0.00544047 0)
(0.137974 -0.00479415 -1.63494e-21)
(0.14186 -0.00418209 -0)
(0.145272 -0.00360141 -0)
(0.148233 -0.00304949 1.62103e-21)
(0.150759 -0.00252417 0)
(0.152865 -0.00202411 1.60082e-21)
(0.154562 -0.00155029 -1.5875e-21)
(0.155864 -0.00110625 -0)
(0.156783 -0.000698812 -1.55489e-21)
(0.157329 -0.000337867 -1.53585e-21)
(0.157515 -3.98327e-05 -0)
(0.157409 0.000194792 0)
(0.157078 0.000391512 0)
(0.156524 0.000568224 0)
(0.155762 0.000731134 -0)
(0.154802 0.000884189 1.37579e-21)
(0.15365 0.00102831 0)
(0.152313 0.00116399 -1.307e-21)
(0.1508 0.00129165 -0)
(0.149117 0.00141131 -0)
(0.147272 0.00152287 1.19055e-21)
(0.145273 0.00162639 0)
(0.143127 0.0017219 -1.10486e-21)
(0.140843 0.00180932 -0)
(0.13843 0.00188859 0)
(0.135896 0.00195979 -0)
(0.13325 0.00202306 9.16833e-22)
(0.130502 0.0020784 0)
(0.12766 0.00212592 -0)
(0.124734 0.00216584 7.63791e-22)
(0.121733 0.00219831 0)
(0.118666 0.00222348 6.57257e-22)
(0.115542 0.00224166 0)
(0.112371 0.00225311 0)
(0.109161 0.00225809 0)
(0.10592 0.00225685 -4.36179e-22)
(0.102657 0.00224977 -0)
(0.0993805 0.0022371 0)
(0.096098 0.00221916 -2.65576e-22)
(0.0928167 0.00219638 -2.08125e-22)
(0.0895438 0.00216902 -0)
(0.086286 0.00213735 -9.26533e-23)
(0.0830502 0.00210183 -0)
(0.0798416 0.00206279 4.66116e-23)
(0.0766664 0.00202063 -0)
(0.0735294 0.00197583 2.79032e-22)
(0.0704354 0.00192884 0)
(0.0673886 0.00188024 -5.11713e-22)
(0.0643929 0.00183085 -0)
(0.0614512 0.00178163 0)
(0.0585665 0.00173383 -0)
(0.0557406 0.00168923 9.78478e-22)
(0.0529748 0.00164993 0)
(0.0502694 0.0016181 -1.21392e-21)
(0.0476234 0.00159484 0)
(0.0457845 0.00160349 1.47568e-21)
(0.0442421 0.00162103 1.63419e-21)
(0.0427031 0.00162594 1.79911e-21)
(0.0411757 0.00161306 0)
(0.0396653 0.00158974 0)
(0.0381716 0.00156404 0)
(0.0366933 0.00153823 0)
(0.0352304 0.00151251 0)
(0.0337833 0.00148692 0)
(0.0323523 0.00146146 0)
(0.0309381 0.0014362 0)
(0.0295412 0.00141139 -3.69194e-21)
(0.0281618 0.00138719 -3.96758e-21)
(0.0268002 0.00136375 0)
(0.0254563 0.0013408 0)
(0.0241307 0.00131674 0)
(0.0228249 0.00129183 -5.26758e-21)
(0.0215386 0.00126763 0)
(0.0202721 0.00124396 0)
(0.019025 0.00122091 0)
(0.0177976 0.00119848 0)
(0.01659 0.00117675 7.5363e-21)
(0.0154021 0.0011558 0)
(0.0142339 0.00113571 0)
(0.0130853 0.0011166 -9.45524e-21)
(0.0119562 0.00109849 1.02328e-20)
(0.0108466 0.00108148 0)
(0.00975647 0.00106587 1.20693e-20)
(0.00868562 0.00105228 0)
(0.00763375 0.00104191 -1.44079e-20)
(0.00660014 0.00103502 0)
(0.00558452 0.00103062 0)
(0.00458678 0.00102841 0)
(0.0036065 0.0010287 0)
(0.00264327 0.00103174 0)
(0.00169753 0.00103747 5.57157e-20)
(0.000770773 0.00104306 6.42276e-20)
(-0.000139036 0.00103033 0)
(-0.00103633 0.000987486 0)
(-0.00191817 0.000935099 0)
(-0.0027845 0.000885612 -5.28854e-20)
(-0.00363523 0.000840694 0)
(-0.00447015 0.000799948 0)
(-0.00528964 0.000762885 0)
(-0.00609429 0.000729011 -4.04139e-20)
(-0.00688467 0.000697866 3.83642e-20)
(-0.00766126 0.00066907 0)
(-0.00842453 0.00064232 0)
(-0.00917494 0.000617373 3.3617e-20)
(-0.00991293 0.000594023 3.2377e-20)
(-0.0106389 0.000572113 0)
(-0.0113533 0.000551508 0)
(-0.0120566 0.000532089 -2.9352e-20)
(-0.0127491 0.000513763 2.85244e-20)
(-0.0134313 0.00049645 0)
(-0.0141037 0.000480078 0)
(-0.0147666 0.000464587 2.64347e-20)
(-0.0154205 0.000449925 0)
(-0.0160658 0.000436048 0)
(-0.0167031 0.000422911 2.47894e-20)
(-0.0173326 0.000410477 0)
(-0.017955 0.000398712 2.38735e-20)
(-0.0185706 0.000387585 0)
(-0.01918 0.00037707 0)
(-0.0197836 0.000367129 0)
(-0.0203818 0.000357729 -2.23577e-20)
(-0.0209751 0.000348847 0)
(-0.0215639 0.000340452 0)
(-0.0221488 0.000332457 0)
(-0.0227297 0.000324791 0)
(-0.0233068 0.00031743 0)
(-0.0238807 0.000310238 0)
(-0.0244508 0.00030304 -2.03849e-20)
(-0.0250168 0.000295677 -2.01545e-20)
(-0.025578 0.000287837 0)
(-0.0261327 0.000279154 0)
(-0.0266789 0.000269136 0)
(-0.0272133 0.000256985 1.93599e-20)
(-0.0277304 0.000241509 0)
(-0.0282224 0.000221269 -3.81337e-20)
(-0.0286791 0.000192217 3.79275e-20)
(-0.0290722 0.000152593 3.78184e-20)
(-0.0294033 7.7842e-05 -3.78572e-20)
(-0.029485 -3.9435e-05 3.80441e-20)
(-0.0295095 -0.000356626 -3.83965e-20)
(-0.0279747 -0.000616934 0)
(-0.0293475 -0.000516269 -2.43311e-18)
(-0.032771 -0.00134251 -2.2697e-18)
(-0.0364146 -0.00203349 -3.00927e-36)
(-0.0395354 -0.00257621 -4.06076e-18)
(-0.0424854 -0.00301875 -7.7576e-18)
(-0.0455577 -0.003422 -3.71953e-18)
(-0.0487805 -0.00381948 3.5679e-18)
(-0.0521106 -0.00429644 -9.62965e-35)
(-0.0556084 -0.00469717 0)
(-0.0593005 -0.00509607 3.15265e-18)
(-0.0632491 -0.00549837 3.01629e-18)
(-0.0674474 -0.00580891 0)
(-0.0719297 -0.00621911 0)
(-0.0767384 -0.00669073 0)
(-0.0819252 -0.00719524 -4.64085e-35)
(-0.0875426 -0.00774303 -1.00058e-34)
(-0.0936594 -0.00834593 1.6551e-34)
(-0.100329 -0.00901019 -4.15823e-18)
(-0.107692 -0.00973135 -3.81229e-18)
(-0.116753 -0.0106243 6.01853e-36)
(-0.12757 -0.0116278 6.13671e-18)
(-0.138425 -0.0127346 1.03492e-17)
(-0.153649 -0.0139279 6.01853e-36)
(-0.162849 -0.0152948 -5.09788e-18)
(-0.191964 -0.0169826 -2.70834e-35)
)
;
    }
    frontAndBack
    {
        type            empty;
    }
}


// ************************************************************************* //
