/*--------------------------------*- C++ -*----------------------------------*\
  =========                 |
  \\      /  F ield         | OpenFOAM: The Open Source CFD Toolbox
   \\    /   O peration     | Website:  https://openfoam.org
    \\  /    A nd           | Version:  8
     \\/     M anipulation  |
\*---------------------------------------------------------------------------*/
FoamFile
{
    version     2.0;
    format      ascii;
    class       volVectorField;
    location    "200";
    object      wallShearStress;
}
// * * * * * * * * * * * * * * * * * * * * * * * * * * * * * * * * * * * * * //

dimensions      [0 2 -2 0 0 0 0];

internalField   uniform (0 0 0);

boundaryField
{
    inlet
    {
        type            calculated;
        value           uniform (0 0 0);
    }
    outlet
    {
        type            calculated;
        value           uniform (0 0 0);
    }
    upperWall
    {
        type            calculated;
        value           nonuniform List<vector> 
223
(
(-0.442434 -0.0385744 0)
(-0.444893 -0.0344905 0)
(-0.441296 -0.0215287 0)
(-0.435487 -0.0121763 0)
(-0.429516 -0.00652819 0)
(-0.424094 -0.00329668 0)
(-0.419305 -0.00147197 0)
(-0.415079 -0.000436429 0)
(-0.411352 0.000154389 0)
(-0.408065 0.000493161 0)
(-0.40515 0.000686039 0)
(-0.402549 0.000795095 0)
(-0.400211 0.0008544 0)
(-0.3981 0.00088578 0)
(-0.396181 0.000900393 0)
(-0.394428 0.000909238 0)
(-0.392805 0.000919367 0)
(-0.391298 0.000964036 0)
(-0.39015 0.00103597 0)
(-0.389353 0.00109518 4.57757e-22)
(-0.388564 0.00112072 0)
(-0.387799 0.00112289 0)
(-0.387056 0.00111025 0)
(-0.386339 0.00108899 4.70202e-22)
(-0.38565 0.00106306 0)
(-0.384991 0.00103529 0)
(-0.384359 0.00100774 0)
(-0.383753 0.00098133 -9.63418e-22)
(-0.383172 0.000956835 9.69058e-22)
(-0.382614 0.000934518 9.74672e-22)
(-0.382077 0.000914611 0)
(-0.38156 0.000896978 -9.8584e-22)
(-0.381061 0.000881589 0)
(-0.380579 0.000868177 9.96947e-22)
(-0.380112 0.000856584 1.00249e-21)
(-0.379659 0.000846606 -1.00802e-21)
(-0.379218 0.000838006 0)
(-0.37879 0.000830604 0)
(-0.378372 0.000824091 0)
(-0.377964 0.00081842 0)
(-0.377566 0.000813374 -1.03562e-21)
(-0.377175 0.000808773 0)
(-0.376792 0.000804551 0)
(-0.376416 0.000800453 1.05219e-21)
(-0.376047 0.000796547 0)
(-0.375683 0.000792717 1.06325e-21)
(-0.375325 0.000788787 -1.06878e-21)
(-0.374971 0.00078482 1.07431e-21)
(-0.374622 0.00078078 0)
(-0.374277 0.000776602 0)
(-0.373935 0.000772349 0)
(-0.373595 0.000767874 1.09647e-21)
(-0.373259 0.000763171 -1.10201e-21)
(-0.372925 0.000758366 0)
(-0.372593 0.000753497 0)
(-0.372262 0.000748465 0)
(-0.371932 0.000743258 0)
(-0.371604 0.000738032 0)
(-0.371276 0.000732766 0)
(-0.370948 0.000727404 0)
(-0.37062 0.000722021 0)
(-0.370291 0.000716687 1.15143e-21)
(-0.369962 0.000711456 -1.15683e-21)
(-0.369631 0.000706316 0)
(-0.369299 0.000701286 0)
(-0.368964 0.000696383 0)
(-0.368627 0.000691601 -1.17798e-21)
(-0.368288 0.000686964 0)
(-0.367945 0.000682583 0)
(-0.367599 0.000678399 0)
(-0.367249 0.000674428 0)
(-0.366894 0.000670752 0)
(-0.366535 0.000667322 -2.41544e-21)
(-0.36617 0.000664247 0)
(-0.3658 0.00066153 0)
(-0.365423 0.000659087 0)
(-0.36504 0.000657057 0)
(-0.36465 0.000655405 0)
(-0.364251 0.000654168 0)
(-0.363844 0.000653243 0)
(-0.363427 0.000652712 2.48142e-21)
(-0.363001 0.00065249 0)
(-0.362565 0.000652717 0)
(-0.362118 0.000653278 0)
(-0.36166 0.000654253 -2.50492e-21)
(-0.36119 0.000655556 0)
(-0.360707 0.00065713 -2.51337e-21)
(-0.360211 0.000659145 0)
(-0.359701 0.00066167 0)
(-0.359176 0.00066461 0)
(-0.358634 0.0006679 -2.5222e-21)
(-0.358077 0.000671499 0)
(-0.357502 0.000675412 2.52178e-21)
(-0.356909 0.000679659 2.5202e-21)
(-0.356298 0.000684265 0)
(-0.355667 0.000689137 2.51399e-21)
(-0.355015 0.000694266 0)
(-0.354343 0.000699687 0)
(-0.353649 0.000705302 0)
(-0.352933 0.000711167 -2.4878e-21)
(-0.352192 0.000717432 0)
(-0.351427 0.000723763 -2.46682e-21)
(-0.350638 0.000730174 2.45412e-21)
(-0.349823 0.000736854 0)
(-0.348981 0.000743542 0)
(-0.348112 0.000750405 0)
(-0.347215 0.000757199 0)
(-0.34629 0.000764033 0)
(-0.345337 0.000770779 0)
(-0.344353 0.000777586 0)
(-0.34334 0.0007842 -2.28964e-21)
(-0.342297 0.000790773 0)
(-0.341223 0.000797081 0)
(-0.340118 0.00080319 0)
(-0.338983 0.000809039 0)
(-0.337816 0.0008145 0)
(-0.336619 0.000819539 0)
(-0.335391 0.000824259 0)
(-0.334133 0.000828614 0)
(-0.332844 0.000832504 0)
(-0.331526 0.000835929 0)
(-0.330178 0.000838905 0)
(-0.328801 0.000841312 0)
(-0.327396 0.000842922 -3.41381e-21)
(-0.325966 0.000843986 0)
(-0.324507 0.000844661 0)
(-0.323026 0.000843318 0)
(-0.321524 0.000842335 2.85882e-21)
(-0.320003 0.000839863 0)
(-0.318466 0.000837985 0)
(-0.31691 0.000834692 2.37631e-21)
(-0.315337 0.000830868 0)
(-0.313749 0.00082512 -2.02328e-21)
(-0.312142 0.000821936 0)
(-0.310521 0.000814256 0)
(-0.308896 0.000805942 0)
(-0.307265 0.000797013 1.24425e-21)
(-0.305632 0.000786448 0)
(-0.303997 0.000777133 -8.20237e-22)
(-0.302367 0.000762028 0)
(-0.300737 0.000749209 0)
(-0.299115 0.000737142 0)
(-0.297499 0.000724226 0)
(-0.295896 0.000712219 0)
(-0.294303 0.000698706 0)
(-0.292729 0.000685231 0)
(-0.291162 0.000672728 0)
(-0.289623 0.000644912 0)
(-0.288092 0.000630004 0)
(-0.286595 0.000631406 0)
(-0.285113 0.000618749 2.0887e-21)
(-0.283658 0.000600593 -2.35065e-21)
(-0.28222 0.000589909 0)
(-0.280806 0.00057169 0)
(-0.279397 0.000561497 0)
(-0.278015 0.000537113 0)
(-0.276647 0.000510214 -3.66788e-21)
(-0.275297 0.000501259 3.93667e-21)
(-0.27396 0.000529537 -4.19824e-21)
(-0.272635 0.000517118 0)
(-0.271284 0.000522753 -4.72979e-21)
(-0.269933 0.000509236 -9.9986e-21)
(-0.268554 0.000474036 0)
(-0.267149 0.00046494 -1.10856e-20)
(-0.265728 0.000509567 1.16188e-20)
(-0.264293 0.000503646 0)
(-0.262799 0.000511975 0)
(-0.261281 0.000507256 0)
(-0.259696 0.000522941 0)
(-0.258063 0.000522963 0)
(-0.256323 0.000541514 -1.50408e-20)
(-0.254515 0.000546197 0)
(-0.2526 0.000573217 -1.62978e-20)
(-0.250611 0.000584774 0)
(-0.248483 0.000614018 0)
(-0.24624 0.000625735 0)
(-0.243826 0.000655992 0)
(-0.241278 0.000672181 0)
(-0.238554 0.000707199 2.08119e-20)
(-0.23569 0.000728971 0)
(-0.232644 0.000767308 0)
(-0.22944 0.000791029 -2.37429e-20)
(-0.226038 0.000828831 0)
(-0.222459 0.000854788 0)
(-0.218668 0.000893572 0)
(-0.214691 0.000920956 2.87568e-20)
(-0.210506 0.000960138 0)
(-0.206133 0.000988931 0)
(-0.201551 0.00102964 0)
(-0.196773 0.00106032 0)
(-0.191772 0.00110236 -3.75446e-20)
(-0.186552 0.00113954 0)
(-0.181093 0.00119344 0)
(-0.175262 0.00125704 0)
(-0.169262 0.00136596 4.7554e-20)
(-0.161758 0.00151581 0)
(-0.155515 0.00206058 0)
(-0.136908 0.00234193 -6.05116e-20)
(-0.143102 0.00807201 0)
(-0.162955 0.0134336 7.17684e-18)
(-0.175462 0.0161588 1.35231e-17)
(-0.181873 0.0176536 1.30972e-17)
(-0.187161 0.0186354 1.27923e-17)
(-0.192176 0.0194523 1.24386e-17)
(-0.196816 0.0200542 -1.21594e-17)
(-0.20126 0.0206424 -1.18885e-17)
(-0.206074 0.0211294 0)
(-0.211016 0.0217005 -2.2699e-17)
(-0.216697 0.0222203 -1.10323e-17)
(-0.222992 0.0228814 1.625e-34)
(-0.230598 0.0235452 0)
(-0.239679 0.0244722 -1.94703e-17)
(-0.250428 0.0254326 -1.8465e-17)
(-0.262777 0.0266832 -1.72583e-17)
(-0.277045 0.0279832 -1.20371e-35)
(-0.292643 0.0295544 2.9658e-17)
(-0.310385 0.0312152 1.35734e-17)
(-0.329218 0.0331466 1.20371e-35)
(-0.350623 0.0352044 -2.11387e-17)
(-0.371076 0.0374025 -9.95931e-21)
(-0.398046 0.0398785 0)
(-0.412745 0.0420014 7.67974e-18)
(-0.45639 0.0449607 -6.27929e-18)
)
;
    }
    lowerWall
    {
        type            calculated;
        value           nonuniform List<vector> 
250
(
(-0.623518 0.0755936 0)
(-0.617615 0.0629032 0)
(-0.603803 0.0358194 0)
(-0.587831 0.0178804 0)
(-0.572918 0.00799135 0)
(-0.55997 0.00290861 0)
(-0.548866 0.000401967 0)
(-0.539529 -0.0008298 0)
(-0.531596 -0.00139418 0)
(-0.524952 -0.00164868 0)
(-0.519265 -0.00173752 0)
(-0.514388 -0.0017671 0)
(-0.510122 -0.00175565 0)
(-0.506355 -0.00174537 0)
(-0.502973 -0.00170308 0)
(-0.500031 -0.0017862 0)
(-0.496508 -0.00193661 0)
(-0.495215 -0.00159948 0)
(0.000413487 -0.0166373 0)
(0.000527297 -0.0171265 0)
(0.000740397 -0.0177402 0)
(0.00111433 -0.0185516 6.61759e-20)
(0.00173281 -0.019679 -6.44703e-20)
(0.00298776 -0.0213645 6.22264e-20)
(0.00441439 -0.0228037 -5.80508e-20)
(0.00867262 -0.0436827 0)
(-0.0615967 -0.126553 0)
(-0.000528214 0.000578057 0)
(-0.000290784 0.00161361 0)
(0.000194899 0.00166685 0)
(0.000594822 0.000995813 0)
(0.000853686 -0.000153915 6.50544e-20)
(0.000996388 -0.00158705 -5.66255e-20)
(0.00105913 -0.00318047 0)
(0.00106857 -0.00484171 -8.74626e-20)
(0.0010393 -0.0064993 7.94467e-20)
(0.000981434 -0.00809859 0)
(0.000903013 -0.00959818 0)
(0.000810915 -0.0109678 0)
(0.000711813 -0.0121878 0)
(0.000611371 -0.0132473 0)
(0.000515992 -0.0141488 0)
(0.000436041 -0.0149072 0)
(0.000381189 -0.0155491 0)
(0.000369236 -0.0161293 0)
(0.000218733 0.000564395 0)
(-0.000401257 0.000601962 0)
(-0.00067196 0.000363454 0)
(-0.000734421 5.88593e-05 0)
(-0.000641779 -0.000214648 0)
(-0.00045189 -0.000417116 -0)
(-0.000203052 -0.000552491 4.47187e-21)
(8.13327e-05 -0.000636435 -3.964e-21)
(0.000388155 -0.00068703 -0)
(0.000712062 -0.000718445 -3.01013e-21)
(0.00105013 -0.00073951 -0)
(0.00140103 -0.000755372 0)
(0.00176406 -0.000768605 -0)
(0.00213885 -0.000780031 2.04784e-21)
(0.00252498 -0.00078965 0)
(0.00292216 -0.000796839 0)
(0.00332992 -0.000801069 -1.70192e-21)
(0.00374793 -0.000802276 -0)
(0.00417601 -0.000801705 0)
(0.00461539 -0.00080196 0)
(0.00506921 -0.000803836 1.43487e-21)
(0.00553312 -0.000801108 0)
(0.00600339 -0.000808147 1.32045e-21)
(0.00648705 -0.000825284 0)
(0.00696591 -0.000832638 0)
(0.00740962 -0.00087933 1.14505e-21)
(0.00785925 -0.00103267 0)
(0.00837307 -0.00123097 -1.09735e-21)
(0.00893103 -0.00142533 -0)
(0.00954529 -0.00163865 1.09651e-21)
(0.0102228 -0.00176324 0)
(0.0109537 -0.0018209 0)
(0.0117144 -0.00214584 0)
(0.0126853 -0.002766 -0)
(0.0137952 -0.00210422 0)
(0.0140269 -0.000922836 -1.51295e-21)
(0.0145631 -0.00108143 -0)
(0.0155086 -0.00122842 2.93319e-21)
(0.0165745 -0.00126822 0)
(0.0176189 -0.00130271 -2.84357e-21)
(0.0187178 -0.00133351 -0)
(0.0198424 -0.00135643 -0)
(0.020998 -0.0013747 2.72867e-21)
(0.0221793 -0.00138963 0)
(0.0233861 -0.00140247 2.6642e-21)
(0.0246182 -0.00141376 -2.63526e-21)
(0.0258739 -0.00142384 -0)
(0.0271539 -0.00143292 -2.58306e-21)
(0.0284566 -0.00144131 -2.55948e-21)
(0.0297828 -0.0014489 -0)
(0.0311309 -0.00145581 0)
(0.0325017 -0.00146197 0)
(0.0338936 -0.00146752 0)
(0.0353073 -0.00147216 -0)
(0.0367409 -0.00147605 2.44564e-21)
(0.038195 -0.00147889 0)
(0.0396675 -0.00148087 -2.41569e-21)
(0.0411592 -0.00148163 -0)
(0.0426675 -0.00148127 -0)
(0.044193 -0.00147954 2.37604e-21)
(0.045733 -0.00147649 0)
(0.0472877 -0.00147175 -2.35231e-21)
(0.0488539 -0.00146562 -0)
(0.0504322 -0.00145773 0)
(0.0520191 -0.00144817 -0)
(0.0536145 -0.00143659 2.30929e-21)
(0.0552147 -0.00142328 0)
(0.0568198 -0.00140777 -0)
(0.0584253 -0.00139042 2.27923e-21)
(0.0600319 -0.0013708 0)
(0.0616345 -0.00134906 2.2595e-21)
(0.0632332 -0.00132489 0)
(0.0648229 -0.00129857 0)
(0.0664037 -0.00126973 0)
(0.0679703 -0.00123861 -2.21898e-21)
(0.0695222 -0.00120477 -0)
(0.0710538 -0.00116859 0)
(0.0725649 -0.00112971 -2.18607e-21)
(0.07405 -0.00108827 -2.17433e-21)
(0.0755076 -0.00104388 -0)
(0.0769325 -0.000996866 -2.1494e-21)
(0.0783235 -0.000946645 0)
(0.0796748 -0.000893341 -4.2443e-21)
(0.0809846 -0.000836309 -0)
(0.0822469 -0.000775658 -4.18421e-21)
(0.08346 -0.000710375 -0)
(0.0846163 -0.000640393 4.11753e-21)
(0.0857131 -0.000564958 0)
(0.0867429 -0.000484091 0)
(0.0877011 -0.000398483 0)
(0.0885826 -0.000309183 -3.96122e-21)
(0.089381 -0.000217665 -0)
(0.0900901 -0.000126701 3.87164e-21)
(0.0907099 -4.27234e-05 0)
(0.091252 3.38414e-05 -3.76937e-21)
(0.091715 0.000108747 -3.71347e-21)
(0.0920974 0.000183686 -3.65416e-21)
(0.0923972 0.00025934 0)
(0.0926127 0.000335681 0)
(0.092742 0.000413004 0)
(0.0927824 0.000491041 0)
(0.0927327 0.000569508 0)
(0.0925917 0.000648267 0)
(0.0923576 0.00072714 0)
(0.0920303 0.000805901 0)
(0.091608 0.000884354 2.94218e-21)
(0.0910914 0.000962055 2.84048e-21)
(0.0904804 0.00103897 0)
(0.0897744 0.00111471 0)
(0.0889751 0.00118891 0)
(0.0880834 0.00126141 2.38243e-21)
(0.087101 0.00133174 0)
(0.0860293 0.00139973 0)
(0.0848707 0.00146493 0)
(0.0836285 0.00152717 0)
(0.082306 0.00158589 -1.68862e-21)
(0.0809078 0.00164113 0)
(0.0794382 0.00169235 0)
(0.0778969 0.0017392 1.20679e-21)
(0.0762891 0.00178243 -1.03547e-21)
(0.0746057 0.00182125 0)
(0.0728798 0.00185522 -6.77405e-22)
(0.0711019 0.00188515 0)
(0.0692847 0.00191003 3.00276e-22)
(0.0674281 0.00193004 0)
(0.0655343 0.00194518 0)
(0.0636126 0.00195576 0)
(0.0616677 0.00196124 0)
(0.059706 0.00196196 0)
(0.057732 0.00195758 1.86248e-21)
(0.0557522 0.00194823 2.29702e-21)
(0.053772 0.00193411 0)
(0.0517972 0.00191554 0)
(0.0498331 0.00189264 0)
(0.0478845 0.00186531 -4.08279e-21)
(0.0459559 0.0018336 0)
(0.0440514 0.00179746 0)
(0.0421769 0.00175745 0)
(0.0403379 0.00171401 -5.91269e-21)
(0.0385382 0.00166795 6.37178e-21)
(0.0367803 0.00161902 0)
(0.0350657 0.00156757 0)
(0.0333958 0.00151294 7.74301e-21)
(0.031773 0.00145622 8.19615e-21)
(0.0301979 0.00139697 0)
(0.0286711 0.00133646 0)
(0.0271913 0.00127371 -9.5371e-21)
(0.02576 0.00121026 9.97672e-21)
(0.0243792 0.00114627 0)
(0.02305 0.00108398 0)
(0.0217711 0.00102363 1.1268e-20)
(0.020539 0.00096601 0)
(0.0193503 0.000911102 0)
(0.0182006 0.000859517 1.25232e-20)
(0.0170861 0.000810959 0)
(0.0160009 0.000766445 1.33513e-20)
(0.01494 0.00072626 0)
(0.0138967 0.000691925 0)
(0.0128634 0.000663469 0)
(0.0118334 0.00064137 -1.5077e-20)
(0.0107993 0.00062704 0)
(0.00975153 0.000622114 0)
(0.00868037 0.000626482 0)
(0.0075763 0.000640951 0)
(0.00642906 0.000667738 0)
(0.00522575 0.000709388 0)
(0.00395642 0.000766962 -1.91652e-20)
(0.00261469 0.000839766 -2.00187e-20)
(0.00118939 0.000922582 0)
(-0.000313484 0.000999832 0)
(-0.00188058 0.00106545 0)
(-0.0035539 0.001139 2.1115e-20)
(-0.00538089 0.00123059 0)
(-0.00737245 0.0013308 -4.01226e-20)
(-0.00953955 0.00143287 3.91392e-20)
(-0.0118716 0.00152859 3.82319e-20)
(-0.0143692 0.00158904 -3.7428e-20)
(-0.0168547 0.00161059 3.67648e-20)
(-0.0196776 0.00134639 -3.641e-20)
(-0.0202805 0.000435465 0)
(-0.0237339 0.000536834 -2.3103e-18)
(-0.0299501 -0.000312442 -2.18497e-18)
(-0.0365293 -0.000793552 0)
(-0.0429742 -0.00128076 -4.00109e-18)
(-0.049826 -0.00194658 -7.68166e-18)
(-0.0570886 -0.00270129 -3.69573e-18)
(-0.0646215 -0.00346911 3.55982e-18)
(-0.0724307 -0.00425935 -1.80556e-35)
(-0.080449 -0.00508845 3.00927e-36)
(-0.0886695 -0.00595937 3.1783e-18)
(-0.0970278 -0.00686267 3.05115e-18)
(-0.105456 -0.00780422 3.00927e-36)
(-0.114011 -0.00875863 0)
(-0.122708 -0.00973518 0)
(-0.131263 -0.0107266 -1.64569e-36)
(-0.14004 -0.0117393 -7.43383e-35)
(-0.149031 -0.0127656 6.92131e-35)
(-0.158204 -0.0138292 -4.01285e-18)
(-0.167792 -0.0148967 -3.65206e-18)
(-0.177278 -0.016015 6.01853e-36)
(-0.188473 -0.0171392 5.69278e-18)
(-0.198141 -0.0184094 9.38819e-18)
(-0.213744 -0.0195896 1.80556e-35)
(-0.219826 -0.021244 -4.36483e-18)
(-0.249463 -0.0218866 1.50463e-36)
)
;
    }
    frontAndBack
    {
        type            empty;
    }
}


// ************************************************************************* //
