/*--------------------------------*- C++ -*----------------------------------*\
  =========                 |
  \\      /  F ield         | OpenFOAM: The Open Source CFD Toolbox
   \\    /   O peration     | Website:  https://openfoam.org
    \\  /    A nd           | Version:  8
     \\/     M anipulation  |
\*---------------------------------------------------------------------------*/
FoamFile
{
    version     2.0;
    format      ascii;
    class       volVectorField;
    location    "400";
    object      wallShearStress;
}
// * * * * * * * * * * * * * * * * * * * * * * * * * * * * * * * * * * * * * //

dimensions      [0 2 -2 0 0 0 0];

internalField   uniform (0 0 0);

boundaryField
{
    inlet
    {
        type            calculated;
        value           uniform (0 0 0);
    }
    outlet
    {
        type            calculated;
        value           uniform (0 0 0);
    }
    upperWall
    {
        type            calculated;
        value           nonuniform List<vector> 
223
(
(-0.582193 -0.392359 0)
(-0.977814 -0.219377 0)
(-0.939337 -0.056776 0)
(-0.810723 -0.0058595 0)
(-0.734617 0.003313 0)
(-0.695455 0.0023213 0)
(-0.670869 0.00045248 0)
(-0.653391 -0.00141947 0)
(-0.64044 -0.00254989 0)
(-0.629748 -0.00208274 0)
(-0.619923 -0.00127328 0)
(-0.610938 -0.00120252 0)
(-0.603154 -0.0015184 0)
(-0.5965 -0.00133799 0)
(-0.5907 -0.000765718 0)
(-0.585519 0.000391989 0)
(-0.580705 0.00183081 0)
(-0.575812 0.00419362 0)
(-0.571308 0.00461997 0)
(-0.568024 0.0038071 4.38089e-22)
(-0.565251 0.0039003 0)
(-0.562241 0.00374555 0)
(-0.559216 0.003533 0)
(-0.556139 0.00326525 4.55175e-22)
(-0.553108 0.0028386 0)
(-0.550211 0.00241653 0)
(-0.5474 0.0021167 0)
(-0.54462 0.00190304 -9.37297e-22)
(-0.541866 0.00172134 9.45769e-22)
(-0.539141 0.00156538 9.54726e-22)
(-0.536435 0.00144013 0)
(-0.533736 0.00134396 -9.74634e-22)
(-0.531037 0.00126472 0)
(-0.528338 0.00119994 9.97188e-22)
(-0.525635 0.00114669 1.00925e-21)
(-0.522926 0.00110369 -1.02171e-21)
(-0.520209 0.00106915 0)
(-0.517481 0.00104189 0)
(-0.514738 0.00102084 0)
(-0.511978 0.00100511 0)
(-0.509197 0.00099394 -1.08768e-21)
(-0.506392 0.000986812 0)
(-0.503559 0.000983252 0)
(-0.500695 0.000982868 1.1286e-21)
(-0.497795 0.000985392 0)
(-0.494857 0.000990517 1.1556e-21)
(-0.491874 0.000997894 -1.16884e-21)
(-0.488846 0.00100721 1.18183e-21)
(-0.485767 0.00101816 0)
(-0.482635 0.00103002 0)
(-0.479449 0.00104192 0)
(-0.476209 0.00105281 1.23009e-21)
(-0.472923 0.00106166 -1.24087e-21)
(-0.469602 0.00106887 0)
(-0.466259 0.0010755 0)
(-0.462911 0.00108208 0)
(-0.459567 0.00108784 0)
(-0.456234 0.00109146 0)
(-0.452912 0.00109244 0)
(-0.449595 0.00109082 0)
(-0.446276 0.00108716 0)
(-0.442946 0.00108253 1.29198e-21)
(-0.439593 0.00107816 -1.29179e-21)
(-0.436206 0.00107497 0)
(-0.432774 0.00107346 0)
(-0.429286 0.0010739 0)
(-0.425733 0.0010764 -1.27858e-21)
(-0.422108 0.00108084 0)
(-0.418402 0.00108698 0)
(-0.41461 0.00109433 0)
(-0.410729 0.00110256 0)
(-0.406755 0.00111124 0)
(-0.402685 0.00111984 -2.43518e-21)
(-0.398519 0.00112789 0)
(-0.394257 0.00113472 0)
(-0.389904 0.0011399 0)
(-0.385464 0.00114318 0)
(-0.380947 0.00114447 0)
(-0.376364 0.00114364 0)
(-0.371726 0.0011404 0)
(-0.367047 0.0011345 2.09644e-21)
(-0.362335 0.00112583 0)
(-0.357599 0.00111434 0)
(-0.352845 0.00110047 0)
(-0.348073 0.00108476 -1.84091e-21)
(-0.343284 0.00106768 0)
(-0.338476 0.0010499 -1.69155e-21)
(-0.333645 0.00103204 0)
(-0.328787 0.00101499 0)
(-0.323894 0.000999477 0)
(-0.319061 0.000991559 -1.35236e-21)
(-0.316421 0.0010007 0)
(-0.313698 0.00101462 1.18193e-21)
(-0.310894 0.00102937 1.09126e-21)
(-0.308015 0.00104264 0)
(-0.305071 0.00105356 8.97608e-22)
(-0.302074 0.00106244 0)
(-0.299038 0.00106977 0)
(-0.295976 0.00107694 0)
(-0.292904 0.00108468 -4.56187e-22)
(-0.289834 0.00109246 0)
(-0.286782 0.001104 -2.0672e-22)
(-0.283759 0.00110601 7.45861e-23)
(-0.280773 0.00110842 0)
(-0.277835 0.00111273 0)
(-0.274956 0.00111062 0)
(-0.272136 0.00111364 0)
(-0.269379 0.00108131 0)
(-0.266692 0.000963029 0)
(-0.264037 0.000859207 0)
(-0.261458 0.000851602 1.15569e-21)
(-0.25903 0.00093036 0)
(-0.256453 0.000871049 0)
(-0.25426 0.000958695 0)
(-0.252093 0.00127653 0)
(-0.249897 0.00124624 0)
(-0.247909 0.000794113 0)
(-0.245786 0.00058053 0)
(-0.243997 0.0007888 0)
(-0.242011 0.00112794 0)
(-0.240196 0.00103423 0)
(-0.238271 0.000492952 0)
(-0.236469 0.000370794 0)
(-0.234719 0.000583827 7.21234e-21)
(-0.232874 0.00068116 0)
(-0.230871 0.000609478 0)
(-0.229312 0.000578928 0)
(-0.22763 0.000612267 -8.85965e-21)
(-0.226007 0.000563818 0)
(-0.224666 0.000547328 0)
(-0.222964 0.000659683 -1.01642e-20)
(-0.221254 0.000663484 0)
(-0.21954 0.000671439 1.10378e-20)
(-0.218366 0.000620445 0)
(-0.217007 0.000519226 0)
(-0.215917 0.000724253 0)
(-0.21512 0.000936755 -1.25604e-20)
(-0.214584 0.00105125 0)
(-0.213824 0.00044549 1.33664e-20)
(-0.212824 -0.000207632 0)
(-0.21167 4.9455e-05 0)
(-0.210723 0.000287194 0)
(-0.209349 0.000322432 0)
(-0.208594 0.000371135 0)
(-0.207483 0.000387654 0)
(-0.206049 0.000322638 0)
(-0.204857 0.000388219 0)
(-0.203345 0.000414358 0)
(-0.202705 0.00038128 0)
(-0.201582 0.000279765 0)
(-0.201214 0.000242958 1.85678e-20)
(-0.200907 0.000307554 -1.89618e-20)
(-0.200262 0.000258839 0)
(-0.199489 0.000260391 0)
(-0.198264 0.000342378 0)
(-0.197909 0.000338779 0)
(-0.197731 0.000344857 -2.10433e-20)
(-0.196806 0.00036538 2.16411e-20)
(-0.19585 0.00038219 -2.20624e-20)
(-0.195603 0.000304398 0)
(-0.195276 0.000553385 -2.27081e-20)
(-0.195186 0.000755164 -4.60026e-20)
(-0.195466 0.000590186 0)
(-0.195999 0.000568302 -4.71564e-20)
(-0.195884 0.000556451 4.81471e-20)
(-0.195826 0.000349285 0)
(-0.195587 0.000314646 0)
(-0.195143 0.00043986 0)
(-0.194898 0.000362545 0)
(-0.19479 0.000182169 0)
(-0.194116 0.00020782 -5.30799e-20)
(-0.193833 0.000234196 0)
(-0.193368 0.000196393 -5.46459e-20)
(-0.193055 0.000217724 0)
(-0.192236 0.000235049 0)
(-0.192251 0.000345074 0)
(-0.192045 0.000379339 0)
(-0.191369 -4.89236e-05 0)
(-0.189936 -0.000438657 6.08893e-20)
(-0.189155 5.34654e-05 0)
(-0.188118 0.000372388 0)
(-0.187573 0.000434081 -6.35854e-20)
(-0.187491 0.000536511 0)
(-0.186844 0.000376503 0)
(-0.18653 0.000366768 0)
(-0.185317 0.000444215 6.80508e-20)
(-0.184436 0.000413898 0)
(-0.18279 4.1622e-05 0)
(-0.180623 -0.000152083 0)
(-0.177909 0.000241304 0)
(-0.174815 0.000396465 -7.77762e-20)
(-0.171922 0.000500821 0)
(-0.16819 0.000664376 0)
(-0.163595 0.000822052 0)
(-0.158888 0.00109729 8.96851e-20)
(-0.151969 0.00148447 0)
(-0.146503 0.00238518 0)
(-0.123347 0.00236293 -1.07198e-19)
(-0.14172 0.00680666 0)
(-0.16991 0.0133312 1.2513e-17)
(-0.186803 0.0171903 2.36625e-17)
(-0.192608 0.0188928 2.29165e-17)
(-0.195662 0.0196245 2.22059e-17)
(-0.199076 0.020153 2.14309e-17)
(-0.203363 0.020752 -2.0491e-17)
(-0.208481 0.021319 -1.95966e-17)
(-0.214061 0.0218467 -6.01853e-36)
(-0.219273 0.0220942 -3.63706e-17)
(-0.221728 0.0223608 -1.79417e-17)
(-0.225477 0.0228587 2.22686e-34)
(-0.22825 0.0230355 -1.20371e-35)
(-0.230098 0.0233513 -3.25594e-17)
(-0.232899 0.0236902 -3.1117e-17)
(-0.240056 0.0244853 -2.87639e-17)
(-0.249558 0.0253958 -2.40741e-35)
(-0.258941 0.026268 4.87791e-17)
(-0.268122 0.0271414 2.2126e-17)
(-0.276617 0.0279197 1.20371e-35)
(-0.286174 0.0287402 -3.43365e-17)
(-0.295298 0.0293998 -1.63453e-20)
(-0.302879 0.0297876 0)
(-0.303013 0.0303165 1.35781e-17)
(-0.328012 0.0316583 -7.75224e-18)
)
;
    }
    lowerWall
    {
        type            calculated;
        value           nonuniform List<vector> 
250
(
(-0.653909 0.466638 0)
(-1.14095 0.204679 0)
(-1.03493 0.0379591 0)
(-0.869585 -0.000935953 0)
(-0.786956 -0.0041917 0)
(-0.746098 -0.00160789 0)
(-0.719923 0.000413384 0)
(-0.70065 -0.000566872 0)
(-0.684969 -0.00392125 0)
(-0.671074 -0.00462693 0)
(-0.658625 -0.00293858 0)
(-0.647428 -0.000890473 0)
(-0.637281 0.00132048 0)
(-0.628028 0.00196861 0)
(-0.619217 0.00125569 0)
(-0.611507 0.00137601 0)
(-0.604721 0.00178125 0)
(-0.605075 0.0019818 0)
(-0.00424799 -0.0229201 0)
(-0.00278636 -0.0177314 0)
(-0.00073166 -0.014573 0)
(0.00185042 -0.0138332 8.98659e-20)
(0.00515115 -0.0151555 -7.86244e-20)
(0.00884875 -0.0207148 6.29661e-20)
(0.0126151 -0.0199494 -4.86707e-20)
(0.0255332 -0.063267 0)
(-0.0841592 -0.144854 0)
(0.000900934 -0.00385388 0)
(-0.00765841 0.00949054 0)
(-0.00854379 0.0328112 0)
(-0.00257397 0.0448921 0)
(0.00293588 0.0443393 1.82123e-20)
(0.00616868 0.0361608 -1.89437e-20)
(0.00817251 0.0242783 0)
(0.00944544 0.0102885 -5.40403e-20)
(0.00942724 -0.00391001 6.11511e-20)
(0.00793777 -0.0172874 0)
(0.00614735 -0.0290622 0)
(0.0043879 -0.0384373 0)
(0.00269324 -0.0450247 0)
(0.000992754 -0.048775 0)
(-0.000875885 -0.0494237 0)
(-0.00280787 -0.0463373 0)
(-0.00437037 -0.0398652 0)
(-0.00489323 -0.0307913 0)
(0.0013303 -0.00152654 0)
(0.00134586 0.00652188 0)
(-0.00449894 0.00961804 0)
(-0.00959177 0.00976381 0)
(-0.0133856 0.00830918 0)
(-0.0158986 0.00624582 0)
(-0.0172804 0.00410782 1.49404e-21)
(-0.0178043 0.00201496 -1.5251e-21)
(-0.0173583 1.1972e-07 0)
(-0.0160848 -0.00168354 -1.65043e-21)
(-0.01422 -0.00284152 0)
(-0.012078 -0.00330793 0)
(-0.0100693 -0.00305245 -0)
(-0.0085609 -0.00229594 2.56833e-21)
(-0.00761735 -0.00143126 0)
(-0.00693674 -0.000809595 0)
(-0.00612609 -0.00059771 -3.37008e-21)
(-0.00501119 -0.000948935 0)
(-0.00345967 -0.00231058 0)
(-0.000588193 -0.00500905 0)
(0.004261 -0.00737964 3.06887e-21)
(0.00984126 -0.00888461 0)
(0.0157463 -0.0098473 1.47582e-21)
(0.0217952 -0.0106074 0)
(0.0279981 -0.0112651 -0)
(0.0343125 -0.0115179 8.46032e-22)
(0.0404522 -0.0113612 0)
(0.0490059 -0.0116004 -7.53863e-22)
(0.0587987 -0.0117573 -0)
(0.0684977 -0.0115883 7.70505e-22)
(0.0779139 -0.0111771 0)
(0.0868953 -0.0105936 0)
(0.0953486 -0.00990027 0)
(0.103215 -0.00914689 -0)
(0.110471 -0.0083707 0)
(0.117112 -0.00759903 -8.11009e-22)
(0.123153 -0.00684917 -0)
(0.128616 -0.00613078 1.63284e-21)
(0.133528 -0.00544797 0)
(0.137917 -0.00480108 -1.63475e-21)
(0.141808 -0.00418855 -0)
(0.145225 -0.00360762 -0)
(0.148191 -0.00305548 1.62091e-21)
(0.150722 -0.0025299 0)
(0.152833 -0.00202967 1.60074e-21)
(0.154535 -0.00155574 -1.58745e-21)
(0.155841 -0.0011116 -0)
(0.156765 -0.00070375 -1.55488e-21)
(0.157316 -0.000342189 -1.53586e-21)
(0.157506 -4.32308e-05 -0)
(0.157404 0.000191796 0)
(0.157076 0.000388472 0)
(0.156525 0.000565283 0)
(0.155768 0.00072819 -0)
(0.154811 0.000881316 1.37601e-21)
(0.153662 0.00102544 0)
(0.15233 0.00116113 -1.3073e-21)
(0.15082 0.00128866 -0)
(0.149141 0.00140827 -0)
(0.1473 0.00151992 1.19098e-21)
(0.145305 0.00162348 0)
(0.143163 0.00171903 -1.10536e-21)
(0.140883 0.00180646 -0)
(0.138473 0.00188581 0)
(0.135943 0.00195716 -0)
(0.133301 0.00202046 9.17516e-22)
(0.130556 0.00207591 0)
(0.127717 0.0021236 -0)
(0.124794 0.00216365 7.64604e-22)
(0.121796 0.00219625 0)
(0.118732 0.00222156 6.58154e-22)
(0.115612 0.00223993 0)
(0.112443 0.00225157 0)
(0.109234 0.00225663 0)
(0.105996 0.00225555 -4.37224e-22)
(0.102735 0.00224863 -0)
(0.0994602 0.0022361 0)
(0.0961789 0.00221834 -2.66721e-22)
(0.0928986 0.00219558 -2.09299e-22)
(0.0896267 0.0021683 -0)
(0.0863697 0.00213681 -9.38825e-23)
(0.0831341 0.00210144 -0)
(0.0799257 0.00206256 4.40598e-23)
(0.0767504 0.00202058 -0)
(0.073613 0.00197591 2.76401e-22)
(0.0705186 0.00192908 0)
(0.0674709 0.00188064 -5.09016e-22)
(0.0644743 0.00183131 -0)
(0.0615316 0.0017821 0)
(0.0586456 0.00173433 -0)
(0.0558181 0.00168969 9.75665e-22)
(0.0530507 0.00165023 0)
(0.0503439 0.00161825 -1.21104e-21)
(0.0476961 0.00159482 0)
(0.0458285 0.00160246 1.47179e-21)
(0.0442859 0.00162027 1.63012e-21)
(0.0427465 0.00162568 1.79488e-21)
(0.0412186 0.00161326 0)
(0.0397076 0.00159011 0)
(0.0382133 0.00156451 0)
(0.0367342 0.00153875 0)
(0.0352706 0.00151303 0)
(0.0338228 0.00148744 0)
(0.032391 0.00146202 0)
(0.0309759 0.00143683 0)
(0.0295779 0.00141201 -3.68553e-21)
(0.0281976 0.00138778 -3.96088e-21)
(0.026835 0.00136437 0)
(0.02549 0.00134138 0)
(0.0241637 0.00131735 0)
(0.0228568 0.0012925 -5.25934e-21)
(0.0215696 0.0012683 0)
(0.0203017 0.00124463 0)
(0.0190537 0.00122153 0)
(0.0178253 0.0011991 0)
(0.0166167 0.00117736 7.52526e-21)
(0.0154277 0.00115639 0)
(0.0142585 0.00113628 0)
(0.0131089 0.00111715 -9.44164e-21)
(0.0119788 0.00109901 1.02181e-20)
(0.0108683 0.00108198 0)
(0.00977712 0.00106634 1.2052e-20)
(0.00870533 0.00105273 0)
(0.00765251 0.00104232 -1.43869e-20)
(0.006618 0.0010354 0)
(0.00560147 0.001031 0)
(0.00460285 0.00102878 0)
(0.00362172 0.00102907 0)
(0.00265762 0.0010321 0)
(0.00171102 0.00103784 5.56214e-20)
(0.000783338 0.00104345 6.41136e-20)
(-0.000127292 0.00103103 0)
(-0.0010253 0.000988469 0)
(-0.00190791 0.000936055 0)
(-0.00277499 0.000886484 -5.29397e-20)
(-0.00362646 0.000841489 0)
(-0.00446211 0.000800669 0)
(-0.00528231 0.000763539 0)
(-0.00608763 0.000729598 -4.0435e-20)
(-0.00687864 0.000698397 3.8381e-20)
(-0.00765581 0.000669546 0)
(-0.00841964 0.00064275 0)
(-0.00917056 0.000617759 3.36259e-20)
(-0.00990906 0.000594372 3.23839e-20)
(-0.0106355 0.000572422 0)
(-0.0113503 0.000551784 0)
(-0.012054 0.000532332 -2.93554e-20)
(-0.0127469 0.000513976 2.85268e-20)
(-0.0134295 0.000496634 0)
(-0.0141021 0.000480234 0)
(-0.0147653 0.00046472 2.64355e-20)
(-0.0154194 0.000450032 0)
(-0.0160649 0.00043613 0)
(-0.0167023 0.000422976 2.47894e-20)
(-0.0173321 0.000410525 0)
(-0.0179546 0.000398749 2.3873e-20)
(-0.0185704 0.000387616 0)
(-0.01918 0.000377094 0)
(-0.0197837 0.000367156 0)
(-0.0203821 0.00035777 -2.23573e-20)
(-0.0209757 0.000348895 0)
(-0.0215647 0.00034048 0)
(-0.0221496 0.000332515 0)
(-0.0227309 0.000324899 0)
(-0.0233085 0.000317553 0)
(-0.0238827 0.000310361 0)
(-0.0244531 0.0003032 -2.03836e-20)
(-0.0250197 0.000295856 -2.01531e-20)
(-0.0255811 0.000288052 0)
(-0.0261366 0.000279421 0)
(-0.0266835 0.000269388 0)
(-0.0272183 0.000257248 1.93576e-20)
(-0.0277361 0.000241807 0)
(-0.0282287 0.000221575 -3.81281e-20)
(-0.0286862 0.000192566 3.7922e-20)
(-0.02908 0.000152813 3.78108e-20)
(-0.0294115 7.82352e-05 -3.78515e-20)
(-0.0294937 -3.91065e-05 3.80365e-20)
(-0.0295191 -0.000356514 -3.83887e-20)
(-0.0279842 -0.00061718 0)
(-0.0293573 -0.000516933 -2.43261e-18)
(-0.0327828 -0.00134356 -2.26928e-18)
(-0.0364291 -0.00203481 0)
(-0.0395514 -0.00257781 -4.06e-18)
(-0.0425029 -0.00302045 -7.7563e-18)
(-0.045577 -0.00342343 -3.71913e-18)
(-0.0488013 -0.00382439 3.5673e-18)
(-0.0521377 -0.00428965 -3.00927e-35)
(-0.055627 -0.00474857 -3.00927e-36)
(-0.0593159 -0.00508796 3.15005e-18)
(-0.0632635 -0.00540214 3.02755e-18)
(-0.0674509 -0.00578655 3.00927e-36)
(-0.0719246 -0.00622491 0)
(-0.0767315 -0.00669638 0)
(-0.0819219 -0.00720463 -9.05131e-35)
(-0.0875443 -0.00775713 -1.64945e-34)
(-0.0936701 -0.00836206 9.32872e-35)
(-0.100349 -0.00902393 -4.1576e-18)
(-0.10772 -0.00974256 -3.81156e-18)
(-0.11681 -0.0106355 6.01853e-36)
(-0.127635 -0.0116381 6.13754e-18)
(-0.138496 -0.0127448 1.03511e-17)
(-0.153726 -0.0139379 1.20371e-35)
(-0.162931 -0.0153049 -5.09941e-18)
(-0.192044 -0.0169936 -4.81482e-35)
)
;
    }
    frontAndBack
    {
        type            empty;
    }
}


// ************************************************************************* //
