/*--------------------------------*- C++ -*----------------------------------*\
  =========                 |
  \\      /  F ield         | OpenFOAM: The Open Source CFD Toolbox
   \\    /   O peration     | Website:  https://openfoam.org
    \\  /    A nd           | Version:  8
     \\/     M anipulation  |
\*---------------------------------------------------------------------------*/
FoamFile
{
    version     2.0;
    format      ascii;
    class       volVectorField;
    location    "3800";
    object      wallShearStress;
}
// * * * * * * * * * * * * * * * * * * * * * * * * * * * * * * * * * * * * * //

dimensions      [0 2 -2 0 0 0 0];

internalField   uniform (0 0 0);

boundaryField
{
    inlet
    {
        type            calculated;
        value           uniform (0 0 0);
    }
    outlet
    {
        type            calculated;
        value           uniform (0 0 0);
    }
    upperWall
    {
        type            calculated;
        value           nonuniform List<vector> 
223
(
(-0.582193 -0.392359 0)
(-0.977814 -0.219377 0)
(-0.939336 -0.0567747 0)
(-0.81071 -0.00585779 0)
(-0.734594 0.00331371 0)
(-0.695452 0.00231544 0)
(-0.670941 0.000424233 0)
(-0.653507 -0.00144879 0)
(-0.640532 -0.00256251 0)
(-0.629821 -0.00218352 0)
(-0.620058 -0.00130529 0)
(-0.610993 -0.00107838 0)
(-0.603033 -0.00138849 0)
(-0.596184 -0.00127384 0)
(-0.590434 -0.00106049 0)
(-0.585075 -0.000334575 0)
(-0.579787 0.00168715 0)
(-0.575194 0.00141473 0)
(-0.571309 0.00162532 0)
(-0.567715 0.00312829 4.27743e-22)
(-0.564341 0.00251106 0)
(-0.561641 0.00175049 0)
(-0.558902 0.00303621 0)
(-0.555755 0.00321357 4.48344e-22)
(-0.552843 0.00331366 0)
(-0.54995 0.00393377 0)
(-0.546937 0.00376721 0)
(-0.544106 0.00348255 -9.38162e-22)
(-0.541328 0.00298074 9.4607e-22)
(-0.538633 0.00256638 9.56516e-22)
(-0.535952 0.00245937 0)
(-0.533231 0.00218856 -9.78506e-22)
(-0.530575 0.00194055 0)
(-0.527935 0.00174261 1.00151e-21)
(-0.525292 0.0015738 1.01359e-21)
(-0.52264 0.00144504 -1.02614e-21)
(-0.519969 0.00134109 0)
(-0.517284 0.00125817 0)
(-0.514578 0.00119389 0)
(-0.51185 0.0011446 0)
(-0.509095 0.00110714 -1.09097e-21)
(-0.506311 0.0010793 0)
(-0.503494 0.00105928 0)
(-0.500642 0.0010458 1.13116e-21)
(-0.497753 0.00103784 0)
(-0.494822 0.00103437 1.15766e-21)
(-0.491847 0.00103485 -1.17065e-21)
(-0.488824 0.00103853 1.1834e-21)
(-0.485748 0.00104491 0)
(-0.482619 0.00105281 0)
(-0.479436 0.00106134 0)
(-0.476199 0.00106958 1.23091e-21)
(-0.472914 0.00107627 -1.24157e-21)
(-0.469594 0.00108156 0)
(-0.466252 0.00108668 0)
(-0.462904 0.00109187 0)
(-0.459561 0.00109638 0)
(-0.456227 0.0010991 0)
(-0.452904 0.00109926 0)
(-0.449586 0.00109684 0)
(-0.446268 0.00109257 0)
(-0.442936 0.00108745 1.29208e-21)
(-0.439582 0.00108261 -1.29186e-21)
(-0.436194 0.00107901 0)
(-0.43276 0.00107714 0)
(-0.42927 0.00107732 0)
(-0.425716 0.00107958 -1.27849e-21)
(-0.422088 0.00108376 0)
(-0.41838 0.00108956 0)
(-0.414587 0.00109674 0)
(-0.410704 0.00110482 0)
(-0.406728 0.00111331 0)
(-0.402656 0.00112179 -2.43465e-21)
(-0.398487 0.00112963 0)
(-0.394224 0.00113631 0)
(-0.389868 0.00114134 0)
(-0.385427 0.00114446 0)
(-0.380908 0.00114568 0)
(-0.376323 0.00114475 0)
(-0.371683 0.00114137 0)
(-0.367002 0.00113537 2.09565e-21)
(-0.362289 0.00112656 0)
(-0.357552 0.00111503 0)
(-0.352796 0.00110112 0)
(-0.348023 0.00108526 -1.84002e-21)
(-0.343233 0.0010681 0)
(-0.338424 0.0010503 -1.6906e-21)
(-0.333592 0.00103235 0)
(-0.328733 0.00101526 0)
(-0.323838 0.000999809 0)
(-0.319026 0.000991983 -1.35143e-21)
(-0.316385 0.00100109 0)
(-0.313661 0.00101498 1.18097e-21)
(-0.310856 0.00102966 1.09029e-21)
(-0.307976 0.00104283 0)
(-0.305032 0.00105372 8.96613e-22)
(-0.302035 0.00106247 0)
(-0.298998 0.00106985 0)
(-0.295937 0.00107681 0)
(-0.292865 0.0010847 -4.55228e-22)
(-0.289796 0.00109269 0)
(-0.286746 0.00110181 -2.05873e-22)
(-0.283725 0.00110981 7.38989e-23)
(-0.280744 0.00111877 0)
(-0.27781 0.00110433 0)
(-0.274923 0.00110858 0)
(-0.272112 0.00110659 0)
(-0.269365 0.00103809 0)
(-0.266693 0.00104597 0)
(-0.264204 0.00105737 0)
(-0.261767 0.00143364 1.14188e-21)
(-0.259526 0.00159276 0)
(-0.257434 0.00132404 0)
(-0.255236 0.00121995 0)
(-0.253216 0.000669861 0)
(-0.25088 0.000383545 0)
(-0.248721 0.000662935 0)
(-0.246549 0.000607385 0)
(-0.244452 0.00103427 0)
(-0.242689 0.00115808 0)
(-0.24085 0.000948615 0)
(-0.239272 0.00121216 0)
(-0.237672 0.000999544 0)
(-0.236239 0.000504659 7.13081e-21)
(-0.234345 0.000682694 0)
(-0.232863 0.00106004 0)
(-0.231503 0.000947213 0)
(-0.230027 0.000832061 -8.73122e-21)
(-0.22868 0.000721221 0)
(-0.227125 0.000805752 0)
(-0.225635 0.000775102 -9.98183e-21)
(-0.224251 0.000554858 0)
(-0.223018 0.000468044 1.08047e-20)
(-0.221663 0.000664013 0)
(-0.220047 0.000189124 0)
(-0.218155 -0.000463094 0)
(-0.216676 -0.000296734 -1.2665e-20)
(-0.215074 2.94076e-05 0)
(-0.213981 0.000228497 1.34665e-20)
(-0.212541 0.000109416 0)
(-0.211721 0.000101757 0)
(-0.210742 0.000262198 0)
(-0.209843 0.000436347 0)
(-0.208984 0.000482639 0)
(-0.208047 0.000414254 0)
(-0.207138 0.000811143 0)
(-0.206176 0.00105309 0)
(-0.205345 0.000703456 0)
(-0.204686 0.000341123 0)
(-0.203963 0.000570775 0)
(-0.203446 0.00081951 1.83807e-20)
(-0.203011 0.000683129 -1.87403e-20)
(-0.20227 0.000619329 0)
(-0.201806 -8.87097e-06 0)
(-0.200493 -0.000547272 0)
(-0.199753 -0.00032444 0)
(-0.198795 -7.84598e-05 -2.10962e-20)
(-0.198388 4.99469e-05 2.13642e-20)
(-0.197956 9.21832e-05 -2.17772e-20)
(-0.197474 0.000199695 0)
(-0.197089 0.000239437 -2.25612e-20)
(-0.196724 0.000330177 -4.58288e-20)
(-0.195901 0.000711837 0)
(-0.195727 0.000784846 -4.73836e-20)
(-0.195923 0.000636507 4.79701e-20)
(-0.195399 0.000573726 0)
(-0.194824 0.000309515 0)
(-0.194432 0.000277401 0)
(-0.194296 0.000276323 0)
(-0.193724 0.000256675 0)
(-0.193416 0.000427012 -5.31247e-20)
(-0.193 -3.58045e-05 0)
(-0.191791 -0.000452186 -5.56653e-20)
(-0.191255 -0.000227571 0)
(-0.190496 -6.60478e-05 0)
(-0.190407 3.30457e-05 0)
(-0.189777 0.00012987 0)
(-0.188989 0.000127548 0)
(-0.188827 0.000248225 6.05753e-20)
(-0.187847 0.000315542 0)
(-0.18753 0.000432829 0)
(-0.186806 0.000765926 -6.38012e-20)
(-0.186022 0.00080778 0)
(-0.185534 0.000565483 0)
(-0.184894 0.000536388 0)
(-0.184198 0.000478612 6.84031e-20)
(-0.183279 0.000377792 0)
(-0.18235 0.00043183 0)
(-0.180203 0.000445954 0)
(-0.178756 0.000466438 0)
(-0.176932 0.000478245 -7.64076e-20)
(-0.174172 0.000615016 0)
(-0.170993 0.000703377 0)
(-0.16746 0.000773546 0)
(-0.163205 0.000784081 8.7666e-20)
(-0.154615 0.000878138 0)
(-0.147993 0.00198188 0)
(-0.122858 0.00215885 -1.08314e-19)
(-0.14058 0.00676164 0)
(-0.169233 0.0133643 1.24689e-17)
(-0.187147 0.0172193 2.34413e-17)
(-0.193331 0.0189758 2.27176e-17)
(-0.197129 0.0197734 2.19202e-17)
(-0.200926 0.0203514 2.11804e-17)
(-0.205409 0.0210341 -2.02303e-17)
(-0.209652 0.0215401 -1.95219e-17)
(-0.213849 0.0218831 -6.01853e-36)
(-0.218087 0.0220246 -3.66547e-17)
(-0.220224 0.0221862 -1.80746e-17)
(-0.22469 0.0227246 3.97223e-34)
(-0.227512 0.0229068 -1.20371e-35)
(-0.231051 0.0233652 -3.22792e-17)
(-0.235333 0.0239359 -3.06864e-17)
(-0.242331 0.0247789 -2.84668e-17)
(-0.249511 0.0254442 -2.40741e-35)
(-0.256853 0.0260674 4.94064e-17)
(-0.263904 0.0266471 2.26473e-17)
(-0.272747 0.0274459 2.40741e-35)
(-0.282653 0.0283568 -3.48636e-17)
(-0.291211 0.028999 -1.58062e-20)
(-0.300877 0.0295774 -3.00927e-36)
(-0.304432 0.0304162 1.3486e-17)
(-0.332558 0.0321491 -7.62928e-18)
)
;
    }
    lowerWall
    {
        type            calculated;
        value           nonuniform List<vector> 
250
(
(-0.653909 0.466638 0)
(-1.14095 0.204678 0)
(-1.03492 0.0379587 0)
(-0.869573 -0.000935968 0)
(-0.786941 -0.00419161 0)
(-0.746063 -0.0016078 0)
(-0.719878 0.00041619 0)
(-0.700645 -0.000651792 0)
(-0.685088 -0.00405594 0)
(-0.671318 -0.00471225 0)
(-0.658932 -0.00298826 0)
(-0.64772 -0.000864298 0)
(-0.637516 0.00142601 0)
(-0.628189 0.00210383 0)
(-0.61932 0.00136788 0)
(-0.611521 0.00135752 0)
(-0.604581 0.00169584 0)
(-0.605069 0.00194333 0)
(-0.00426049 -0.0228577 0)
(-0.00275889 -0.0176422 0)
(-0.000676909 -0.0144929 0)
(0.00194467 -0.0137773 9.02255e-20)
(0.00526914 -0.0151977 -7.86187e-20)
(0.00896182 -0.0208208 6.28494e-20)
(0.0127403 -0.0200854 -4.84737e-20)
(0.0256284 -0.063315 0)
(-0.0840636 -0.144715 0)
(0.000872409 -0.00384041 0)
(-0.00766539 0.00954712 0)
(-0.008516 0.0328218 0)
(-0.00254929 0.0448554 0)
(0.00295347 0.0442615 1.82219e-20)
(0.00618282 0.0360629 -1.89654e-20)
(0.00818729 0.0241608 0)
(0.00946062 0.0101602 -5.42281e-20)
(0.00943169 -0.0040429 6.11417e-20)
(0.00793324 -0.017423 0)
(0.00614118 -0.0291955 0)
(0.00438169 -0.0385629 0)
(0.00268719 -0.0451402 0)
(0.000985976 -0.0488801 0)
(-0.000885187 -0.0495149 0)
(-0.00282057 -0.0464088 0)
(-0.00437912 -0.0399029 0)
(-0.00492627 -0.0308268 0)
(0.00132868 -0.00151203 0)
(0.00133793 0.00652733 0)
(-0.0045093 0.00961867 0)
(-0.00959725 0.0097565 0)
(-0.0133832 0.00829952 0)
(-0.0158894 0.00623519 0)
(-0.0172644 0.0040976 1.49571e-21)
(-0.017783 0.00200607 -1.52732e-21)
(-0.0173315 -7.06451e-06 0)
(-0.0160539 -0.00168632 -1.65307e-21)
(-0.0141884 -0.00283762 0)
(-0.0120503 -0.00329649 0)
(-0.0100506 -0.00303589 -0)
(-0.00855301 -0.00228027 2.57028e-21)
(-0.00761635 -0.00142304 0)
(-0.00693806 -0.000815836 0)
(-0.00612056 -0.000623418 -3.37819e-21)
(-0.00499292 -0.00100049 0)
(-0.0034085 -0.00238603 0)
(-0.000488478 -0.00505772 0)
(0.00436099 -0.00740376 3.03298e-21)
(0.00994599 -0.00889522 0)
(0.015847 -0.00985003 1.46911e-21)
(0.0218925 -0.010617 0)
(0.0280983 -0.011269 -0)
(0.0344087 -0.0115143 8.44692e-22)
(0.0405411 -0.0113546 0)
(0.0491491 -0.0116033 -7.5404e-22)
(0.0589393 -0.0117553 -0)
(0.0686335 -0.0115827 7.70703e-22)
(0.0780424 -0.0111689 0)
(0.0870153 -0.0105841 0)
(0.0954597 -0.00989004 0)
(0.103317 -0.00913657 -0)
(0.110564 -0.00836066 0)
(0.117197 -0.00758952 -8.11157e-22)
(0.12323 -0.00684034 -0)
(0.128686 -0.00612261 1.63309e-21)
(0.133591 -0.00544046 0)
(0.137974 -0.00479414 -1.63497e-21)
(0.141859 -0.004182 -0)
(0.145272 -0.00360139 -0)
(0.148232 -0.00304955 1.62106e-21)
(0.150758 -0.00252408 0)
(0.152864 -0.00202409 1.60084e-21)
(0.154562 -0.00155035 -1.58753e-21)
(0.155864 -0.00110624 -0)
(0.156782 -0.000698802 -1.55492e-21)
(0.157328 -0.00033786 -1.53588e-21)
(0.157514 -3.98276e-05 -0)
(0.157409 0.000194795 0)
(0.157077 0.000391585 0)
(0.156523 0.000568227 0)
(0.155762 0.000731063 -0)
(0.154801 0.000884191 1.37582e-21)
(0.153649 0.00102831 0)
(0.152313 0.00116406 -1.30704e-21)
(0.150799 0.00129166 -0)
(0.149117 0.00141125 -0)
(0.147272 0.00152287 1.19059e-21)
(0.145272 0.0016264 0)
(0.143127 0.0017219 -1.10489e-21)
(0.140843 0.00180933 -0)
(0.13843 0.00188862 0)
(0.135896 0.00195982 -0)
(0.13325 0.0020231 9.16868e-22)
(0.130502 0.00207845 0)
(0.12766 0.00212598 -0)
(0.124734 0.00216591 7.63826e-22)
(0.121732 0.00219838 0)
(0.118666 0.00222356 6.57294e-22)
(0.115542 0.00224174 0)
(0.11237 0.00225317 0)
(0.10916 0.00225806 0)
(0.10592 0.00225681 -4.36218e-22)
(0.102657 0.00224966 -0)
(0.0993804 0.00223691 0)
(0.0960976 0.00221895 -2.65618e-22)
(0.0928164 0.00219606 -2.08168e-22)
(0.0895438 0.00216877 -0)
(0.0862861 0.0021373 -9.26995e-23)
(0.0830502 0.00210198 -0)
(0.0798415 0.0020631 4.65218e-23)
(0.0766661 0.00202079 -0)
(0.0735292 0.0019756 2.78928e-22)
(0.0704354 0.00192824 0)
(0.0673889 0.00187963 -5.11608e-22)
(0.0643935 0.00183078 -0)
(0.0614517 0.00178211 0)
(0.0585667 0.00173422 -0)
(0.0557407 0.00168904 9.78362e-22)
(0.0529751 0.00164958 0)
(0.05027 0.00161816 -1.21384e-21)
(0.0476237 0.00159489 0)
(0.0457849 0.00160336 1.47557e-21)
(0.0442425 0.00162099 1.63408e-21)
(0.0427034 0.00162591 1.799e-21)
(0.0411761 0.00161302 0)
(0.0396656 0.00158971 0)
(0.0381719 0.001564 0)
(0.0366937 0.0015382 0)
(0.0352308 0.00151248 0)
(0.0337837 0.00148686 0)
(0.0323529 0.00146139 0)
(0.0309387 0.00143617 0)
(0.0295418 0.00141135 -3.69175e-21)
(0.0281624 0.00138716 -3.96739e-21)
(0.0268007 0.00136372 0)
(0.0254569 0.00134074 0)
(0.0241314 0.00131667 0)
(0.0228257 0.00129179 -5.26732e-21)
(0.0215394 0.00126759 0)
(0.0202728 0.00124392 0)
(0.0190258 0.00122087 0)
(0.0177984 0.00119843 0)
(0.0165908 0.0011767 7.53585e-21)
(0.0154029 0.00115574 0)
(0.0142347 0.00113566 0)
(0.0130862 0.00111655 -9.45463e-21)
(0.0119571 0.00109843 1.02321e-20)
(0.0108476 0.00108142 0)
(0.00975738 0.0010658 1.20684e-20)
(0.00868655 0.00105222 0)
(0.00763468 0.00104184 -1.44067e-20)
(0.0066011 0.00103495 0)
(0.00558546 0.00103055 0)
(0.00458771 0.00102834 0)
(0.00360746 0.00102863 0)
(0.00264421 0.00103166 0)
(0.00169846 0.00103739 5.57084e-20)
(0.000771687 0.00104298 6.42183e-20)
(-0.000138135 0.00103028 0)
(-0.00103544 0.000987459 0)
(-0.00191728 0.000935074 0)
(-0.00278364 0.000885577 -5.28899e-20)
(-0.00363437 0.000840656 0)
(-0.00446932 0.000799907 0)
(-0.00528883 0.000762842 0)
(-0.0060935 0.000728965 -4.04159e-20)
(-0.0068839 0.00069782 3.83657e-20)
(-0.00766052 0.000669023 0)
(-0.00842381 0.000642271 0)
(-0.00917424 0.000617322 3.3618e-20)
(-0.00991225 0.000593971 3.23778e-20)
(-0.0106382 0.000572062 0)
(-0.0113526 0.000551455 0)
(-0.0120559 0.000532039 -2.93524e-20)
(-0.0127484 0.000513714 2.85248e-20)
(-0.0134306 0.000496408 0)
(-0.0141029 0.000480046 0)
(-0.0147658 0.000464567 2.64353e-20)
(-0.0154196 0.000449912 0)
(-0.0160649 0.000436045 0)
(-0.0167021 0.000422915 2.479e-20)
(-0.0173317 0.000410485 0)
(-0.017954 0.000398729 2.38741e-20)
(-0.0185697 0.00038761 0)
(-0.019179 0.000377095 0)
(-0.0197826 0.000367158 0)
(-0.0203808 0.000357757 -2.23585e-20)
(-0.020974 0.000348876 0)
(-0.0215629 0.000340486 0)
(-0.0221477 0.000332492 0)
(-0.0227286 0.000324827 0)
(-0.0233058 0.000317466 0)
(-0.0238796 0.000310275 0)
(-0.0244497 0.000303078 -2.03855e-20)
(-0.0250157 0.0002957 -2.01552e-20)
(-0.0255768 0.000287878 0)
(-0.0261316 0.000279213 0)
(-0.0266778 0.000269163 0)
(-0.027212 0.00025703 1.93605e-20)
(-0.0277294 0.000241572 0)
(-0.0282213 0.000221334 -3.8135e-20)
(-0.0286782 0.000192266 3.79288e-20)
(-0.0290712 0.000152643 3.78199e-20)
(-0.0294025 7.79103e-05 -3.78585e-20)
(-0.0294842 -3.93804e-05 3.80456e-20)
(-0.0295087 -0.000356553 -3.83978e-20)
(-0.0279741 -0.000616862 0)
(-0.0293468 -0.000516208 -2.43319e-18)
(-0.0327704 -0.00134241 -2.26978e-18)
(-0.0364139 -0.00203339 -3.00927e-36)
(-0.0395347 -0.00257609 -4.06091e-18)
(-0.0424847 -0.00301861 -7.75789e-18)
(-0.0455571 -0.00342187 -3.71962e-18)
(-0.0487814 -0.00381792 3.56822e-18)
(-0.0521122 -0.00430697 1.80556e-35)
(-0.0556024 -0.00472249 0)
(-0.0593111 -0.00503085 3.15118e-18)
(-0.0632385 -0.00543217 3.03014e-18)
(-0.0674346 -0.00583593 6.01853e-36)
(-0.0719201 -0.00623656 0)
(-0.0767324 -0.00669658 0)
(-0.0819214 -0.00720245 -9.05131e-35)
(-0.0875397 -0.00774946 -1.06453e-34)
(-0.0936575 -0.00835147 1.35417e-34)
(-0.100328 -0.00901494 -4.15837e-18)
(-0.107692 -0.00973522 -3.81239e-18)
(-0.116753 -0.0106273 1.20371e-35)
(-0.12757 -0.0116301 6.13695e-18)
(-0.138425 -0.0127364 1.03496e-17)
(-0.15365 -0.0139292 6.01853e-36)
(-0.16285 -0.0152957 -5.09812e-18)
(-0.191964 -0.0169832 9.0278e-36)
)
;
    }
    frontAndBack
    {
        type            empty;
    }
}


// ************************************************************************* //
