/*--------------------------------*- C++ -*----------------------------------*\
  =========                 |
  \\      /  F ield         | OpenFOAM: The Open Source CFD Toolbox
   \\    /   O peration     | Website:  https://openfoam.org
    \\  /    A nd           | Version:  8
     \\/     M anipulation  |
\*---------------------------------------------------------------------------*/
FoamFile
{
    version     2.0;
    format      ascii;
    class       volVectorField;
    location    "300";
    object      wallShearStress;
}
// * * * * * * * * * * * * * * * * * * * * * * * * * * * * * * * * * * * * * //

dimensions      [0 2 -2 0 0 0 0];

internalField   uniform (0 0 0);

boundaryField
{
    inlet
    {
        type            calculated;
        value           uniform (0 0 0);
    }
    outlet
    {
        type            calculated;
        value           uniform (0 0 0);
    }
    upperWall
    {
        type            calculated;
        value           nonuniform List<vector> 
223
(
(-0.442434 -0.0385744 0)
(-0.444893 -0.0344904 0)
(-0.441296 -0.0215286 0)
(-0.435486 -0.012176 0)
(-0.429515 -0.00652785 0)
(-0.424092 -0.00329618 0)
(-0.419301 -0.00147143 0)
(-0.415075 -0.000435839 0)
(-0.411346 0.000155071 0)
(-0.408058 0.000493891 0)
(-0.405141 0.000686806 0)
(-0.402539 0.000795876 0)
(-0.400199 0.000855186 0)
(-0.398087 0.000886574 0)
(-0.396167 0.000901143 0)
(-0.394412 0.00090992 0)
(-0.392788 0.000920014 0)
(-0.391281 0.000964582 0)
(-0.390133 0.00103643 0)
(-0.389335 0.00109558 3.77577e-22)
(-0.388546 0.00112105 0)
(-0.38778 0.00112311 0)
(-0.387037 0.00111038 0)
(-0.38632 0.00108899 3.88703e-22)
(-0.385631 0.00106288 0)
(-0.384972 0.00103502 0)
(-0.38434 0.00100729 0)
(-0.383735 0.000980771 -7.97893e-22)
(-0.383155 0.000956074 8.02927e-22)
(-0.382597 0.000933572 8.07942e-22)
(-0.382062 0.00091344 0)
(-0.381546 0.000895606 -8.1793e-22)
(-0.381048 0.000879963 0)
(-0.380567 0.000866314 8.27893e-22)
(-0.380102 0.000854473 8.32865e-22)
(-0.379651 0.000844192 -8.3784e-22)
(-0.379214 0.000835273 0)
(-0.378788 0.000827527 0)
(-0.378374 0.000820775 0)
(-0.37797 0.000814732 0)
(-0.377576 0.000809255 -8.62745e-22)
(-0.37719 0.000804319 0)
(-0.376812 0.000799645 0)
(-0.376442 0.00079513 8.77751e-22)
(-0.376079 0.000790796 0)
(-0.375722 0.000786468 8.87793e-22)
(-0.375371 0.000782094 -8.92828e-22)
(-0.375025 0.000777626 8.97868e-22)
(-0.374685 0.000773038 0)
(-0.374349 0.000768307 0)
(-0.374017 0.00076342 0)
(-0.373689 0.000758371 9.18107e-22)
(-0.373364 0.000753066 -9.23178e-22)
(-0.373043 0.000747659 0)
(-0.372724 0.000742068 0)
(-0.372408 0.000736309 0)
(-0.372094 0.000730452 0)
(-0.371782 0.000724471 0)
(-0.371472 0.000718438 0)
(-0.371163 0.000712333 0)
(-0.370855 0.000706183 0)
(-0.370548 0.00070006 9.68832e-22)
(-0.370241 0.000693951 -9.7386e-22)
(-0.369935 0.00068788 0)
(-0.369628 0.000681962 0)
(-0.36932 0.000676091 0)
(-0.369012 0.000670332 -9.93698e-22)
(-0.368703 0.000664757 0)
(-0.368392 0.000659342 0)
(-0.36808 0.000654194 0)
(-0.367765 0.000649206 0)
(-0.367448 0.000644477 0)
(-0.367128 0.000640026 -2.04408e-21)
(-0.366805 0.000635824 0)
(-0.366478 0.000631973 0)
(-0.366147 0.000628354 0)
(-0.365812 0.000625061 0)
(-0.365472 0.000622103 0)
(-0.365127 0.000619487 0)
(-0.364776 0.000617256 0)
(-0.364418 0.000615335 2.10912e-21)
(-0.364054 0.000613726 0)
(-0.363683 0.000612509 0)
(-0.363304 0.000611682 0)
(-0.362917 0.000611172 -2.13398e-21)
(-0.362521 0.00061097 0)
(-0.362116 0.000611185 -2.14373e-21)
(-0.361701 0.000611743 0)
(-0.361275 0.000612607 0)
(-0.360839 0.000613877 0)
(-0.360391 0.000615469 -2.15647e-21)
(-0.35993 0.000617338 0)
(-0.359457 0.000619548 2.15887e-21)
(-0.35897 0.000622124 2.15894e-21)
(-0.358469 0.000624953 0)
(-0.357953 0.000628054 2.15659e-21)
(-0.357422 0.00063149 0)
(-0.356874 0.000635174 0)
(-0.35631 0.000639062 0)
(-0.355728 0.000643241 -2.14062e-21)
(-0.355127 0.000647678 0)
(-0.354508 0.000652278 -2.12622e-21)
(-0.353869 0.00065705 2.11722e-21)
(-0.35321 0.000662064 0)
(-0.352529 0.000667233 0)
(-0.351827 0.00067251 0)
(-0.351102 0.000677969 0)
(-0.350354 0.000683537 0)
(-0.349582 0.00068916 0)
(-0.348786 0.000694865 0)
(-0.347965 0.000700654 -1.99503e-21)
(-0.347117 0.000706497 0)
(-0.346244 0.000712318 0)
(-0.345343 0.000718165 0)
(-0.344415 0.000724033 0)
(-0.343458 0.000729825 0)
(-0.342474 0.000735591 0)
(-0.341459 0.000741284 0)
(-0.340415 0.000746842 0)
(-0.339341 0.000752335 0)
(-0.338236 0.000757687 0)
(-0.3371 0.000762881 0)
(-0.335932 0.000767842 0)
(-0.334734 0.00077272 -3.09128e-21)
(-0.333503 0.000777428 0)
(-0.332239 0.000781802 0)
(-0.330944 0.000786036 0)
(-0.329616 0.000790028 2.65439e-21)
(-0.328255 0.000793817 0)
(-0.326861 0.000797251 0)
(-0.325434 0.000800467 2.26853e-21)
(-0.323974 0.000803303 0)
(-0.322482 0.000805778 -1.98183e-21)
(-0.320958 0.000807848 0)
(-0.319403 0.00080957 0)
(-0.317816 0.000811575 0)
(-0.316196 0.000813274 1.3334e-21)
(-0.314543 0.00081348 0)
(-0.312858 0.000813621 -9.69991e-22)
(-0.311142 0.000813872 0)
(-0.309395 0.00081383 0)
(-0.307619 0.000814504 0)
(-0.305815 0.000811861 0)
(-0.303981 0.000813195 0)
(-0.302122 0.000810423 0)
(-0.300232 0.000806945 0)
(-0.29832 0.000807514 0)
(-0.296381 0.000803366 0)
(-0.29442 0.000801803 0)
(-0.292436 0.000797183 0)
(-0.29043 0.000793139 1.81111e-21)
(-0.288403 0.000788638 -2.09245e-21)
(-0.286357 0.000784077 0)
(-0.284294 0.000779029 0)
(-0.282214 0.000773952 0)
(-0.280119 0.000768295 0)
(-0.278011 0.000762399 -3.62098e-21)
(-0.275891 0.000755971 3.95159e-21)
(-0.27376 0.000749316 -4.29068e-21)
(-0.271622 0.000742322 0)
(-0.269477 0.00073514 -4.99446e-21)
(-0.267327 0.000727816 -1.07184e-20)
(-0.265172 0.000720219 0)
(-0.263016 0.000712679 -1.22302e-20)
(-0.260856 0.000704899 1.30132e-20)
(-0.258695 0.00069728 0)
(-0.256533 0.000689341 0)
(-0.254371 0.000681748 0)
(-0.252209 0.000673797 0)
(-0.250047 0.000666296 0)
(-0.247886 0.000658478 -1.80986e-20)
(-0.245726 0.000651359 0)
(-0.243569 0.000643974 -1.99499e-20)
(-0.241412 0.00063757 0)
(-0.239256 0.000630863 0)
(-0.237099 0.000625446 0)
(-0.23494 0.000619743 0)
(-0.232775 0.000615724 0)
(-0.230604 0.000611455 2.60364e-20)
(-0.228421 0.000609342 0)
(-0.226224 0.000607187 0)
(-0.224006 0.000607865 -2.94333e-20)
(-0.22176 0.000608537 0)
(-0.219477 0.00061276 0)
(-0.217149 0.000617539 0)
(-0.214762 0.000626834 3.4468e-20)
(-0.212304 0.000637428 0)
(-0.209753 0.000654071 0)
(-0.207088 0.000673806 0)
(-0.204277 0.000701942 0)
(-0.201282 0.000736588 -4.20451e-20)
(-0.198046 0.000784264 0)
(-0.19452 0.000847408 0)
(-0.19051 0.000936876 0)
(-0.186112 0.00108014 5.02401e-20)
(-0.180007 0.00129975 0)
(-0.174573 0.00198374 0)
(-0.155584 0.00232482 -6.16781e-20)
(-0.163652 0.00918805 6.01853e-36)
(-0.187476 0.015581 7.17133e-18)
(-0.203496 0.0187091 1.33615e-17)
(-0.212168 0.0204372 1.29043e-17)
(-0.219411 0.021606 1.25163e-17)
(-0.226524 0.0225898 1.20811e-17)
(-0.233017 0.0234466 -1.17026e-17)
(-0.238992 0.0242107 -1.13604e-17)
(-0.244711 0.0249037 -3.00927e-36)
(-0.250269 0.0255539 -2.14063e-17)
(-0.255859 0.0261771 -1.03701e-17)
(-0.261567 0.0267916 1.98612e-34)
(-0.267516 0.0274122 -1.20371e-35)
(-0.273836 0.0280555 -1.85919e-17)
(-0.280596 0.0287363 -1.77715e-17)
(-0.287942 0.0294629 -1.68685e-17)
(-0.295953 0.0302576 0)
(-0.304769 0.0311188 2.95113e-17)
(-0.31457 0.0320847 1.34992e-17)
(-0.325327 0.0331353 6.01853e-36)
(-0.337758 0.0343478 -2.10155e-17)
(-0.350541 0.0356281 -8.26831e-21)
(-0.368194 0.0372549 0)
(-0.379829 0.0387312 7.85752e-18)
(-0.410308 0.0409798 -4.81025e-18)
)
;
    }
    lowerWall
    {
        type            calculated;
        value           nonuniform List<vector> 
250
(
(-0.623518 0.0755921 0)
(-0.617616 0.0629042 0)
(-0.603806 0.0358195 0)
(-0.587835 0.0178815 0)
(-0.572927 0.00799233 0)
(-0.559982 0.00291052 0)
(-0.548886 0.000403736 0)
(-0.539553 -0.000827201 0)
(-0.531632 -0.00139086 0)
(-0.524997 -0.00164441 0)
(-0.519325 -0.00173197 0)
(-0.514467 -0.00175646 0)
(-0.510225 -0.00174585 0)
(-0.506497 -0.00172403 0)
(-0.503151 -0.00168939 0)
(-0.500295 -0.00165863 0)
(-0.496948 -0.00177103 0)
(-0.495732 -0.0013179 0)
(0.000536043 -0.0141526 0)
(0.000674912 -0.0148428 0)
(0.000905944 -0.0156693 0)
(0.00128579 -0.0167007 6.53237e-20)
(0.00187992 -0.0180218 -6.24643e-20)
(0.00306062 -0.0200076 5.94316e-20)
(0.0040887 -0.0209147 -5.48512e-20)
(0.0100327 -0.0424635 0)
(-0.0602835 -0.126469 0)
(-0.000354809 0.0003591 0)
(-0.000328422 0.00124558 0)
(-2.19457e-05 0.00159788 0)
(0.000309792 0.00130601 0)
(0.000554536 0.000561682 7.23043e-20)
(0.000713726 -0.000474926 -6.64457e-20)
(0.00079726 -0.00169063 0)
(0.000831439 -0.00300489 -1.01794e-19)
(0.000829822 -0.00435326 9.17533e-20)
(0.000801539 -0.00568604 0)
(0.000753888 -0.00696553 0)
(0.000693246 -0.00816428 0)
(0.0006256 -0.00926426 0)
(0.000556462 -0.0102554 0)
(0.000493839 -0.0111411 0)
(0.000447753 -0.0119398 0)
(0.000429672 -0.0126848 0)
(0.000457884 -0.0134398 0)
(0.000181837 0.000376514 0)
(-0.000235205 0.000536305 0)
(-0.000529051 0.000460832 0)
(-0.000691095 0.000274258 0)
(-0.000733344 5.51317e-05 0)
(-0.000669063 -0.000145459 0)
(-0.000530978 -0.000300901 6.46954e-21)
(-0.000344121 -0.000410847 -6.07736e-21)
(-0.000125126 -0.000483636 -0)
(0.00011519 -0.000530464 -5.03208e-21)
(0.000371725 -0.00056293 -0)
(0.000643951 -0.000589103 0)
(0.000931909 -0.000612987 -0)
(0.00123584 -0.000636409 2.82219e-21)
(0.00155573 -0.000659878 0)
(0.00189147 -0.000683348 0)
(0.00224282 -0.000706551 -2.08352e-21)
(0.00260952 -0.000729117 -0)
(0.0029912 -0.000750639 0)
(0.00338762 -0.000770579 -0)
(0.00379842 -0.000788283 1.56533e-21)
(0.00422331 -0.000802869 0)
(0.00466175 -0.000813351 1.40765e-21)
(0.00511323 -0.000818644 0)
(0.00557692 -0.000817884 -0)
(0.00605187 -0.00081066 1.23777e-21)
(0.00653667 -0.000797714 0)
(0.00703162 -0.000782638 -1.14968e-21)
(0.00753913 -0.000765798 0)
(0.00804894 -0.000745968 1.07118e-21)
(0.00856145 -0.00076005 0)
(0.00909434 -0.000803518 0)
(0.00962326 -0.000840498 0)
(0.0101155 -0.000932073 -0)
(0.0106295 -0.00114357 0)
(0.0112143 -0.00138218 -8.73939e-22)
(0.0118316 -0.00160036 -0)
(0.0124365 -0.00187707 1.72481e-21)
(0.0131402 -0.00228319 0)
(0.0139616 -0.00258709 -1.70403e-21)
(0.0152614 -0.00282661 -0)
(0.0165096 -0.00205047 -0)
(0.0167641 -0.000979045 2.344e-21)
(0.0175054 -0.00110995 0)
(0.0185269 -0.00120093 2.29315e-21)
(0.019648 -0.0012547 -2.26594e-21)
(0.0207813 -0.00129802 -0)
(0.0219701 -0.00132642 -2.21241e-21)
(0.0231772 -0.00134482 -2.18827e-21)
(0.024416 -0.00135859 -0)
(0.0256764 -0.00136921 0)
(0.0269624 -0.00137764 0)
(0.0282697 -0.00138446 0)
(0.0295998 -0.00139004 -0)
(0.0309506 -0.0013944 2.07743e-21)
(0.0323218 -0.00139784 0)
(0.0337129 -0.00140039 -2.04988e-21)
(0.0351233 -0.00140193 -0)
(0.0365519 -0.00140241 -0)
(0.0379978 -0.00140193 2.01466e-21)
(0.0394607 -0.00140034 0)
(0.0409389 -0.00139748 -1.99432e-21)
(0.0424316 -0.00139346 -0)
(0.0439378 -0.00138805 0)
(0.0454558 -0.00138124 -0)
(0.0469847 -0.00137293 1.95874e-21)
(0.0485224 -0.00136304 0)
(0.0500681 -0.00135147 -0)
(0.0516191 -0.00133817 1.93466e-21)
(0.0531743 -0.00132314 0)
(0.0547316 -0.00130624 1.91905e-21)
(0.056289 -0.00128747 0)
(0.0578444 -0.00126671 0)
(0.0593953 -0.00124402 0)
(0.0609399 -0.00121935 -1.88705e-21)
(0.0624755 -0.00119267 -0)
(0.0640001 -0.00116398 0)
(0.0655107 -0.00113328 -1.86084e-21)
(0.0670054 -0.00110056 -1.85142e-21)
(0.068481 -0.00106583 -0)
(0.0699356 -0.0010291 -1.83126e-21)
(0.0713658 -0.000990333 0)
(0.0727693 -0.000949651 -3.61808e-21)
(0.0741433 -0.000907002 -0)
(0.075485 -0.000862397 -3.56869e-21)
(0.0767917 -0.000815835 -0)
(0.0780605 -0.000767283 3.51362e-21)
(0.0792884 -0.000716756 0)
(0.0804727 -0.000664097 0)
(0.0816103 -0.000609074 0)
(0.0826978 -0.000551465 -3.38334e-21)
(0.0837319 -0.0004909 -0)
(0.0847088 -0.000426817 3.30673e-21)
(0.0856239 -0.000358639 0)
(0.0864726 -0.000286249 -3.22162e-21)
(0.087251 -0.000210095 -3.17583e-21)
(0.0879539 -0.000132299 -3.12797e-21)
(0.0885777 -5.805e-05 0)
(0.0891258 6.02029e-06 0)
(0.0896095 6.3371e-05 0)
(0.0900272 0.000120099 0)
(0.0903782 0.000176291 0)
(0.0906614 0.000232565 0)
(0.0908756 0.000288805 0)
(0.09102 0.000345043 0)
(0.0910934 0.000401316 2.56847e-21)
(0.0910944 0.000457407 2.49054e-21)
(0.0910228 0.000513239 0)
(0.0908776 0.000568857 0)
(0.090658 0.000623976 0)
(0.0903644 0.000678586 2.14371e-21)
(0.0899959 0.000732674 0)
(0.0895527 0.000786121 0)
(0.0890345 0.000838869 0)
(0.0884415 0.000890754 0)
(0.0877743 0.00094177 -1.6257e-21)
(0.087033 0.000991862 0)
(0.0862183 0.00104093 0)
(0.0853308 0.00108887 1.26627e-21)
(0.0843718 0.00113564 -1.13789e-21)
(0.083342 0.00118124 0)
(0.0822426 0.00122559 -8.6775e-22)
(0.0810746 0.00126864 0)
(0.0798394 0.00131027 5.79163e-22)
(0.0785391 0.00135051 0)
(0.0771747 0.00138936 0)
(0.0757483 0.00142682 0)
(0.0742607 0.00146287 0)
(0.0727159 0.00149749 0)
(0.0711171 0.00153071 8.12461e-22)
(0.0694601 0.00156233 1.17869e-21)
(0.0677506 0.0015924 0)
(0.065989 0.00162092 0)
(0.064182 0.00164819 0)
(0.0623315 0.00167397 -2.76462e-21)
(0.0604361 0.00169819 0)
(0.0585003 0.00172092 0)
(0.0565264 0.00174215 0)
(0.0545169 0.00176195 -4.56792e-21)
(0.0524749 0.00178039 5.05739e-21)
(0.0504027 0.00179751 0)
(0.0483026 0.00181335 0)
(0.0461773 0.00182784 6.63161e-21)
(0.0440296 0.00184109 7.195e-21)
(0.0418621 0.00185318 0)
(0.0396769 0.00186419 0)
(0.0374772 0.00187419 -9.01841e-21)
(0.0352648 0.00188326 9.67567e-21)
(0.0330428 0.0018914 0)
(0.0308134 0.00189874 0)
(0.028579 0.00190536 1.18225e-20)
(0.0263418 0.00191133 0)
(0.0241041 0.00191672 0)
(0.0218679 0.00192161 1.42849e-20)
(0.0196352 0.00192609 0)
(0.0174081 0.00193024 1.6146e-20)
(0.0151884 0.00193411 0)
(0.0129779 0.00193772 0)
(0.0107783 0.00194116 0)
(0.0085916 0.0019446 -2.05675e-20)
(0.00641925 0.00194885 0)
(0.00426235 0.00195401 0)
(0.00212169 0.00195702 0)
(-1.34082e-06 0.00194323 0)
(-0.00210729 0.00190578 0)
(-0.00420302 0.00185882 0)
(-0.00628814 0.0018129 -2.40753e-20)
(-0.00836234 0.00176924 -2.34759e-20)
(-0.0104254 0.00172761 0)
(-0.0124771 0.00168751 0)
(-0.0145164 0.00164835 0)
(-0.0165417 0.00160931 2.14385e-20)
(-0.0185504 0.00156922 0)
(-0.0205371 0.00152627 -4.11803e-20)
(-0.0224944 0.00147657 4.04107e-20)
(-0.0244003 0.00141481 3.9701e-20)
(-0.0262427 0.00131789 -3.90752e-20)
(-0.0278552 0.00117266 3.85831e-20)
(-0.0294415 0.000788844 -3.84149e-20)
(-0.0289264 2.87344e-05 0)
(-0.0314381 -8.04755e-05 -2.44186e-18)
(-0.0363237 -0.00104089 -2.31421e-18)
(-0.0410711 -0.00178361 0)
(-0.0453762 -0.0023547 -4.22205e-18)
(-0.0497381 -0.00287318 -8.08679e-18)
(-0.0543045 -0.00338002 -3.87324e-18)
(-0.0590681 -0.00388787 3.70937e-18)
(-0.0640564 -0.00440951 -2.40741e-35)
(-0.0693064 -0.00495342 0)
(-0.0748426 -0.00552504 3.24467e-18)
(-0.0806866 -0.00612811 3.09454e-18)
(-0.0868591 -0.0067661 3.00927e-36)
(-0.0933838 -0.0074415 0)
(-0.100283 -0.00815749 0)
(-0.107594 -0.00891595 -6.92131e-35)
(-0.115329 -0.00972224 -1.03961e-34)
(-0.123577 -0.0105741 9.0278e-35)
(-0.132285 -0.0114901 -4.00029e-18)
(-0.141767 -0.0124447 -3.64326e-18)
(-0.151478 -0.0135064 1.20371e-35)
(-0.163118 -0.0145669 5.70952e-18)
(-0.173155 -0.0158568 9.42503e-18)
(-0.190125 -0.0169674 -6.01853e-36)
(-0.196866 -0.0187596 -4.442e-18)
(-0.230422 -0.019378 1.80556e-35)
)
;
    }
    frontAndBack
    {
        type            empty;
    }
}


// ************************************************************************* //
