/*--------------------------------*- C++ -*----------------------------------*\
  =========                 |
  \\      /  F ield         | OpenFOAM: The Open Source CFD Toolbox
   \\    /   O peration     | Website:  https://openfoam.org
    \\  /    A nd           | Version:  8
     \\/     M anipulation  |
\*---------------------------------------------------------------------------*/
FoamFile
{
    version     2.0;
    format      ascii;
    class       volVectorField;
    location    "3900";
    object      wallShearStress;
}
// * * * * * * * * * * * * * * * * * * * * * * * * * * * * * * * * * * * * * //

dimensions      [0 2 -2 0 0 0 0];

internalField   uniform (0 0 0);

boundaryField
{
    inlet
    {
        type            calculated;
        value           uniform (0 0 0);
    }
    outlet
    {
        type            calculated;
        value           uniform (0 0 0);
    }
    upperWall
    {
        type            calculated;
        value           nonuniform List<vector> 
223
(
(-0.582193 -0.392359 0)
(-0.977814 -0.219377 0)
(-0.939336 -0.0567747 0)
(-0.81071 -0.00585788 0)
(-0.734594 0.00331368 0)
(-0.695452 0.00231538 0)
(-0.67094 0.0004243 0)
(-0.6535 -0.00144895 0)
(-0.640541 -0.00256684 0)
(-0.629801 -0.00217397 0)
(-0.620128 -0.0013462 0)
(-0.610876 -0.000985211 0)
(-0.603119 -0.00163207 0)
(-0.597043 -0.00155397 0)
(-0.590603 0.000492327 0)
(-0.584434 0.000986378 0)
(-0.579778 -0.000241672 0)
(-0.575269 0.000870823 0)
(-0.570772 0.00263074 0)
(-0.567432 0.00184028 4.23336e-22)
(-0.564756 0.00123549 0)
(-0.561951 0.00280868 0)
(-0.558577 0.00308049 0)
(-0.55551 0.00260441 4.46788e-22)
(-0.552861 0.0028884 0)
(-0.550045 0.00332084 0)
(-0.547175 0.00352771 0)
(-0.544236 0.0035275 -9.38439e-22)
(-0.541362 0.00306558 9.46615e-22)
(-0.538646 0.00261293 9.57011e-22)
(-0.535973 0.00248509 0)
(-0.533262 0.00219314 -9.78956e-22)
(-0.530613 0.00193282 0)
(-0.527977 0.00173296 1.00191e-21)
(-0.525334 0.00156353 1.01396e-21)
(-0.522682 0.00143378 -1.0265e-21)
(-0.52001 0.00132948 0)
(-0.517323 0.00124712 0)
(-0.514617 0.00118384 0)
(-0.511886 0.00113556 0)
(-0.509129 0.00109916 -1.09111e-21)
(-0.506342 0.00107246 0)
(-0.503523 0.00105342 0)
(-0.50067 0.00104091 1.13119e-21)
(-0.497778 0.00103386 0)
(-0.494845 0.00103128 1.15765e-21)
(-0.491867 0.0010325 -1.17063e-21)
(-0.488842 0.00103676 1.18338e-21)
(-0.485765 0.00104379 0)
(-0.482634 0.00105209 0)
(-0.479449 0.00106102 0)
(-0.476211 0.00106961 1.23089e-21)
(-0.472925 0.00107658 -1.24156e-21)
(-0.469603 0.0010821 0)
(-0.46626 0.00108732 0)
(-0.462911 0.00109265 0)
(-0.459566 0.00109726 0)
(-0.456232 0.00110005 0)
(-0.452908 0.00110019 0)
(-0.44959 0.00109785 0)
(-0.44627 0.00109356 0)
(-0.442938 0.00108832 1.29213e-21)
(-0.439584 0.00108353 -1.29191e-21)
(-0.436194 0.00107989 0)
(-0.432761 0.00107798 0)
(-0.42927 0.00107811 0)
(-0.425716 0.00108027 -1.27853e-21)
(-0.422088 0.0010844 0)
(-0.41838 0.0010902 0)
(-0.414587 0.00109729 0)
(-0.410704 0.00110532 0)
(-0.406727 0.00111381 0)
(-0.402655 0.00112215 -2.43469e-21)
(-0.398487 0.00112999 0)
(-0.394223 0.00113664 0)
(-0.389868 0.00114163 0)
(-0.385426 0.00114476 0)
(-0.380907 0.0011459 0)
(-0.376322 0.00114495 0)
(-0.371682 0.00114154 0)
(-0.367001 0.00113553 2.09565e-21)
(-0.362288 0.00112674 0)
(-0.357551 0.00111519 0)
(-0.352794 0.00110118 0)
(-0.348022 0.00108535 -1.84e-21)
(-0.343231 0.00106822 0)
(-0.338422 0.00105033 -1.69057e-21)
(-0.333591 0.00103242 0)
(-0.328732 0.00101536 0)
(-0.323837 0.000999831 0)
(-0.319025 0.000992033 -1.35139e-21)
(-0.316384 0.00100118 0)
(-0.31366 0.00101502 1.18093e-21)
(-0.310855 0.00102967 1.09025e-21)
(-0.307976 0.00104287 0)
(-0.305031 0.00105378 8.96583e-22)
(-0.302034 0.00106257 0)
(-0.298997 0.00106969 0)
(-0.295936 0.00107747 0)
(-0.292864 0.00108332 -4.55226e-22)
(-0.289794 0.00109695 0)
(-0.286743 0.00109638 -2.05862e-22)
(-0.283714 0.00110444 7.39341e-23)
(-0.280732 0.00111287 0)
(-0.277795 0.00110773 0)
(-0.274926 0.00111898 0)
(-0.272128 0.00110303 0)
(-0.269389 0.00113253 0)
(-0.266755 0.0012223 0)
(-0.26421 0.00109602 0)
(-0.261683 0.00129521 1.14233e-21)
(-0.259589 0.00155113 0)
(-0.257541 0.00142088 0)
(-0.255423 0.00117232 0)
(-0.253428 0.000571985 0)
(-0.251129 0.000840402 0)
(-0.249272 0.00140576 0)
(-0.24727 0.00126827 0)
(-0.245521 0.00111001 0)
(-0.243948 0.000852897 0)
(-0.242032 0.00087306 0)
(-0.240387 0.000940016 0)
(-0.238772 0.00070809 0)
(-0.237014 0.000311055 7.13469e-21)
(-0.235136 0.000588101 0)
(-0.233278 0.00100333 0)
(-0.231714 0.000498209 0)
(-0.229973 0.000514975 -8.78254e-21)
(-0.228548 0.000551555 0)
(-0.227003 0.000569851 0)
(-0.225363 0.000825202 -1.00106e-20)
(-0.223948 0.000515796 0)
(-0.222585 0.000311989 1.08458e-20)
(-0.220983 0.000150929 0)
(-0.21945 0.000410852 0)
(-0.2183 0.00079363 0)
(-0.216928 0.0007974 -1.25291e-20)
(-0.215806 0.000239933 0)
(-0.21413 -0.000367285 1.35456e-20)
(-0.212566 -0.000248143 0)
(-0.211552 4.49789e-05 0)
(-0.210585 0.000175047 0)
(-0.209824 0.000144037 0)
(-0.208731 0.000336039 0)
(-0.207831 0.000414867 0)
(-0.206983 0.000397637 0)
(-0.20617 0.00076213 0)
(-0.205204 0.00100336 0)
(-0.204582 0.000684929 0)
(-0.203662 0.000596416 0)
(-0.203233 0.000718548 1.83719e-20)
(-0.202827 8.60852e-05 -1.87622e-20)
(-0.20171 -0.000397127 0)
(-0.200693 -9.29549e-05 0)
(-0.199921 6.0183e-05 0)
(-0.199117 -1.24318e-06 0)
(-0.199006 0.000107645 -2.08934e-20)
(-0.198371 0.000312169 2.13882e-20)
(-0.197871 0.000289912 -2.1779e-20)
(-0.197509 0.000244788 0)
(-0.197191 0.000669886 -2.246e-20)
(-0.196738 0.000724307 -4.58523e-20)
(-0.196316 0.0005734 0)
(-0.196112 0.000566336 -4.73114e-20)
(-0.195725 0.000494025 4.8214e-20)
(-0.195567 0.00047856 0)
(-0.195478 0.000326407 0)
(-0.195268 0.000341788 0)
(-0.194643 0.000332675 0)
(-0.193988 0.000163146 0)
(-0.193404 5.69054e-05 -5.32894e-20)
(-0.192485 0.00026689 0)
(-0.192535 0.000348718 -5.47723e-20)
(-0.192523 0.000250098 0)
(-0.192136 0.000247926 0)
(-0.191728 0.000273463 0)
(-0.190904 0.000342462 0)
(-0.190621 -0.000108989 0)
(-0.189261 -0.000377906 6.11751e-20)
(-0.188269 -6.35712e-05 0)
(-0.187756 0.00033488 0)
(-0.187275 0.000512057 -6.36608e-20)
(-0.186448 0.000471765 0)
(-0.186227 0.000572252 0)
(-0.185185 0.00012009 0)
(-0.183487 -0.000138995 6.92197e-20)
(-0.18191 0.000119645 0)
(-0.180551 0.000449654 0)
(-0.179243 0.000733423 0)
(-0.177726 0.000718644 0)
(-0.176144 0.000371736 -7.66687e-20)
(-0.173204 0.000196215 0)
(-0.169826 0.000506599 0)
(-0.166031 0.00081828 0)
(-0.161568 0.00123989 8.81848e-20)
(-0.154771 0.00159497 0)
(-0.148787 0.00241654 0)
(-0.123884 0.00231846 -1.07548e-19)
(-0.141612 0.00672378 -6.01853e-36)
(-0.169664 0.0132086 1.25419e-17)
(-0.187213 0.0170974 2.35016e-17)
(-0.193361 0.0188891 2.27595e-17)
(-0.196826 0.019668 2.20139e-17)
(-0.20104 0.0203139 2.11377e-17)
(-0.205515 0.0210268 -2.02435e-17)
(-0.209766 0.021534 -1.95246e-17)
(-0.213939 0.021881 -6.01853e-36)
(-0.218134 0.0220211 -3.66546e-17)
(-0.220247 0.0221816 -1.80736e-17)
(-0.224698 0.0227199 6.50001e-34)
(-0.227516 0.0229034 -1.20371e-35)
(-0.231058 0.0233635 -3.22775e-17)
(-0.235346 0.0239361 -3.06846e-17)
(-0.242345 0.0247801 -2.8465e-17)
(-0.249526 0.0254458 -4.81482e-35)
(-0.256869 0.0260691 4.94029e-17)
(-0.263917 0.0266486 2.26458e-17)
(-0.272759 0.0274472 0)
(-0.282663 0.0283579 -3.48613e-17)
(-0.29122 0.0290001 -1.58066e-20)
(-0.300886 0.0295782 0)
(-0.304441 0.0304171 1.34849e-17)
(-0.332565 0.0321499 -7.62882e-18)
)
;
    }
    lowerWall
    {
        type            calculated;
        value           nonuniform List<vector> 
250
(
(-0.653909 0.466638 0)
(-1.14095 0.204678 0)
(-1.03492 0.0379587 0)
(-0.869573 -0.000935989 0)
(-0.786941 -0.00419162 0)
(-0.746063 -0.00160782 0)
(-0.719878 0.000416171 0)
(-0.700645 -0.000651813 0)
(-0.685088 -0.00405597 0)
(-0.671318 -0.00471226 0)
(-0.658933 -0.00298824 0)
(-0.64772 -0.000864218 0)
(-0.637517 0.00142606 0)
(-0.628189 0.00210387 0)
(-0.61932 0.00136796 0)
(-0.611521 0.00135752 0)
(-0.60458 0.00169584 0)
(-0.605068 0.00194321 0)
(-0.00426044 -0.022858 0)
(-0.00275888 -0.0176425 0)
(-0.000676909 -0.0144932 0)
(0.00194466 -0.0137778 9.02301e-20)
(0.00526907 -0.0151982 -7.86229e-20)
(0.00896178 -0.0208211 6.28524e-20)
(0.0127401 -0.0200859 -4.84763e-20)
(0.0256282 -0.0633144 0)
(-0.0840625 -0.144715 0)
(0.000872659 -0.00384061 0)
(-0.00766529 0.00954657 0)
(-0.00851607 0.0328214 0)
(-0.00254944 0.044855 0)
(0.00295332 0.0442615 1.82231e-20)
(0.00618271 0.0360629 -1.89666e-20)
(0.00818722 0.0241609 0)
(0.0094605 0.0101604 -5.42319e-20)
(0.00943168 -0.00404262 6.11463e-20)
(0.00793329 -0.0174227 0)
(0.00614123 -0.0291952 0)
(0.00438174 -0.0385629 0)
(0.00268719 -0.0451402 0)
(0.000986007 -0.0488797 0)
(-0.000885147 -0.0495149 0)
(-0.00282052 -0.0464084 0)
(-0.00437901 -0.0399029 0)
(-0.00492619 -0.030827 0)
(0.00132866 -0.00151221 0)
(0.00133801 0.00652725 0)
(-0.00450921 0.00961858 0)
(-0.00959714 0.00975645 0)
(-0.0133831 0.00829947 0)
(-0.0158893 0.00623517 0)
(-0.0172643 0.00409759 1.4958e-21)
(-0.0177829 0.00200609 -1.5274e-21)
(-0.0173314 -7.02543e-06 0)
(-0.0160539 -0.00168627 -1.65315e-21)
(-0.0141884 -0.00283756 0)
(-0.0120504 -0.00329646 0)
(-0.0100507 -0.00303589 -0)
(-0.00855302 -0.0022803 2.57039e-21)
(-0.00761633 -0.00142308 0)
(-0.006938 -0.000815894 0)
(-0.00612045 -0.000623469 -3.37837e-21)
(-0.0049928 -0.0010005 0)
(-0.00340839 -0.00238601 0)
(-0.000488406 -0.00505768 0)
(0.00436101 -0.00740369 3.03316e-21)
(0.00994596 -0.00889518 0)
(0.015847 -0.00985001 1.46919e-21)
(0.0218925 -0.0106169 0)
(0.0280981 -0.011269 -0)
(0.0344087 -0.0115144 8.44726e-22)
(0.0405411 -0.0113546 0)
(0.0491491 -0.0116033 -7.54068e-22)
(0.0589393 -0.0117553 -0)
(0.0686335 -0.0115827 7.70729e-22)
(0.0780424 -0.0111689 0)
(0.0870154 -0.0105841 0)
(0.0954597 -0.00989008 0)
(0.103317 -0.0091366 -0)
(0.110564 -0.0083607 0)
(0.117197 -0.00758953 -8.11179e-22)
(0.12323 -0.00684042 -0)
(0.128686 -0.00612273 1.63314e-21)
(0.133592 -0.00544039 0)
(0.137974 -0.00479415 -1.635e-21)
(0.14186 -0.00418208 -0)
(0.145272 -0.0036014 -0)
(0.148233 -0.00304948 1.6211e-21)
(0.150758 -0.00252408 0)
(0.152864 -0.00202409 1.60088e-21)
(0.154562 -0.00155028 -1.58756e-21)
(0.155864 -0.00110632 -0)
(0.156782 -0.000698881 -1.55495e-21)
(0.157329 -0.00033779 -1.53592e-21)
(0.157514 -3.97574e-05 -0)
(0.157409 0.000194723 0)
(0.157077 0.000391513 0)
(0.156523 0.000568226 0)
(0.155762 0.000731064 -0)
(0.154801 0.000884189 1.37585e-21)
(0.153649 0.00102831 0)
(0.152313 0.00116406 -1.30706e-21)
(0.1508 0.00129165 -0)
(0.149117 0.00141124 -0)
(0.147272 0.00152287 1.19061e-21)
(0.145273 0.0016264 0)
(0.143127 0.00172189 -1.10491e-21)
(0.140843 0.00180932 -0)
(0.13843 0.0018886 0)
(0.135896 0.0019598 -0)
(0.13325 0.00202307 9.16887e-22)
(0.130502 0.00207841 0)
(0.12766 0.00212593 -0)
(0.124734 0.00216586 7.63844e-22)
(0.121733 0.00219833 0)
(0.118666 0.0022235 6.57309e-22)
(0.115542 0.00224168 0)
(0.112371 0.00225312 0)
(0.109161 0.00225803 0)
(0.10592 0.00225681 -4.36229e-22)
(0.102657 0.00224969 -0)
(0.0993808 0.00223692 0)
(0.0960983 0.00221893 -2.65626e-22)
(0.0928171 0.00219605 -2.08176e-22)
(0.0895442 0.00216855 -0)
(0.0862868 0.00213686 -9.27061e-23)
(0.083051 0.0021015 -0)
(0.0798425 0.00206279 4.65131e-23)
(0.0766674 0.00202111 -0)
(0.0735301 0.0019767 2.7895e-22)
(0.0704356 0.0019296 0)
(0.0673886 0.00188031 -5.11603e-22)
(0.0643932 0.00183021 -0)
(0.0614521 0.00178101 0)
(0.0585677 0.00173401 -0)
(0.0557412 0.00168978 9.78404e-22)
(0.0529752 0.00164996 0)
(0.05027 0.00161785 -1.21382e-21)
(0.047624 0.00159489 0)
(0.0457849 0.00160355 1.47558e-21)
(0.0442425 0.00162099 1.63409e-21)
(0.0427035 0.00162596 1.79901e-21)
(0.0411761 0.00161306 0)
(0.0396656 0.00158975 0)
(0.0381719 0.00156405 0)
(0.0366937 0.00153824 0)
(0.0352308 0.00151256 0)
(0.0337835 0.00148697 0)
(0.0323525 0.00146148 0)
(0.0309383 0.00143623 0)
(0.0295414 0.00141141 -3.69181e-21)
(0.028162 0.00138722 -3.96745e-21)
(0.0268004 0.00136381 0)
(0.0254563 0.00134083 0)
(0.0241308 0.00131678 0)
(0.0228249 0.0012919 -5.26743e-21)
(0.0215386 0.00126767 0)
(0.0202721 0.00124402 0)
(0.0190249 0.00122098 0)
(0.0177975 0.00119855 0)
(0.0165898 0.00117682 7.53618e-21)
(0.0154018 0.00115587 0)
(0.0142336 0.00113579 0)
(0.013085 0.00111668 -9.45517e-21)
(0.0119558 0.00109858 1.02328e-20)
(0.0108462 0.00108157 0)
(0.00975594 0.00106596 1.20694e-20)
(0.00868506 0.00105238 0)
(0.00763311 0.00104201 -1.44081e-20)
(0.00659947 0.00103512 0)
(0.00558377 0.00103073 0)
(0.00458596 0.00102852 0)
(0.00360564 0.00102882 0)
(0.00264235 0.00103186 0)
(0.00169656 0.00103759 5.57198e-20)
(0.000769762 0.00104317 6.42334e-20)
(-0.000140092 0.00103041 0)
(-0.00103743 0.000987527 0)
(-0.00191928 0.000935129 0)
(-0.00278565 0.000885631 -5.28783e-20)
(-0.00363636 0.000840707 0)
(-0.00447129 0.000799955 0)
(-0.00529079 0.000762886 0)
(-0.00609542 0.000729002 -4.04098e-20)
(-0.00688577 0.000697847 3.83606e-20)
(-0.00766231 0.000669045 0)
(-0.00842554 0.000642291 0)
(-0.0091759 0.000617335 3.36146e-20)
(-0.0099138 0.000593981 3.23748e-20)
(-0.0106397 0.000572064 0)
(-0.011354 0.000551452 0)
(-0.0120572 0.00053203 -2.93504e-20)
(-0.0127497 0.000513702 2.8523e-20)
(-0.0134318 0.000496385 0)
(-0.0141041 0.000480009 0)
(-0.0147669 0.000464516 2.64339e-20)
(-0.0154206 0.000449852 0)
(-0.0160659 0.000435971 0)
(-0.016703 0.000422828 2.4789e-20)
(-0.0173324 0.000410392 0)
(-0.0179547 0.000398629 2.38732e-20)
(-0.0185702 0.0003875 0)
(-0.0191795 0.00037698 0)
(-0.0197829 0.000367041 0)
(-0.020381 0.000357652 -2.23579e-20)
(-0.0209743 0.000348763 0)
(-0.0215629 0.000340353 0)
(-0.0221475 0.000332361 0)
(-0.0227282 0.000324734 0)
(-0.0233056 0.000317376 0)
(-0.0238792 0.000310153 0)
(-0.0244491 0.000302976 -2.03853e-20)
(-0.0250151 0.000295618 -2.0155e-20)
(-0.0255761 0.000287782 0)
(-0.0261308 0.000279121 0)
(-0.026677 0.000269092 0)
(-0.0272112 0.000256946 1.93605e-20)
(-0.0277283 0.000241474 0)
(-0.0282201 0.000221256 -3.8135e-20)
(-0.028677 0.000192209 3.79288e-20)
(-0.0290699 0.000152573 3.78197e-20)
(-0.029401 7.78442e-05 -3.78583e-20)
(-0.0294827 -3.94248e-05 3.80454e-20)
(-0.0295072 -0.000356579 -3.83978e-20)
(-0.0279726 -0.000616886 0)
(-0.0293451 -0.000516203 -2.43317e-18)
(-0.0327686 -0.00134233 -2.26976e-18)
(-0.0364121 -0.0020333 -3.00927e-36)
(-0.0395327 -0.00257597 -4.06087e-18)
(-0.0424827 -0.00301849 -7.75776e-18)
(-0.0455547 -0.00342159 -3.71967e-18)
(-0.0487787 -0.0038194 3.56774e-18)
(-0.0521051 -0.0042958 -4.21297e-35)
(-0.0556157 -0.00469946 0)
(-0.0592892 -0.00509581 3.15753e-18)
(-0.0632423 -0.00549962 3.01597e-18)
(-0.0674456 -0.00581777 6.01853e-36)
(-0.0719307 -0.00622388 0)
(-0.0767402 -0.00669127 0)
(-0.0819267 -0.00719357 -1.26154e-34)
(-0.0875432 -0.00774027 -5.26621e-36)
(-0.0936592 -0.00834302 1.68519e-34)
(-0.100328 -0.00900764 -4.15822e-18)
(-0.107691 -0.00972931 -3.81232e-18)
(-0.116749 -0.0106227 1.20371e-35)
(-0.127566 -0.0116265 6.13667e-18)
(-0.13842 -0.0127336 1.03491e-17)
(-0.153645 -0.0139271 1.20371e-35)
(-0.162845 -0.0152941 -5.0979e-18)
(-0.19196 -0.0169819 3.00927e-36)
)
;
    }
    frontAndBack
    {
        type            empty;
    }
}


// ************************************************************************* //
