/*--------------------------------*- C++ -*----------------------------------*\
  =========                 |
  \\      /  F ield         | OpenFOAM: The Open Source CFD Toolbox
   \\    /   O peration     | Website:  https://openfoam.org
    \\  /    A nd           | Version:  8
     \\/     M anipulation  |
\*---------------------------------------------------------------------------*/
FoamFile
{
    version     2.0;
    format      ascii;
    class       volVectorField;
    location    "1300";
    object      wallShearStress;
}
// * * * * * * * * * * * * * * * * * * * * * * * * * * * * * * * * * * * * * //

dimensions      [0 2 -2 0 0 0 0];

internalField   uniform (0 0 0);

boundaryField
{
    inlet
    {
        type            calculated;
        value           uniform (0 0 0);
    }
    outlet
    {
        type            calculated;
        value           uniform (0 0 0);
    }
    upperWall
    {
        type            calculated;
        value           nonuniform List<vector> 
223
(
(-0.582193 -0.392359 0)
(-0.977814 -0.219377 0)
(-0.939336 -0.0567747 0)
(-0.81071 -0.00585779 0)
(-0.734594 0.00331371 0)
(-0.695452 0.00231541 0)
(-0.67094 0.000424344 0)
(-0.6535 -0.00144894 0)
(-0.64054 -0.0025668 0)
(-0.629799 -0.0021739 0)
(-0.620127 -0.00134609 0)
(-0.610874 -0.000985035 0)
(-0.603116 -0.00163109 0)
(-0.597037 -0.00155333 0)
(-0.590597 0.000493478 0)
(-0.584425 0.000996612 0)
(-0.579583 -0.000219478 0)
(-0.574924 0.000558464 0)
(-0.570577 0.00128384 0)
(-0.567172 0.000639191 4.21326e-22)
(-0.564453 0.000599832 0)
(-0.561953 0.00146258 0)
(-0.559242 0.00310833 0)
(-0.556032 0.0044268 4.51587e-22)
(-0.552785 0.00447019 0)
(-0.549826 0.00408467 0)
(-0.546936 0.00401122 0)
(-0.544016 0.0037205 -9.39049e-22)
(-0.541216 0.00318729 9.48206e-22)
(-0.538555 0.00273883 9.58158e-22)
(-0.535923 0.00237531 0)
(-0.533303 0.00208299 -9.79381e-22)
(-0.530681 0.00184516 0)
(-0.528058 0.00166141 1.00237e-21)
(-0.525419 0.00150972 1.01445e-21)
(-0.522763 0.00139785 -1.02708e-21)
(-0.520084 0.00130737 0)
(-0.517389 0.0012353 0)
(-0.514675 0.00117973 0)
(-0.511937 0.00113715 0)
(-0.509174 0.00110493 -1.09227e-21)
(-0.506383 0.00108089 0)
(-0.50356 0.00106361 0)
(-0.500703 0.00105213 1.13221e-21)
(-0.497807 0.00104551 0)
(-0.494871 0.00104287 1.15841e-21)
(-0.491891 0.00104379 -1.17126e-21)
(-0.488862 0.00104752 1.18387e-21)
(-0.485782 0.00105396 0)
(-0.482649 0.00106164 0)
(-0.479462 0.00106981 0)
(-0.476222 0.00107768 1.23102e-21)
(-0.472935 0.00108408 -1.24165e-21)
(-0.469611 0.00108912 0)
(-0.466266 0.00109378 0)
(-0.462916 0.00109859 0)
(-0.45957 0.00110282 0)
(-0.456235 0.00110522 0)
(-0.45291 0.00110488 0)
(-0.449592 0.00110213 0)
(-0.446271 0.00109751 0)
(-0.442939 0.00109199 1.29206e-21)
(-0.439584 0.00108687 -1.29182e-21)
(-0.436194 0.00108292 0)
(-0.43276 0.00108072 0)
(-0.429269 0.00108054 0)
(-0.425714 0.00108251 -1.27836e-21)
(-0.422086 0.00108641 0)
(-0.418378 0.00109196 0)
(-0.414585 0.0010989 0)
(-0.410701 0.00110676 0)
(-0.406724 0.00111505 0)
(-0.402652 0.0011233 -2.43422e-21)
(-0.398484 0.00113098 0)
(-0.39422 0.00113753 0)
(-0.389865 0.00114241 0)
(-0.385423 0.00114545 0)
(-0.380904 0.00114656 0)
(-0.376318 0.00114549 0)
(-0.371679 0.00114202 0)
(-0.366998 0.00113595 2.09511e-21)
(-0.362285 0.00112711 0)
(-0.357547 0.00111552 0)
(-0.352791 0.00110147 0)
(-0.348018 0.0010856 -1.83944e-21)
(-0.343228 0.00106845 0)
(-0.338419 0.00105053 -1.69e-21)
(-0.333587 0.00103259 0)
(-0.328728 0.00101552 0)
(-0.323834 0.00100001 0)
(-0.319023 0.000992171 -1.35079e-21)
(-0.316383 0.00100127 0)
(-0.313658 0.00101514 1.1803e-21)
(-0.310853 0.00102981 1.0896e-21)
(-0.307973 0.001043 0)
(-0.305028 0.00105392 8.95883e-22)
(-0.302031 0.00106253 0)
(-0.298994 0.00107028 0)
(-0.295933 0.00107645 0)
(-0.29286 0.00108657 -4.54406e-22)
(-0.289791 0.00109044 0)
(-0.286736 0.00110369 -2.04987e-22)
(-0.283711 0.0011067 7.29767e-23)
(-0.280722 0.00111169 0)
(-0.277789 0.00111964 0)
(-0.274911 0.00111259 0)
(-0.272103 0.00109491 0)
(-0.26935 0.0010953 0)
(-0.266685 0.00108751 0)
(-0.264053 0.000948124 0)
(-0.261516 0.000783683 1.15276e-21)
(-0.259094 0.000750535 0)
(-0.25681 0.000805453 0)
(-0.254646 0.000989769 0)
(-0.252545 0.00101942 0)
(-0.250355 0.00103405 0)
(-0.248327 0.000935098 0)
(-0.246327 0.00121124 0)
(-0.244536 0.00156615 0)
(-0.243007 0.00128197 0)
(-0.241242 0.00132868 0)
(-0.23968 0.00105304 0)
(-0.237926 0.000236941 0)
(-0.235913 -2.98611e-05 7.21365e-21)
(-0.234229 0.000307595 0)
(-0.232362 0.000448904 0)
(-0.230522 0.000599617 0)
(-0.228806 0.000676716 -8.8103e-21)
(-0.227068 0.0007235 0)
(-0.22554 0.000702131 0)
(-0.224072 0.000970813 -1.0059e-20)
(-0.222898 0.00123505 0)
(-0.221776 0.000772875 1.08125e-20)
(-0.220787 0.000350443 0)
(-0.219245 0.000616769 0)
(-0.218193 0.000928975 0)
(-0.216966 0.000719548 -1.25194e-20)
(-0.215884 0.000703674 0)
(-0.215043 0.000418914 1.33292e-20)
(-0.213596 0.000378382 0)
(-0.212598 0.000694947 0)
(-0.211696 6.68386e-05 0)
(-0.210198 -0.000446762 0)
(-0.208853 -0.000159422 0)
(-0.207768 -1.26503e-05 0)
(-0.206662 1.01874e-05 0)
(-0.205978 0.000216448 0)
(-0.205173 0.00028027 0)
(-0.204626 0.00039493 0)
(-0.203844 0.000521382 0)
(-0.203171 0.000804342 1.8438e-20)
(-0.202405 0.000988592 -1.88446e-20)
(-0.202054 0.000492973 0)
(-0.201418 0.000472231 0)
(-0.201082 0.000456548 0)
(-0.200398 0.000402867 0)
(-0.199963 0.000447468 -2.07913e-20)
(-0.199299 0.000358536 2.1259e-20)
(-0.198897 0.000226053 -2.16162e-20)
(-0.198529 0.00029523 0)
(-0.197776 0.000489742 -2.25026e-20)
(-0.197401 0.000169199 -4.56334e-20)
(-0.197111 2.77957e-05 0)
(-0.196296 7.00414e-05 -4.76185e-20)
(-0.195519 0.000323827 4.84289e-20)
(-0.195306 -1.91966e-05 0)
(-0.194394 -0.000503252 0)
(-0.193669 -0.000220052 0)
(-0.193344 -2.89472e-05 0)
(-0.192686 2.55714e-05 0)
(-0.192585 4.99197e-05 -5.33848e-20)
(-0.192148 0.000116677 0)
(-0.191683 0.000155368 -5.5257e-20)
(-0.191425 0.000181858 0)
(-0.190879 0.000283235 0)
(-0.190231 0.000280175 0)
(-0.189927 0.000406349 0)
(-0.189292 0.00077122 0)
(-0.189069 0.000842121 6.04854e-20)
(-0.188698 0.000603433 0)
(-0.188612 0.000465407 0)
(-0.18785 0.000458447 -6.36138e-20)
(-0.186648 0.000381555 0)
(-0.186125 0.000299914 0)
(-0.185556 0.00031163 0)
(-0.184545 0.000280001 6.84529e-20)
(-0.1833 0.000428155 0)
(-0.181681 0.000495021 0)
(-0.180508 0.000457535 0)
(-0.178668 0.000506689 0)
(-0.176797 0.000418333 -7.6471e-20)
(-0.1746 0.000533886 0)
(-0.171259 0.0007457 0)
(-0.167322 0.000794471 0)
(-0.163092 0.000920154 8.76382e-20)
(-0.155816 0.00104073 0)
(-0.148289 0.00186712 0)
(-0.123091 0.00210738 -1.08716e-19)
(-0.140938 0.00677849 6.01853e-36)
(-0.1692 0.0133573 1.25325e-17)
(-0.186886 0.0171765 2.35125e-17)
(-0.193129 0.0189141 2.27509e-17)
(-0.19699 0.019723 2.19319e-17)
(-0.20087 0.0203289 2.11838e-17)
(-0.205404 0.0210155 -2.02347e-17)
(-0.209669 0.0215043 -1.9519e-17)
(-0.213998 0.0218932 0)
(-0.217753 0.022019 -3.67787e-17)
(-0.219968 0.0221665 -1.80876e-17)
(-0.22458 0.0227074 6.92131e-34)
(-0.227449 0.0229009 -3.61112e-35)
(-0.231061 0.0233638 -3.22727e-17)
(-0.235457 0.023951 -3.06574e-17)
(-0.242439 0.024798 -2.84657e-17)
(-0.249624 0.0254569 0)
(-0.256932 0.0260733 4.94035e-17)
(-0.263949 0.0266497 2.26469e-17)
(-0.272775 0.0274473 1.20371e-35)
(-0.282668 0.028357 -3.48621e-17)
(-0.291228 0.0290019 -1.58562e-20)
(-0.300798 0.0295572 -6.01853e-36)
(-0.305379 0.0305115 1.34129e-17)
(-0.332965 0.0321995 -7.62535e-18)
)
;
    }
    lowerWall
    {
        type            calculated;
        value           nonuniform List<vector> 
250
(
(-0.653909 0.466638 0)
(-1.14095 0.204678 0)
(-1.03492 0.0379587 0)
(-0.869573 -0.000935948 0)
(-0.786941 -0.00419157 0)
(-0.746063 -0.00160776 0)
(-0.719879 0.000416318 0)
(-0.700647 -0.00065163 0)
(-0.685092 -0.00405586 0)
(-0.671322 -0.00471211 0)
(-0.658939 -0.00298804 0)
(-0.647728 -0.000863912 0)
(-0.637527 0.00142674 0)
(-0.628203 0.00210494 0)
(-0.619339 0.00136906 0)
(-0.611546 0.0013608 0)
(-0.604629 0.00169734 0)
(-0.605094 0.00196515 0)
(-0.00423783 -0.0229236 0)
(-0.00277735 -0.0177626 0)
(-0.000722327 -0.0145849 0)
(0.00188902 -0.0138568 9.00356e-20)
(0.00521223 -0.0152352 -7.85498e-20)
(0.00890023 -0.0208358 6.2854e-20)
(0.0126652 -0.020004 -4.85089e-20)
(0.0256527 -0.0632424 0)
(-0.0838683 -0.144678 0)
(0.000881351 -0.00384583 0)
(-0.00766459 0.00953068 0)
(-0.00852274 0.0328174 0)
(-0.00255814 0.0448683 0)
(0.0029474 0.0442894 1.82187e-20)
(0.00617843 0.0360974 -1.89578e-20)
(0.0081832 0.024201 0)
(0.00945671 0.0102027 -5.41615e-20)
(0.00943144 -0.00400053 6.11403e-20)
(0.00793578 -0.0173812 0)
(0.00614401 -0.0291558 0)
(0.00438435 -0.038527 0)
(0.0026896 -0.0451084 0)
(0.00098878 -0.0488521 0)
(-0.000882213 -0.0494933 0)
(-0.00281719 -0.0463932 0)
(-0.00437482 -0.0399009 0)
(-0.00490468 -0.0308374 0)
(0.00132961 -0.00151737 0)
(0.00134204 0.00652748 0)
(-0.00450622 0.00962126 0)
(-0.00959604 0.00976102 0)
(-0.0133845 0.00830488 0)
(-0.0158933 0.00624067 0)
(-0.0172708 0.00410262 1.49511e-21)
(-0.0177913 0.00201054 -1.52656e-21)
(-0.017342 -3.29701e-06 0)
(-0.016066 -0.0016842 -1.65213e-21)
(-0.0142011 -0.00283796 0)
(-0.0120618 -0.00329969 0)
(-0.010059 -0.00304108 -0)
(-0.00855763 -0.00228516 2.56933e-21)
(-0.0076188 -0.0014248 0)
(-0.00694118 -0.000812152 0)
(-0.0061265 -0.000612439 -3.37547e-21)
(-0.00500306 -0.000979645 0)
(-0.00343041 -0.00235058 0)
(-0.000536586 -0.00503656 0)
(0.00432416 -0.00739946 3.04718e-21)
(0.00991074 -0.00889227 0)
(0.0158127 -0.00985113 1.47133e-21)
(0.0218613 -0.0106155 0)
(0.0280664 -0.0112686 -0)
(0.0343782 -0.0115162 8.45104e-22)
(0.0405133 -0.0113575 0)
(0.0491051 -0.0116032 -7.53971e-22)
(0.0588964 -0.0117566 -0)
(0.0685926 -0.0115851 7.70627e-22)
(0.0780043 -0.0111721 0)
(0.0869803 -0.0105875 0)
(0.0954277 -0.00989355 0)
(0.103288 -0.00914004 -0)
(0.110538 -0.00836396 0)
(0.117174 -0.00759252 -8.11099e-22)
(0.123209 -0.00684304 -0)
(0.128667 -0.00612499 1.63299e-21)
(0.133574 -0.00544254 0)
(0.137958 -0.00479592 -1.63486e-21)
(0.141845 -0.00418354 -0)
(0.145259 -0.00360273 -0)
(0.14822 -0.00305068 1.62097e-21)
(0.150747 -0.0025251 0)
(0.152854 -0.00202494 1.60075e-21)
(0.154552 -0.00155103 -1.58744e-21)
(0.155855 -0.00110692 -0)
(0.156774 -0.000699398 -1.55483e-21)
(0.157321 -0.000338223 -1.5358e-21)
(0.157507 -4.01077e-05 -0)
(0.157402 0.00019457 0)
(0.15707 0.00039138 0)
(0.156516 0.000568035 0)
(0.155755 0.000730954 -0)
(0.154795 0.000884016 1.37574e-21)
(0.153643 0.00102814 0)
(0.152307 0.0011639 -1.30697e-21)
(0.150794 0.00129155 -0)
(0.149111 0.00141114 -0)
(0.147266 0.0015227 1.19052e-21)
(0.145267 0.00162629 0)
(0.143121 0.00172179 -1.10482e-21)
(0.140838 0.00180915 -0)
(0.138425 0.00188842 0)
(0.135891 0.00195967 -0)
(0.133245 0.00202293 9.16808e-22)
(0.130497 0.00207827 0)
(0.127655 0.00212578 -0)
(0.124729 0.00216564 7.63772e-22)
(0.121728 0.0021981 0)
(0.118661 0.00222332 6.57243e-22)
(0.115538 0.00224144 0)
(0.112367 0.00225289 0)
(0.109157 0.00225792 0)
(0.105916 0.00225668 -4.36174e-22)
(0.102653 0.00224956 -0)
(0.0993771 0.00223691 0)
(0.0960946 0.00221903 -2.65577e-22)
(0.0928134 0.00219627 -2.08127e-22)
(0.0895406 0.0021689 -0)
(0.0862832 0.00213727 -9.26589e-23)
(0.0830473 0.00210181 -0)
(0.0798389 0.00206279 4.65958e-23)
(0.0766638 0.00202064 -0)
(0.0735268 0.00197583 2.79009e-22)
(0.0704329 0.00192879 0)
(0.0673863 0.00188021 -5.11683e-22)
(0.0643906 0.0018308 -0)
(0.0614492 0.00178151 0)
(0.0585647 0.00173373 -0)
(0.0557388 0.00168917 9.78429e-22)
(0.0529731 0.00164987 0)
(0.0502678 0.00161804 -1.21386e-21)
(0.0476218 0.00159478 0)
(0.0457836 0.00160344 1.47563e-21)
(0.0442414 0.00162097 1.63414e-21)
(0.0427023 0.0016259 1.79905e-21)
(0.041175 0.00161299 0)
(0.0396647 0.00158966 0)
(0.038171 0.00156399 0)
(0.0366928 0.00153818 0)
(0.0352299 0.00151247 0)
(0.0337828 0.00148684 0)
(0.0323519 0.00146138 0)
(0.0309378 0.00143615 0)
(0.0295409 0.00141131 -3.69181e-21)
(0.0281616 0.00138711 -3.96745e-21)
(0.0268 0.0013637 0)
(0.0254561 0.00134071 0)
(0.0241307 0.00131665 0)
(0.0228249 0.00129174 -5.26737e-21)
(0.0215388 0.00126753 0)
(0.0202723 0.00124389 0)
(0.0190252 0.00122083 0)
(0.0177979 0.00119839 0)
(0.0165903 0.00117665 7.53591e-21)
(0.0154025 0.00115569 0)
(0.0142343 0.00113561 0)
(0.0130858 0.00111649 -9.45466e-21)
(0.0119568 0.00109837 1.02322e-20)
(0.0108473 0.00108136 0)
(0.0097572 0.00106573 1.20684e-20)
(0.00868643 0.00105214 0)
(0.00763462 0.00104176 -1.44066e-20)
(0.00660108 0.00103487 0)
(0.00558551 0.00103047 0)
(0.00458785 0.00102825 0)
(0.00360763 0.00102854 0)
(0.00264448 0.00103157 0)
(0.00169879 0.0010373 5.57061e-20)
(0.000772093 0.00104289 6.42146e-20)
(-0.000137655 0.00103021 0)
(-0.00103489 0.000987411 0)
(-0.00191667 0.000935034 0)
(-0.00278295 0.000885551 -5.28936e-20)
(-0.00363363 0.000840635 0)
(-0.00446851 0.000799891 0)
(-0.00528796 0.000762834 0)
(-0.00609259 0.000728963 -4.04187e-20)
(-0.00688293 0.00069782 3.83683e-20)
(-0.00765949 0.000669031 0)
(-0.00842274 0.000642284 0)
(-0.0091731 0.00061734 3.36202e-20)
(-0.00991107 0.000593997 3.23797e-20)
(-0.010637 0.000572093 0)
(-0.0113514 0.000551494 0)
(-0.0120546 0.00053208 -2.93544e-20)
(-0.0127471 0.000513761 2.85266e-20)
(-0.0134294 0.000496454 0)
(-0.0141017 0.000480086 0)
(-0.0147646 0.000464599 2.64367e-20)
(-0.0154185 0.00044994 0)
(-0.0160639 0.000436061 0)
(-0.0167011 0.000422924 2.47912e-20)
(-0.0173307 0.00041049 0)
(-0.0179531 0.000398725 2.38751e-20)
(-0.0185687 0.000387601 0)
(-0.0191781 0.000377085 0)
(-0.0197817 0.000367147 0)
(-0.0203799 0.00035775 -2.23591e-20)
(-0.0209732 0.000348867 0)
(-0.0215621 0.000340451 0)
(-0.0221467 0.000332474 0)
(-0.0227278 0.000324828 0)
(-0.023305 0.00031745 0)
(-0.0238788 0.000310259 0)
(-0.0244489 0.000303063 -2.03858e-20)
(-0.0250149 0.000295701 -2.01554e-20)
(-0.0255761 0.00028788 0)
(-0.026131 0.000279198 0)
(-0.0266772 0.000269149 0)
(-0.0272114 0.000257016 1.93606e-20)
(-0.0277287 0.000241558 0)
(-0.0282207 0.00022132 -3.81352e-20)
(-0.0286776 0.000192269 3.79288e-20)
(-0.0290708 0.000152646 3.78197e-20)
(-0.029402 7.78982e-05 -3.78583e-20)
(-0.0294837 -3.93749e-05 3.80454e-20)
(-0.0295085 -0.000356544 -3.83976e-20)
(-0.0279738 -0.000616892 0)
(-0.0293464 -0.000516234 -2.43317e-18)
(-0.0327701 -0.00134242 -2.26976e-18)
(-0.0364139 -0.00203341 -3.00927e-36)
(-0.0395347 -0.00257612 -4.06087e-18)
(-0.0424847 -0.00301864 -7.75782e-18)
(-0.0455571 -0.00342181 -3.71955e-18)
(-0.0487818 -0.0038184 3.56826e-18)
(-0.0521123 -0.00430643 -6.62038e-35)
(-0.0556012 -0.00472356 3.00927e-36)
(-0.0593125 -0.00502719 3.15129e-18)
(-0.0632392 -0.00544635 3.03032e-18)
(-0.0674404 -0.00587689 0)
(-0.0719328 -0.00626951 0)
(-0.0767522 -0.0067089 0)
(-0.0819438 -0.00719805 -7.90402e-35)
(-0.0875605 -0.00773825 3.34781e-35)
(-0.0936748 -0.00833928 1.47454e-34)
(-0.100342 -0.00900392 -4.15805e-18)
(-0.107702 -0.00972589 -3.81233e-18)
(-0.116765 -0.0106205 6.01853e-36)
(-0.12758 -0.0116247 6.13699e-18)
(-0.138432 -0.012732 1.03496e-17)
(-0.153656 -0.0139257 0)
(-0.162855 -0.0152929 -5.09833e-18)
(-0.191968 -0.0169808 -3.00927e-36)
)
;
    }
    frontAndBack
    {
        type            empty;
    }
}


// ************************************************************************* //
