/*--------------------------------*- C++ -*----------------------------------*\
  =========                 |
  \\      /  F ield         | OpenFOAM: The Open Source CFD Toolbox
   \\    /   O peration     | Website:  https://openfoam.org
    \\  /    A nd           | Version:  8
     \\/     M anipulation  |
\*---------------------------------------------------------------------------*/
FoamFile
{
    version     2.0;
    format      ascii;
    class       volVectorField;
    location    "4800";
    object      wallShearStress;
}
// * * * * * * * * * * * * * * * * * * * * * * * * * * * * * * * * * * * * * //

dimensions      [0 2 -2 0 0 0 0];

internalField   uniform (0 0 0);

boundaryField
{
    inlet
    {
        type            calculated;
        value           uniform (0 0 0);
    }
    outlet
    {
        type            calculated;
        value           uniform (0 0 0);
    }
    upperWall
    {
        type            calculated;
        value           nonuniform List<vector> 
223
(
(-0.582193 -0.392359 0)
(-0.977814 -0.219377 0)
(-0.939336 -0.0567747 0)
(-0.81071 -0.00585788 0)
(-0.734594 0.00331369 0)
(-0.695452 0.00231539 0)
(-0.67094 0.000424309 0)
(-0.6535 -0.00144896 0)
(-0.640541 -0.00256685 0)
(-0.629801 -0.00217397 0)
(-0.620128 -0.0013462 0)
(-0.610876 -0.000985211 0)
(-0.603119 -0.00163208 0)
(-0.597043 -0.00155397 0)
(-0.590603 0.000492322 0)
(-0.584434 0.000986319 0)
(-0.579778 -0.000241674 0)
(-0.575269 0.000870876 0)
(-0.570772 0.00263074 0)
(-0.567432 0.00184028 4.23331e-22)
(-0.564756 0.00123549 0)
(-0.561951 0.00280868 0)
(-0.558577 0.00308041 0)
(-0.55551 0.00260441 4.46783e-22)
(-0.552861 0.00288849 0)
(-0.550045 0.00332084 0)
(-0.547175 0.0035277 0)
(-0.544236 0.00352742 -9.38421e-22)
(-0.541363 0.00306558 9.46603e-22)
(-0.538646 0.00261293 9.56993e-22)
(-0.535974 0.00248509 0)
(-0.533262 0.00219321 -9.78944e-22)
(-0.530613 0.00193274 0)
(-0.527978 0.00173296 1.00189e-21)
(-0.525334 0.00156361 1.01394e-21)
(-0.522682 0.00143371 -1.02648e-21)
(-0.520011 0.0013294 0)
(-0.517324 0.00124719 0)
(-0.514617 0.00118383 0)
(-0.511887 0.00113556 0)
(-0.509129 0.00109923 -1.09109e-21)
(-0.506342 0.00107239 0)
(-0.503524 0.00105341 0)
(-0.50067 0.00104097 1.13117e-21)
(-0.497778 0.00103385 0)
(-0.494845 0.00103128 1.15763e-21)
(-0.491867 0.0010325 -1.17061e-21)
(-0.488842 0.00103676 1.18336e-21)
(-0.485765 0.00104372 0)
(-0.482635 0.00105209 0)
(-0.479449 0.00106108 0)
(-0.476211 0.00106961 1.23087e-21)
(-0.472925 0.00107658 -1.24153e-21)
(-0.469603 0.00108209 0)
(-0.46626 0.00108726 0)
(-0.462911 0.00109265 0)
(-0.459566 0.00109731 0)
(-0.456232 0.00110004 0)
(-0.452908 0.00110019 0)
(-0.44959 0.00109779 0)
(-0.44627 0.00109351 0)
(-0.442938 0.00108838 1.29209e-21)
(-0.439584 0.00108358 -1.29187e-21)
(-0.436194 0.00107989 0)
(-0.432761 0.00107793 0)
(-0.429271 0.00107806 0)
(-0.425716 0.00108027 -1.27849e-21)
(-0.422088 0.0010844 0)
(-0.418381 0.0010902 0)
(-0.414587 0.00109734 0)
(-0.410704 0.00110532 0)
(-0.406728 0.00111376 0)
(-0.402655 0.0011222 -2.43458e-21)
(-0.398487 0.00113 0)
(-0.394224 0.00113664 0)
(-0.389868 0.00114164 0)
(-0.385427 0.00114476 0)
(-0.380907 0.00114591 0)
(-0.376322 0.00114495 0)
(-0.371683 0.00114159 0)
(-0.367001 0.00113553 2.09548e-21)
(-0.362288 0.00112674 0)
(-0.357551 0.00111515 0)
(-0.352795 0.00110119 0)
(-0.348022 0.00108539 -1.83979e-21)
(-0.343231 0.00106823 0)
(-0.338422 0.00105034 -1.69035e-21)
(-0.333591 0.00103243 0)
(-0.328731 0.00101537 0)
(-0.323837 0.000999875 0)
(-0.319025 0.000992046 -1.35111e-21)
(-0.316384 0.00100115 0)
(-0.31366 0.00101504 1.18062e-21)
(-0.310855 0.00102971 1.08991e-21)
(-0.307975 0.00104289 0)
(-0.305031 0.00105379 8.96203e-22)
(-0.302033 0.00106256 0)
(-0.298996 0.00106992 0)
(-0.295935 0.00107687 0)
(-0.292863 0.00108463 -4.54733e-22)
(-0.289795 0.00109269 0)
(-0.286744 0.00110225 -2.05319e-22)
(-0.283722 0.00110764 7.32887e-23)
(-0.28074 0.00111602 0)
(-0.277807 0.00110739 0)
(-0.274926 0.00109475 0)
(-0.272114 0.00111113 0)
(-0.269365 0.00110827 0)
(-0.266687 0.00100705 0)
(-0.264124 0.000886513 0)
(-0.261539 0.000920768 1.15351e-21)
(-0.259178 0.00107309 0)
(-0.256963 0.000988844 0)
(-0.254799 0.00132684 0)
(-0.252838 0.00157345 0)
(-0.250918 0.00129085 0)
(-0.248928 0.00112428 0)
(-0.247095 0.000524445 0)
(-0.244904 0.000282215 0)
(-0.242922 0.000530915 0)
(-0.240987 0.000979718 0)
(-0.239282 0.00128094 0)
(-0.23747 0.00117888 0)
(-0.235824 0.000645886 7.13414e-21)
(-0.233718 0.000190124 0)
(-0.232018 0.000323523 0)
(-0.230018 0.000875488 0)
(-0.228638 0.000748148 -8.77724e-21)
(-0.226969 2.03078e-05 0)
(-0.22534 0.000123904 0)
(-0.224153 0.000310108 -1.0083e-20)
(-0.222682 0.000360441 0)
(-0.221367 0.000446849 1.09254e-20)
(-0.220044 0.000538286 0)
(-0.218575 0.000461893 0)
(-0.21748 0.000478826 0)
(-0.216236 0.000486628 -1.26003e-20)
(-0.215009 0.000411068 0)
(-0.213745 0.00043612 1.3454e-20)
(-0.212728 0.00056722 0)
(-0.211717 0.000565241 0)
(-0.210659 0.000633457 0)
(-0.209611 0.000671781 0)
(-0.208538 0.000872598 0)
(-0.207936 0.00111151 0)
(-0.207419 0.000886758 0)
(-0.20692 0.000815695 0)
(-0.206019 0.000233205 0)
(-0.204541 -0.000399965 0)
(-0.203426 -0.000225865 0)
(-0.202436 9.92284e-05 1.8592e-20)
(-0.201951 0.000202726 -1.89165e-20)
(-0.20134 0.000344072 0)
(-0.200712 0.00046952 0)
(-0.200017 0.0007202 0)
(-0.199875 0.000676103 0)
(-0.199532 0.000497959 -2.0832e-20)
(-0.199179 0.000681849 2.12127e-20)
(-0.198474 0.00056136 -2.17099e-20)
(-0.198273 -6.46572e-05 0)
(-0.197066 -0.000489565 -2.27556e-20)
(-0.196329 -0.000195699 -4.62732e-20)
(-0.195624 -3.57767e-05 0)
(-0.195388 -2.0416e-05 -4.76174e-20)
(-0.195185 5.94762e-05 4.84081e-20)
(-0.194486 0.000219113 0)
(-0.194167 0.000233013 0)
(-0.193968 0.000280834 0)
(-0.193427 0.000681947 0)
(-0.193123 0.000717046 0)
(-0.19297 0.000531619 -5.32313e-20)
(-0.193117 0.000539039 0)
(-0.192879 0.000423949 -5.47731e-20)
(-0.192574 0.000416069 0)
(-0.191866 -1.77467e-05 0)
(-0.190743 -0.000376533 0)
(-0.189714 -0.00013667 0)
(-0.188804 9.24122e-06 0)
(-0.188558 8.46731e-05 6.0871e-20)
(-0.187789 8.35864e-05 0)
(-0.187634 0.000245532 0)
(-0.18656 0.000407424 -6.42319e-20)
(-0.185683 0.000573402 0)
(-0.184941 0.000395912 0)
(-0.183715 8.48001e-05 0)
(-0.182371 0.000242969 6.94507e-20)
(-0.181051 0.000371845 0)
(-0.180061 0.00050787 0)
(-0.178854 0.000735378 0)
(-0.177353 0.000825986 0)
(-0.175674 0.00045041 -7.67712e-20)
(-0.172905 0.000266122 0)
(-0.1695 0.00048395 0)
(-0.166144 0.000769105 0)
(-0.161039 0.00109494 8.90102e-20)
(-0.154321 0.00152844 0)
(-0.147885 0.0025515 0)
(-0.123506 0.00243981 -1.07395e-19)
(-0.141465 0.00678009 0)
(-0.169622 0.0132817 1.25289e-17)
(-0.186966 0.0171175 2.35679e-17)
(-0.19344 0.0188814 2.27104e-17)
(-0.196974 0.0196977 2.19827e-17)
(-0.200971 0.0203251 2.11751e-17)
(-0.205433 0.0210146 -2.0256e-17)
(-0.209683 0.0215264 -1.95317e-17)
(-0.213881 0.0218785 -6.01853e-36)
(-0.218118 0.0220234 -3.66616e-17)
(-0.220255 0.0221862 -1.80761e-17)
(-0.224718 0.0227243 7.16205e-34)
(-0.227538 0.0229067 -2.40741e-35)
(-0.231075 0.0233654 -3.22777e-17)
(-0.235356 0.0239368 -3.06844e-17)
(-0.242351 0.0247801 -2.84649e-17)
(-0.249528 0.0254455 -4.81482e-35)
(-0.25687 0.0260688 4.94026e-17)
(-0.263918 0.0266484 2.26457e-17)
(-0.27276 0.0274472 0)
(-0.282664 0.028358 -3.48613e-17)
(-0.291222 0.0290001 -1.58059e-20)
(-0.300888 0.0295784 -3.00927e-36)
(-0.304443 0.0304173 1.3485e-17)
(-0.332567 0.0321502 -7.6288e-18)
)
;
    }
    lowerWall
    {
        type            calculated;
        value           nonuniform List<vector> 
250
(
(-0.653909 0.466638 0)
(-1.14095 0.204678 0)
(-1.03492 0.0379587 0)
(-0.869573 -0.000935979 0)
(-0.786941 -0.00419162 0)
(-0.746063 -0.00160782 0)
(-0.719878 0.00041618 0)
(-0.700645 -0.000651811 0)
(-0.685088 -0.00405596 0)
(-0.671318 -0.00471221 0)
(-0.658933 -0.00298822 0)
(-0.64772 -0.000864232 0)
(-0.637517 0.00142607 0)
(-0.628189 0.00210387 0)
(-0.61932 0.00136795 0)
(-0.611521 0.0013575 0)
(-0.60458 0.00169582 0)
(-0.605068 0.0019431 0)
(-0.00426044 -0.0228578 0)
(-0.00275886 -0.0176424 0)
(-0.000676891 -0.0144931 0)
(0.00194469 -0.0137776 9.0232e-20)
(0.00526912 -0.0151981 -7.86244e-20)
(0.00896187 -0.0208211 6.28536e-20)
(0.0127403 -0.0200861 -4.84771e-20)
(0.0256281 -0.0633147 0)
(-0.0840635 -0.144715 0)
(0.000872596 -0.0038406 0)
(-0.00766533 0.00954665 0)
(-0.00851611 0.0328214 0)
(-0.00254945 0.044855 0)
(0.00295331 0.0442615 1.82233e-20)
(0.00618269 0.036063 -1.89669e-20)
(0.00818717 0.024161 0)
(0.00946046 0.0101605 -5.42326e-20)
(0.00943163 -0.00404259 6.11474e-20)
(0.00793319 -0.0174226 0)
(0.00614117 -0.0291952 0)
(0.00438165 -0.0385629 0)
(0.00268713 -0.0451398 0)
(0.000985986 -0.0488797 0)
(-0.000885197 -0.0495149 0)
(-0.00282057 -0.0464084 0)
(-0.00437907 -0.0399029 0)
(-0.00492623 -0.0308268 0)
(0.00132864 -0.00151218 0)
(0.00133797 0.00652723 0)
(-0.00450921 0.00961857 0)
(-0.00959716 0.00975646 0)
(-0.0133831 0.00829947 0)
(-0.0158893 0.00623517 0)
(-0.0172643 0.00409759 1.49582e-21)
(-0.017783 0.00200606 -1.52742e-21)
(-0.0173314 -7.0644e-06 0)
(-0.0160539 -0.00168632 -1.65317e-21)
(-0.0141884 -0.00283761 0)
(-0.0120503 -0.0032965 0)
(-0.0100506 -0.00303592 -0)
(-0.00855299 -0.0022803 2.57044e-21)
(-0.00761632 -0.00142307 0)
(-0.00693803 -0.000815868 0)
(-0.00612051 -0.000623437 -3.37841e-21)
(-0.0049929 -0.00100047 0)
(-0.0034085 -0.00238594 0)
(-0.00048859 -0.00505757 0)
(0.00436076 -0.00740363 3.03326e-21)
(0.00994572 -0.00889515 0)
(0.0158467 -0.00984995 1.46922e-21)
(0.0218921 -0.0106169 0)
(0.0280979 -0.0112689 -0)
(0.0344083 -0.0115143 8.44737e-22)
(0.0405409 -0.0113547 0)
(0.0491487 -0.0116032 -7.54073e-22)
(0.0589387 -0.0117553 -0)
(0.0686331 -0.0115828 7.70734e-22)
(0.078042 -0.011169 0)
(0.087015 -0.0105841 0)
(0.0954593 -0.00989006 0)
(0.103317 -0.00913659 -0)
(0.110564 -0.00836068 0)
(0.117197 -0.00758955 -8.11183e-22)
(0.12323 -0.00684044 -0)
(0.128686 -0.00612272 1.63314e-21)
(0.133591 -0.00544038 0)
(0.137973 -0.00479416 -1.63502e-21)
(0.141859 -0.00418209 -0)
(0.145271 -0.00360142 -0)
(0.148232 -0.00304949 1.62111e-21)
(0.150758 -0.0025241 0)
(0.152864 -0.00202411 1.60089e-21)
(0.154561 -0.00155029 -1.58758e-21)
(0.155863 -0.00110633 -0)
(0.156782 -0.000698892 -1.55496e-21)
(0.157328 -0.000337802 -1.53593e-21)
(0.157514 -3.98384e-05 -0)
(0.157409 0.000194715 0)
(0.157077 0.000391578 0)
(0.156523 0.000568221 0)
(0.155762 0.000731059 -0)
(0.154801 0.000884187 1.37586e-21)
(0.153649 0.00102831 0)
(0.152313 0.00116407 -1.30708e-21)
(0.150799 0.00129166 -0)
(0.149117 0.00141125 -0)
(0.147272 0.00152289 1.19063e-21)
(0.145272 0.00162642 0)
(0.143127 0.00172193 -1.10493e-21)
(0.140843 0.00180937 -0)
(0.13843 0.00188866 0)
(0.135896 0.00195988 -0)
(0.13325 0.00202316 9.16911e-22)
(0.130502 0.00207853 0)
(0.12766 0.00212609 -0)
(0.124734 0.00216605 7.6387e-22)
(0.121733 0.00219855 0)
(0.118666 0.00222376 6.57337e-22)
(0.115542 0.00224197 0)
(0.11237 0.00225341 0)
(0.10916 0.00225833 0)
(0.105919 0.00225692 -4.36256e-22)
(0.102657 0.0022495 -0)
(0.0993802 0.00223645 0)
(0.0960974 0.00221798 -2.65657e-22)
(0.0928166 0.00219469 -2.08214e-22)
(0.0895444 0.00216728 -0)
(0.0862873 0.00213637 -9.27565e-23)
(0.0830518 0.0021025 -0)
(0.0798429 0.00206561 4.64461e-23)
(0.0766661 0.00202474 -0)
(0.0735272 0.00197851 2.78836e-22)
(0.0704325 0.00192739 0)
(0.0673878 0.0018751 -5.11333e-22)
(0.0643951 0.00182633 -0)
(0.0614546 0.00178211 0)
(0.0585675 0.00173812 -0)
(0.055739 0.00169088 9.78186e-22)
(0.0529743 0.00164762 0)
(0.0502708 0.00161732 -1.21373e-21)
(0.0476239 0.00159586 0)
(0.0457845 0.00160328 1.47537e-21)
(0.0442426 0.00162075 1.63392e-21)
(0.0427035 0.00162603 1.79881e-21)
(0.0411761 0.00161292 0)
(0.0396658 0.00158969 0)
(0.0381721 0.00156398 0)
(0.0366939 0.00153818 0)
(0.035231 0.00151246 0)
(0.0337839 0.00148684 0)
(0.0323531 0.00146137 0)
(0.0309389 0.00143615 0)
(0.029542 0.00141133 -3.69143e-21)
(0.0281626 0.00138713 -3.96705e-21)
(0.0268009 0.00136369 0)
(0.025457 0.00134071 0)
(0.0241316 0.00131664 0)
(0.0228259 0.00129174 -5.26688e-21)
(0.0215398 0.00126753 0)
(0.0202732 0.00124389 0)
(0.0190261 0.00122083 0)
(0.0177988 0.00119839 0)
(0.0165912 0.00117666 7.5352e-21)
(0.0154034 0.0011557 0)
(0.0142352 0.00113561 0)
(0.0130867 0.0011165 -9.45376e-21)
(0.0119577 0.00109838 1.02312e-20)
(0.0108481 0.00108137 0)
(0.00975799 0.00106575 1.20672e-20)
(0.00868721 0.00105216 0)
(0.00763538 0.00104178 -1.44051e-20)
(0.00660181 0.00103489 0)
(0.00558623 0.00103048 0)
(0.00458853 0.00102826 0)
(0.00360831 0.00102855 0)
(0.00264512 0.00103158 0)
(0.0016994 0.0010373 5.56986e-20)
(0.000772674 0.00104288 6.42056e-20)
(-0.000137096 0.00103021 0)
(-0.00103434 0.000987434 0)
(-0.00191613 0.000935054 0)
(-0.00278242 0.00088556 -5.28954e-20)
(-0.0036331 0.000840638 0)
(-0.00446798 0.000799888 0)
(-0.00528744 0.000762823 0)
(-0.00609206 0.000728945 -4.04193e-20)
(-0.00688239 0.000697799 3.83689e-20)
(-0.00765895 0.000669002 0)
(-0.00842218 0.00064225 0)
(-0.00917255 0.000617304 3.36204e-20)
(-0.00991049 0.000593958 3.23799e-20)
(-0.0106364 0.000572051 0)
(-0.0113508 0.000551445 0)
(-0.012054 0.000532031 -2.93544e-20)
(-0.0127465 0.000513715 2.85266e-20)
(-0.0134287 0.000496408 0)
(-0.014101 0.000480041 0)
(-0.0147638 0.000464557 2.64367e-20)
(-0.0154177 0.000449901 0)
(-0.016063 0.000436027 0)
(-0.0167002 0.000422892 2.47912e-20)
(-0.0173297 0.000410462 0)
(-0.0179521 0.000398702 2.38751e-20)
(-0.0185677 0.000387578 0)
(-0.019177 0.000377063 0)
(-0.0197806 0.000367125 0)
(-0.0203788 0.000357733 -2.23593e-20)
(-0.0209722 0.000348851 0)
(-0.021561 0.000340429 0)
(-0.0221457 0.000332452 0)
(-0.0227268 0.000324804 0)
(-0.0233039 0.000317425 0)
(-0.0238778 0.000310233 0)
(-0.0244479 0.000303053 -2.03861e-20)
(-0.0250141 0.000295674 -2.01557e-20)
(-0.0255751 0.000287834 0)
(-0.02613 0.000279169 0)
(-0.0266761 0.000269136 0)
(-0.0272105 0.000256987 1.93609e-20)
(-0.0277277 0.000241513 0)
(-0.0282197 0.000221293 -3.81356e-20)
(-0.0286766 0.000192227 3.79294e-20)
(-0.0290695 0.000152606 3.78203e-20)
(-0.0294008 7.78759e-05 -3.78587e-20)
(-0.0294825 -3.94098e-05 3.80458e-20)
(-0.029507 -0.000356553 -3.8398e-20)
(-0.0279726 -0.000616876 0)
(-0.0293451 -0.000516207 -2.43319e-18)
(-0.0327688 -0.00134236 -2.26976e-18)
(-0.0364123 -0.00203333 -3.00927e-36)
(-0.0395332 -0.00257599 -4.06087e-18)
(-0.0424832 -0.00301854 -7.75782e-18)
(-0.0455556 -0.0034218 -3.71958e-18)
(-0.0487798 -0.00381844 3.56817e-18)
(-0.0521106 -0.00430676 -1.80556e-35)
(-0.0556 -0.00472257 0)
(-0.0593127 -0.00503005 3.15015e-18)
(-0.0632253 -0.00544444 3.03439e-18)
(-0.0674314 -0.00586865 -3.00927e-36)
(-0.0719251 -0.00626762 0)
(-0.0767454 -0.00670969 0)
(-0.0819381 -0.00719939 -1.43128e-34)
(-0.0875554 -0.00773947 -1.06453e-34)
(-0.0936704 -0.00833999 1.56482e-34)
(-0.100338 -0.00900418 -4.15791e-18)
(-0.107699 -0.0097259 -3.81221e-18)
(-0.116761 -0.0106202 6.01853e-36)
(-0.127576 -0.0116244 6.13676e-18)
(-0.138428 -0.0127318 1.03492e-17)
(-0.153652 -0.0139256 -1.20371e-35)
(-0.162851 -0.0152929 -5.098e-18)
(-0.191965 -0.0169809 -4.21297e-35)
)
;
    }
    frontAndBack
    {
        type            empty;
    }
}


// ************************************************************************* //
