/*--------------------------------*- C++ -*----------------------------------*\
  =========                 |
  \\      /  F ield         | OpenFOAM: The Open Source CFD Toolbox
   \\    /   O peration     | Website:  https://openfoam.org
    \\  /    A nd           | Version:  8
     \\/     M anipulation  |
\*---------------------------------------------------------------------------*/
FoamFile
{
    version     2.0;
    format      ascii;
    class       volVectorField;
    location    "3100";
    object      wallShearStress;
}
// * * * * * * * * * * * * * * * * * * * * * * * * * * * * * * * * * * * * * //

dimensions      [0 2 -2 0 0 0 0];

internalField   uniform (0 0 0);

boundaryField
{
    inlet
    {
        type            calculated;
        value           uniform (0 0 0);
    }
    outlet
    {
        type            calculated;
        value           uniform (0 0 0);
    }
    upperWall
    {
        type            calculated;
        value           nonuniform List<vector> 
223
(
(-0.582193 -0.392359 0)
(-0.977814 -0.219377 0)
(-0.939335 -0.0567746 0)
(-0.81071 -0.00585788 0)
(-0.734594 0.00331366 0)
(-0.695452 0.00231537 0)
(-0.67094 0.000424086 0)
(-0.653508 -0.00144907 0)
(-0.640533 -0.00256382 0)
(-0.629819 -0.00218244 0)
(-0.620063 -0.00131141 0)
(-0.610955 -0.00108353 0)
(-0.603068 -0.00141058 0)
(-0.596128 -0.00113888 0)
(-0.590229 -0.000828766 0)
(-0.585437 -0.000755752 0)
(-0.580234 0.000753754 0)
(-0.574816 0.002749 0)
(-0.570787 0.00183734 0)
(-0.567966 0.00149054 4.23045e-22)
(-0.564783 0.00318186 0)
(-0.561363 0.00293714 0)
(-0.558327 0.00230469 0)
(-0.555556 0.0022221 4.46154e-22)
(-0.552844 0.00233297 0)
(-0.550125 0.00330496 0)
(-0.547032 0.00386686 0)
(-0.544025 0.00358809 -9.37898e-22)
(-0.541248 0.00309879 9.47549e-22)
(-0.538553 0.00299716 9.58455e-22)
(-0.535798 0.00267233 0)
(-0.53314 0.00233828 -9.79389e-22)
(-0.530509 0.00205427 0)
(-0.527888 0.00182854 1.00236e-21)
(-0.525259 0.00163864 1.01438e-21)
(-0.522618 0.00149384 -1.0269e-21)
(-0.519957 0.00137763 0)
(-0.517279 0.0012859 0)
(-0.51458 0.00121508 0)
(-0.511856 0.00116086 0)
(-0.509104 0.00111962 -1.09131e-21)
(-0.506322 0.00108891 0)
(-0.503506 0.00106674 0)
(-0.500655 0.00105151 1.13129e-21)
(-0.497766 0.00104221 0)
(-0.494835 0.00103785 1.1577e-21)
(-0.491859 0.00103766 -1.17066e-21)
(-0.488834 0.00104067 1.18339e-21)
(-0.485759 0.0010466 0)
(-0.482629 0.00105417 0)
(-0.479444 0.00106243 0)
(-0.476207 0.00107047 1.23084e-21)
(-0.472921 0.00107698 -1.2415e-21)
(-0.4696 0.00108214 0)
(-0.466257 0.00108708 0)
(-0.462908 0.00109219 0)
(-0.459564 0.00109668 0)
(-0.45623 0.00109934 0)
(-0.452906 0.00109939 0)
(-0.449588 0.00109692 0)
(-0.446269 0.00109262 0)
(-0.442937 0.00108742 1.29204e-21)
(-0.439583 0.00108261 -1.29181e-21)
(-0.436194 0.00107898 0)
(-0.43276 0.00107705 0)
(-0.42927 0.00107721 0)
(-0.425715 0.00107947 -1.27843e-21)
(-0.422088 0.00108364 0)
(-0.41838 0.00108949 0)
(-0.414587 0.00109663 0)
(-0.410704 0.00110472 0)
(-0.406727 0.00111326 0)
(-0.402655 0.0011217 -2.4345e-21)
(-0.398486 0.00112954 0)
(-0.394223 0.0011362 0)
(-0.389868 0.00114128 0)
(-0.385426 0.00114445 0)
(-0.380907 0.00114564 0)
(-0.376322 0.00114472 0)
(-0.371682 0.00114138 0)
(-0.367001 0.00113536 2.09544e-21)
(-0.362288 0.00112655 0)
(-0.357551 0.00111507 0)
(-0.352794 0.00110109 0)
(-0.348022 0.00108527 -1.83979e-21)
(-0.343231 0.00106816 0)
(-0.338422 0.00105028 -1.69036e-21)
(-0.33359 0.00103238 0)
(-0.328731 0.00101533 0)
(-0.323837 0.000999847 0)
(-0.319025 0.000992026 -1.35117e-21)
(-0.316384 0.00100114 0)
(-0.31366 0.00101503 1.1807e-21)
(-0.310855 0.0010297 1.09002e-21)
(-0.307975 0.00104289 0)
(-0.305031 0.00105379 8.96337e-22)
(-0.302033 0.00106255 0)
(-0.298997 0.00106984 0)
(-0.295935 0.00107701 0)
(-0.292864 0.00108433 -4.5495e-22)
(-0.289795 0.00109363 0)
(-0.286745 0.00110033 -2.05589e-22)
(-0.283722 0.00111293 7.36287e-23)
(-0.280743 0.00111702 0)
(-0.277805 0.00111634 0)
(-0.274933 0.00110981 0)
(-0.272115 0.00111686 0)
(-0.269381 0.00111832 0)
(-0.266738 0.00108932 0)
(-0.264088 0.00120263 0)
(-0.261715 0.00110445 1.14489e-21)
(-0.259165 0.00147139 0)
(-0.257207 0.0016123 0)
(-0.255064 0.00127387 0)
(-0.253206 0.00117038 0)
(-0.251261 0.0010654 0)
(-0.249343 0.00125784 0)
(-0.247374 0.000624169 0)
(-0.245033 -6.67347e-05 0)
(-0.242898 5.15128e-05 0)
(-0.240758 0.000260882 0)
(-0.238942 0.000380676 0)
(-0.23707 0.000467838 0)
(-0.235275 0.000542153 7.19858e-21)
(-0.233725 0.000530105 0)
(-0.232101 0.000505475 0)
(-0.230347 0.00044508 0)
(-0.228772 0.000454961 -8.8077e-21)
(-0.227313 0.000574498 0)
(-0.225975 0.000628186 0)
(-0.224602 0.000672918 -1.00249e-20)
(-0.223147 0.000585797 0)
(-0.221868 0.000537214 1.08507e-20)
(-0.220421 0.000580084 0)
(-0.219032 0.000517783 0)
(-0.217654 0.000550419 0)
(-0.216609 0.000549925 -1.25533e-20)
(-0.21517 0.000476883 0)
(-0.214096 0.000420021 1.33941e-20)
(-0.213114 0.000447872 0)
(-0.211881 0.000589168 0)
(-0.210674 0.000506957 0)
(-0.209798 0.000347763 0)
(-0.208995 0.000510858 0)
(-0.207887 0.000574059 0)
(-0.206919 0.000516419 0)
(-0.20574 0.000896218 0)
(-0.204949 0.000972469 0)
(-0.204146 0.000511487 0)
(-0.203439 0.000593908 0)
(-0.203144 0.000611636 1.83833e-20)
(-0.202323 0.000560748 -1.8886e-20)
(-0.201974 0.000649909 0)
(-0.201753 0.000322853 0)
(-0.200904 0.000332822 0)
(-0.200347 0.000589682 0)
(-0.199775 -6.63037e-06 -2.08302e-20)
(-0.198737 -0.000497528 2.14848e-20)
(-0.197803 -0.000240696 -2.1931e-20)
(-0.197562 4.20773e-05 0)
(-0.196924 0.00015339 -2.26516e-20)
(-0.196507 0.000153388 -4.59365e-20)
(-0.196288 0.000578916 0)
(-0.195842 0.000774717 -4.75146e-20)
(-0.195755 0.000625181 4.80978e-20)
(-0.195107 0.000527407 0)
(-0.194956 0.000384195 0)
(-0.194917 0.000330809 0)
(-0.194692 0.00034979 0)
(-0.194053 0.000341345 0)
(-0.193356 0.000169164 -5.3332e-20)
(-0.192963 1.48125e-05 0)
(-0.192457 0.000228512 -5.50875e-20)
(-0.192275 0.000486035 0)
(-0.191806 0.000386888 0)
(-0.19148 0.000211517 0)
(-0.191277 0.000198354 0)
(-0.190251 0.000117807 0)
(-0.189694 0.000161333 6.0579e-20)
(-0.189507 0.000405887 0)
(-0.188753 -2.74001e-05 0)
(-0.187289 -0.000409482 -6.43709e-20)
(-0.185998 -0.000186523 0)
(-0.185287 4.10086e-05 0)
(-0.184067 0.000254234 0)
(-0.182737 0.000253646 6.91314e-20)
(-0.182147 0.000452475 0)
(-0.180824 0.000810424 0)
(-0.179598 0.000781561 0)
(-0.178046 0.000686152 0)
(-0.176762 0.000727315 -7.62477e-20)
(-0.174507 0.00068696 0)
(-0.171436 0.000692679 0)
(-0.167461 0.000849465 0)
(-0.162969 0.00103989 8.77431e-20)
(-0.155762 0.00125701 0)
(-0.149175 0.00217997 0)
(-0.123799 0.00221478 -1.0792e-19)
(-0.14153 0.00669309 0)
(-0.169583 0.0131847 1.25517e-17)
(-0.187151 0.0170692 2.35203e-17)
(-0.193276 0.0188719 2.27508e-17)
(-0.196896 0.0196822 2.19852e-17)
(-0.200931 0.0202951 2.11631e-17)
(-0.205453 0.0210067 -2.02269e-17)
(-0.209687 0.0215201 -1.9523e-17)
(-0.213859 0.0218696 0)
(-0.218078 0.0220147 -3.666e-17)
(-0.220212 0.0221791 -1.80766e-17)
(-0.224681 0.0227194 4.87501e-34)
(-0.227507 0.0229036 -1.20371e-35)
(-0.231049 0.0233632 -3.22793e-17)
(-0.235333 0.0239348 -3.06861e-17)
(-0.242331 0.0247783 -2.84663e-17)
(-0.249512 0.025444 -2.40741e-35)
(-0.256854 0.0260673 4.94048e-17)
(-0.263905 0.0266471 2.26466e-17)
(-0.272748 0.0274459 3.61112e-35)
(-0.282653 0.0283569 -3.48625e-17)
(-0.291212 0.0289991 -1.58075e-20)
(-0.300877 0.0295774 0)
(-0.304433 0.0304163 1.34855e-17)
(-0.332558 0.0321492 -7.62913e-18)
)
;
    }
    lowerWall
    {
        type            calculated;
        value           nonuniform List<vector> 
250
(
(-0.653909 0.466638 0)
(-1.14095 0.204678 0)
(-1.03492 0.0379587 0)
(-0.869573 -0.000935979 0)
(-0.786941 -0.00419161 0)
(-0.746063 -0.0016078 0)
(-0.719878 0.00041619 0)
(-0.700645 -0.000651793 0)
(-0.685088 -0.00405594 0)
(-0.671318 -0.00471222 0)
(-0.658933 -0.00298824 0)
(-0.64772 -0.000864263 0)
(-0.637516 0.00142604 0)
(-0.628189 0.00210388 0)
(-0.61932 0.00136792 0)
(-0.611521 0.00135753 0)
(-0.604581 0.00169586 0)
(-0.605069 0.001943 0)
(-0.00426046 -0.0228582 0)
(-0.00275888 -0.0176427 0)
(-0.000676877 -0.0144934 0)
(0.00194473 -0.0137779 9.02206e-20)
(0.00526924 -0.0151985 -7.86142e-20)
(0.00896212 -0.0208215 6.28456e-20)
(0.0127407 -0.0200872 -4.84706e-20)
(0.0256277 -0.0633161 0)
(-0.0840663 -0.144715 0)
(0.000872347 -0.00384025 0)
(-0.00766535 0.00954724 0)
(-0.00851594 0.0328219 0)
(-0.00254916 0.0448554 0)
(0.0029536 0.0442615 1.82216e-20)
(0.00618294 0.0360628 -1.89651e-20)
(0.00818739 0.0241607 0)
(0.00946066 0.0101601 -5.42273e-20)
(0.00943178 -0.00404297 6.11406e-20)
(0.00793334 -0.017423 0)
(0.00614128 -0.0291955 0)
(0.00438175 -0.0385633 0)
(0.00268723 -0.0451402 0)
(0.000986066 -0.0488801 0)
(-0.000885126 -0.0495153 0)
(-0.00282052 -0.0464088 0)
(-0.00437905 -0.0399033 0)
(-0.00492624 -0.0308272 0)
(0.0013287 -0.00151192 0)
(0.00133787 0.00652733 0)
(-0.0045093 0.00961866 0)
(-0.00959724 0.00975649 0)
(-0.0133832 0.00829949 0)
(-0.0158894 0.00623518 0)
(-0.0172643 0.00409757 1.49568e-21)
(-0.0177829 0.00200607 -1.52728e-21)
(-0.0173314 -7.05975e-06 0)
(-0.0160538 -0.00168631 -1.65303e-21)
(-0.0141883 -0.00283759 0)
(-0.0120503 -0.00329646 0)
(-0.0100506 -0.00303586 -0)
(-0.00855297 -0.00228024 2.57023e-21)
(-0.00761632 -0.00142302 0)
(-0.00693803 -0.000815832 0)
(-0.0061205 -0.00062344 -3.37814e-21)
(-0.00499283 -0.00100052 0)
(-0.00340838 -0.00238614 0)
(-0.000488226 -0.00505787 0)
(0.00436131 -0.00740383 3.03286e-21)
(0.00994631 -0.00889527 0)
(0.0158473 -0.00985006 1.46906e-21)
(0.0218928 -0.010617 0)
(0.0280986 -0.011269 -0)
(0.034409 -0.0115143 8.44672e-22)
(0.0405415 -0.0113546 0)
(0.0491497 -0.0116034 -7.54028e-22)
(0.05894 -0.0117553 -0)
(0.0686341 -0.0115827 7.70692e-22)
(0.0780431 -0.011169 0)
(0.0870161 -0.0105841 0)
(0.0954604 -0.00989007 0)
(0.103318 -0.00913652 -0)
(0.110565 -0.00836061 0)
(0.117198 -0.00758957 -8.11148e-22)
(0.123231 -0.00684043 -0)
(0.128687 -0.00612262 1.63307e-21)
(0.133592 -0.00544036 0)
(0.137974 -0.00479406 -1.63494e-21)
(0.14186 -0.00418206 -0)
(0.145272 -0.00360146 -0)
(0.148233 -0.00304947 1.62104e-21)
(0.150759 -0.00252407 0)
(0.152865 -0.00202408 1.60082e-21)
(0.154562 -0.00155026 -1.58751e-21)
(0.155864 -0.00110622 -0)
(0.156783 -0.000698788 -1.55489e-21)
(0.157329 -0.000337844 -1.53586e-21)
(0.157515 -3.98118e-05 -0)
(0.157409 0.000194811 0)
(0.157078 0.000391603 0)
(0.156523 0.000568246 0)
(0.155762 0.000731084 -0)
(0.154802 0.000884213 1.37579e-21)
(0.15365 0.00102834 0)
(0.152313 0.00116409 -1.30701e-21)
(0.1508 0.00129169 -0)
(0.149117 0.00141128 -0)
(0.147272 0.00152291 1.19056e-21)
(0.145273 0.00162645 0)
(0.143127 0.00172196 -1.10486e-21)
(0.140843 0.0018094 -0)
(0.13843 0.00188869 0)
(0.135896 0.00195991 -0)
(0.133251 0.0020232 9.16835e-22)
(0.130502 0.00207857 0)
(0.12766 0.00212612 -0)
(0.124734 0.00216608 7.63793e-22)
(0.121733 0.00219858 0)
(0.118666 0.00222379 6.57259e-22)
(0.115542 0.002242 0)
(0.112371 0.00225346 0)
(0.109161 0.00225843 0)
(0.10592 0.00225715 -4.36178e-22)
(0.102657 0.00225001 -0)
(0.0993805 0.00223725 0)
(0.0960979 0.00221919 -2.65579e-22)
(0.0928167 0.00219629 -2.0813e-22)
(0.0895438 0.00216877 -0)
(0.0862863 0.00213704 -9.26643e-23)
(0.0830502 0.00210144 -0)
(0.0798419 0.00206229 4.65781e-23)
(0.0766668 0.00202014 -0)
(0.0735298 0.00197533 2.7899e-22)
(0.0704361 0.00192846 0)
(0.0673893 0.00188013 -5.11678e-22)
(0.0643935 0.00183088 -0)
(0.0614519 0.00178164 0)
(0.0585672 0.00173376 -0)
(0.0557412 0.00168911 9.78437e-22)
(0.0529754 0.00164991 0)
(0.05027 0.00161812 -1.21388e-21)
(0.047624 0.00159477 0)
(0.0457851 0.00160342 1.47562e-21)
(0.0442427 0.001621 1.63413e-21)
(0.0427036 0.0016259 1.79905e-21)
(0.0411763 0.00161303 0)
(0.0396658 0.00158971 0)
(0.0381721 0.001564 0)
(0.0366939 0.0015382 0)
(0.035231 0.00151248 0)
(0.0337839 0.00148688 0)
(0.0323529 0.00146142 0)
(0.0309387 0.00143616 0)
(0.0295418 0.00141135 -3.69181e-21)
(0.0281624 0.00138715 -3.96745e-21)
(0.0268007 0.00136371 0)
(0.0254569 0.00134073 0)
(0.0241314 0.00131669 0)
(0.0228255 0.00129179 -5.26739e-21)
(0.0215394 0.00126758 0)
(0.0202726 0.00124393 0)
(0.0190256 0.00122085 0)
(0.0177982 0.00119843 0)
(0.0165906 0.0011767 7.53603e-21)
(0.0154026 0.00115574 0)
(0.0142344 0.00113566 0)
(0.0130858 0.00111654 -9.4549e-21)
(0.0119568 0.00109844 1.02325e-20)
(0.0108471 0.00108143 0)
(0.00975695 0.00106581 1.20689e-20)
(0.00868609 0.00105223 0)
(0.00763418 0.00104185 -1.44074e-20)
(0.00660055 0.00103497 0)
(0.00558487 0.00103057 0)
(0.00458711 0.00102836 0)
(0.00360681 0.00102866 0)
(0.00264354 0.0010317 0)
(0.00169777 0.00103743 5.57139e-20)
(0.000770977 0.00104302 6.42256e-20)
(-0.000138869 0.0010303 0)
(-0.0010362 0.00098746 0)
(-0.00191807 0.000935071 0)
(-0.00278444 0.000885583 -5.28852e-20)
(-0.00363521 0.000840663 0)
(-0.00447017 0.000799917 0)
(-0.0052897 0.000762854 0)
(-0.00609439 0.000728981 -4.04132e-20)
(-0.00688479 0.000697836 3.83634e-20)
(-0.00766141 0.000669044 0)
(-0.00842473 0.000642294 0)
(-0.00917516 0.000617346 3.36162e-20)
(-0.00991316 0.000594 3.2376e-20)
(-0.0106392 0.000572091 0)
(-0.0113536 0.000551482 0)
(-0.0120568 0.000532066 -2.93512e-20)
(-0.0127493 0.000513748 2.85236e-20)
(-0.0134315 0.000496442 0)
(-0.0141038 0.000480078 0)
(-0.0147667 0.000464597 2.64343e-20)
(-0.0154206 0.000449943 0)
(-0.0160659 0.000436072 0)
(-0.0167031 0.000422935 2.47892e-20)
(-0.0173326 0.000410506 0)
(-0.017955 0.000398743 2.38735e-20)
(-0.0185706 0.00038762 0)
(-0.01918 0.000377104 0)
(-0.0197835 0.000367167 0)
(-0.0203818 0.000357773 -2.23579e-20)
(-0.0209751 0.000348891 0)
(-0.0215639 0.000340472 0)
(-0.0221486 0.000332477 0)
(-0.0227295 0.000324847 0)
(-0.0233068 0.000317486 0)
(-0.0238807 0.000310276 0)
(-0.0244508 0.000303078 -2.0385e-20)
(-0.0250168 0.000295698 -2.01547e-20)
(-0.0255778 0.000287874 0)
(-0.0261327 0.000279208 0)
(-0.0266789 0.000269157 0)
(-0.027213 0.000257023 1.93601e-20)
(-0.0277304 0.000241547 0)
(-0.0282222 0.000221307 -3.81344e-20)
(-0.0286791 0.000192255 3.79281e-20)
(-0.029072 0.000152631 3.78191e-20)
(-0.0294033 7.78818e-05 -3.78576e-20)
(-0.0294848 -3.94095e-05 3.80448e-20)
(-0.0295093 -0.000356566 -3.83972e-20)
(-0.0279747 -0.000616884 0)
(-0.0293472 -0.000516235 -2.43315e-18)
(-0.0327708 -0.00134243 -2.26974e-18)
(-0.0364143 -0.00203341 3.00927e-36)
(-0.0395352 -0.0025761 -4.06085e-18)
(-0.0424852 -0.00301871 -7.75773e-18)
(-0.0455572 -0.0034217 -3.71965e-18)
(-0.0487816 -0.00381871 3.56778e-18)
(-0.0521157 -0.00429914 -6.01853e-36)
(-0.0556082 -0.00476033 0)
(-0.0592986 -0.00508002 3.14911e-18)
(-0.0632469 -0.00539974 3.02658e-18)
(-0.067436 -0.00580142 3.00927e-36)
(-0.0719143 -0.00624543 0)
(-0.0767264 -0.00670812 0)
(-0.0819189 -0.0072055 -7.06237e-35)
(-0.0875392 -0.00774805 7.68303e-35)
(-0.0936575 -0.00834827 1.08334e-34)
(-0.100328 -0.00901128 -4.15798e-18)
(-0.107691 -0.00973174 -3.8122e-18)
(-0.116751 -0.0106245 6.01853e-36)
(-0.127568 -0.0116277 6.13654e-18)
(-0.138422 -0.0127343 1.03489e-17)
(-0.153647 -0.0139275 -6.01853e-36)
(-0.162847 -0.0152943 -5.09782e-18)
(-0.191962 -0.016982 -6.01853e-36)
)
;
    }
    frontAndBack
    {
        type            empty;
    }
}


// ************************************************************************* //
