/*--------------------------------*- C++ -*----------------------------------*\
  =========                 |
  \\      /  F ield         | OpenFOAM: The Open Source CFD Toolbox
   \\    /   O peration     | Website:  https://openfoam.org
    \\  /    A nd           | Version:  8
     \\/     M anipulation  |
\*---------------------------------------------------------------------------*/
FoamFile
{
    version     2.0;
    format      ascii;
    class       volVectorField;
    location    "1400";
    object      wallShearStress;
}
// * * * * * * * * * * * * * * * * * * * * * * * * * * * * * * * * * * * * * //

dimensions      [0 2 -2 0 0 0 0];

internalField   uniform (0 0 0);

boundaryField
{
    inlet
    {
        type            calculated;
        value           uniform (0 0 0);
    }
    outlet
    {
        type            calculated;
        value           uniform (0 0 0);
    }
    upperWall
    {
        type            calculated;
        value           nonuniform List<vector> 
223
(
(-0.582193 -0.392359 0)
(-0.977814 -0.219377 0)
(-0.939336 -0.0567747 0)
(-0.81071 -0.00585779 0)
(-0.734594 0.00331371 0)
(-0.695452 0.00231544 0)
(-0.670941 0.000424216 0)
(-0.653508 -0.0014488 0)
(-0.640532 -0.0025625 0)
(-0.629821 -0.00218352 0)
(-0.620058 -0.0013053 0)
(-0.610993 -0.00107838 0)
(-0.603033 -0.00138849 0)
(-0.596184 -0.00127385 0)
(-0.590434 -0.0010605 0)
(-0.585075 -0.000334583 0)
(-0.579787 0.00168715 0)
(-0.575194 0.00141472 0)
(-0.571309 0.00162532 0)
(-0.567715 0.00312828 4.27733e-22)
(-0.564341 0.00251105 0)
(-0.561641 0.00175047 0)
(-0.558902 0.00303621 0)
(-0.555755 0.00321356 4.48335e-22)
(-0.552843 0.00331364 0)
(-0.54995 0.00393377 0)
(-0.546937 0.00376721 0)
(-0.544106 0.00348254 -9.38144e-22)
(-0.541328 0.00298073 9.46052e-22)
(-0.538633 0.00256637 9.56498e-22)
(-0.535952 0.00245936 0)
(-0.533231 0.00218855 -9.78489e-22)
(-0.530575 0.00194055 0)
(-0.527935 0.00174261 1.00149e-21)
(-0.525292 0.0015738 1.01357e-21)
(-0.52264 0.00144504 -1.02613e-21)
(-0.519969 0.00134116 0)
(-0.517283 0.00125817 0)
(-0.514578 0.00119382 0)
(-0.51185 0.00114459 0)
(-0.509095 0.00110713 -1.09094e-21)
(-0.506311 0.00107929 0)
(-0.503494 0.00105928 0)
(-0.500642 0.0010458 1.13112e-21)
(-0.497753 0.00103783 0)
(-0.494822 0.00103437 1.15762e-21)
(-0.491847 0.00103484 -1.17061e-21)
(-0.488823 0.00103852 1.18336e-21)
(-0.485748 0.0010449 0)
(-0.482619 0.0010528 0)
(-0.479436 0.0010614 0)
(-0.476199 0.00106958 1.23086e-21)
(-0.472914 0.00107621 -1.24152e-21)
(-0.469594 0.00108156 0)
(-0.466252 0.00108668 0)
(-0.462904 0.00109187 0)
(-0.459561 0.00109638 0)
(-0.456227 0.00109915 0)
(-0.452904 0.00109926 0)
(-0.449586 0.00109683 0)
(-0.446267 0.00109257 0)
(-0.442936 0.00108745 1.29201e-21)
(-0.439581 0.00108267 -1.29178e-21)
(-0.436193 0.001079 0)
(-0.432759 0.00107714 0)
(-0.429269 0.00107731 0)
(-0.425715 0.00107953 -1.27841e-21)
(-0.422088 0.00108371 0)
(-0.41838 0.00108961 0)
(-0.414587 0.00109675 0)
(-0.410704 0.00110483 0)
(-0.406727 0.00111336 0)
(-0.402655 0.0011218 -2.43443e-21)
(-0.398486 0.00112963 0)
(-0.394223 0.00113632 0)
(-0.389868 0.00114136 0)
(-0.385426 0.00114447 0)
(-0.380907 0.00114569 0)
(-0.376322 0.00114476 0)
(-0.371682 0.00114142 0)
(-0.367001 0.00113542 2.09535e-21)
(-0.362288 0.00112657 0)
(-0.357551 0.00111504 0)
(-0.352794 0.00110113 0)
(-0.348021 0.00108531 -1.83968e-21)
(-0.343231 0.00106811 0)
(-0.338422 0.00105027 -1.69025e-21)
(-0.33359 0.0010324 0)
(-0.328731 0.00101532 0)
(-0.323836 0.000999834 0)
(-0.319024 0.000992013 -1.35104e-21)
(-0.316384 0.00100116 0)
(-0.313659 0.00101505 1.18056e-21)
(-0.310854 0.00102969 1.08987e-21)
(-0.307974 0.00104287 0)
(-0.30503 0.00105375 8.96179e-22)
(-0.302033 0.0010625 0)
(-0.298996 0.00106994 0)
(-0.295935 0.00107682 0)
(-0.292862 0.00108482 -4.54764e-22)
(-0.289795 0.00109222 0)
(-0.286743 0.00110342 -2.05391e-22)
(-0.283722 0.00110637 7.33504e-23)
(-0.280736 0.00111536 0)
(-0.277807 0.00111334 0)
(-0.274926 0.00110594 0)
(-0.272107 0.00110431 0)
(-0.269415 0.00105895 0)
(-0.266721 0.0013966 0)
(-0.264356 0.00144845 0)
(-0.261832 0.00117841 1.14327e-21)
(-0.259467 0.000937328 0)
(-0.257013 0.000550472 0)
(-0.254773 0.000513207 0)
(-0.252502 0.000757865 0)
(-0.250467 0.00102785 0)
(-0.248557 0.000809916 0)
(-0.246455 0.00104366 0)
(-0.244675 0.00160279 0)
(-0.242824 0.00119765 0)
(-0.241019 0.000472987 0)
(-0.239023 0.000278227 0)
(-0.237167 0.000360401 0)
(-0.235281 0.000355878 7.2008e-21)
(-0.233657 0.000485198 0)
(-0.232141 0.000512312 0)
(-0.230409 0.000416067 0)
(-0.228926 0.000530476 -8.79567e-21)
(-0.227509 0.0005604 0)
(-0.225834 0.000465065 0)
(-0.224456 0.000543006 -1.00311e-20)
(-0.223148 0.000566447 0)
(-0.221663 0.000423842 1.09e-20)
(-0.220339 0.000435296 0)
(-0.218882 0.000589098 0)
(-0.217658 0.000583829 0)
(-0.216421 0.000551995 -1.25693e-20)
(-0.215196 0.000600817 0)
(-0.213761 0.000586334 1.34781e-20)
(-0.212831 0.000456152 0)
(-0.211813 0.000394297 0)
(-0.210776 0.000467556 0)
(-0.209908 0.000450831 0)
(-0.208761 0.000381488 0)
(-0.208016 0.000498671 0)
(-0.207046 0.000541889 0)
(-0.206219 0.000458852 0)
(-0.205384 0.000876168 0)
(-0.204552 0.000973233 0)
(-0.20399 0.000523301 0)
(-0.20291 0.000639779 1.85142e-20)
(-0.202471 0.0008315 -1.87722e-20)
(-0.202082 0.00015879 0)
(-0.201 -0.000329277 0)
(-0.200064 -8.97295e-05 0)
(-0.19933 8.05476e-05 0)
(-0.19865 0.000167848 -2.10292e-20)
(-0.198007 0.000145809 2.14394e-20)
(-0.197733 0.000143913 -2.17543e-20)
(-0.196875 0.000131782 0)
(-0.196821 0.000164799 -2.24905e-20)
(-0.196262 0.000245608 -4.603e-20)
(-0.195614 0.000243879 0)
(-0.195019 0.000223008 -4.77198e-20)
(-0.194885 0.00024572 4.8317e-20)
(-0.194465 0.000176023 0)
(-0.194529 0.000179228 0)
(-0.193803 0.000311652 0)
(-0.193384 0.000310806 0)
(-0.192743 0.000314708 0)
(-0.192577 0.000329969 -5.33187e-20)
(-0.192119 0.000570199 0)
(-0.191566 0.000427697 -5.51212e-20)
(-0.190827 8.18469e-05 0)
(-0.190002 0.000143055 0)
(-0.189815 0.000167243 0)
(-0.189508 0.000272398 0)
(-0.189003 0.000277792 0)
(-0.188907 0.000412903 6.05221e-20)
(-0.188235 0.000762917 0)
(-0.187804 0.000786332 0)
(-0.187368 0.000509115 -6.37357e-20)
(-0.186747 0.000478408 0)
(-0.186226 0.000482924 0)
(-0.185667 0.000393859 0)
(-0.184262 0.000437154 6.8615e-20)
(-0.183339 9.14521e-05 0)
(-0.181064 -0.000121195 0)
(-0.179073 5.27075e-05 0)
(-0.177594 0.000226576 0)
(-0.175105 0.000424453 -7.74758e-20)
(-0.172289 0.000446796 0)
(-0.169807 0.000576169 0)
(-0.165664 0.000803915 0)
(-0.161101 0.00104446 8.84494e-20)
(-0.15398 0.00134294 0)
(-0.147355 0.00228028 0)
(-0.122505 0.00232218 -1.08074e-19)
(-0.140586 0.00687636 0)
(-0.168936 0.0134539 1.25151e-17)
(-0.186672 0.0172447 2.34967e-17)
(-0.193008 0.0189788 2.27412e-17)
(-0.196652 0.0197332 2.19881e-17)
(-0.20083 0.020348 2.11369e-17)
(-0.205309 0.0210411 -2.0245e-17)
(-0.209581 0.0215447 -1.95296e-17)
(-0.213805 0.0218891 0)
(-0.218068 0.0220307 -3.66622e-17)
(-0.220221 0.0221911 -1.80768e-17)
(-0.224698 0.022728 4.27316e-34)
(-0.227524 0.0229093 -1.20371e-35)
(-0.231065 0.0233673 -3.22784e-17)
(-0.235347 0.0239377 -3.0685e-17)
(-0.242342 0.0247803 -2.84653e-17)
(-0.249519 0.0254451 -2.40741e-35)
(-0.256859 0.0260679 4.94034e-17)
(-0.263908 0.0266474 2.2646e-17)
(-0.27275 0.0274461 2.40741e-35)
(-0.282654 0.0283569 -3.48618e-17)
(-0.291213 0.0289991 -1.58068e-20)
(-0.300879 0.0295774 -3.00927e-36)
(-0.304434 0.0304164 1.3485e-17)
(-0.33256 0.0321494 -7.62893e-18)
)
;
    }
    lowerWall
    {
        type            calculated;
        value           nonuniform List<vector> 
250
(
(-0.653909 0.466638 0)
(-1.14095 0.204678 0)
(-1.03492 0.0379587 0)
(-0.869573 -0.000935979 0)
(-0.786941 -0.00419161 0)
(-0.746063 -0.00160781 0)
(-0.719878 0.000416211 0)
(-0.700646 -0.000651797 0)
(-0.685088 -0.00405597 0)
(-0.671318 -0.00471223 0)
(-0.658932 -0.00298825 0)
(-0.64772 -0.000864297 0)
(-0.637516 0.001426 0)
(-0.628189 0.00210382 0)
(-0.61932 0.00136787 0)
(-0.611521 0.00135751 0)
(-0.604581 0.00169584 0)
(-0.605069 0.00194335 0)
(-0.00426045 -0.0228577 0)
(-0.00275887 -0.0176423 0)
(-0.000676912 -0.014493 0)
(0.00194461 -0.0137775 9.02248e-20)
(0.00526904 -0.0151978 -7.8618e-20)
(0.0089617 -0.0208209 6.28491e-20)
(0.01274 -0.0200853 -4.84733e-20)
(0.0256283 -0.0633149 0)
(-0.0840636 -0.144714 0)
(0.000872599 -0.0038406 0)
(-0.00766539 0.00954688 0)
(-0.00851607 0.0328217 0)
(-0.00254935 0.0448554 0)
(0.00295341 0.0442615 1.82218e-20)
(0.00618278 0.036063 -1.89653e-20)
(0.00818729 0.0241609 0)
(0.00946056 0.0101603 -5.42277e-20)
(0.00943169 -0.00404278 6.11417e-20)
(0.0079333 -0.0174229 0)
(0.00614121 -0.0291954 0)
(0.0043817 -0.0385629 0)
(0.0026872 -0.0451402 0)
(0.000985976 -0.0488801 0)
(-0.000885216 -0.0495149 0)
(-0.00282057 -0.0464084 0)
(-0.00437907 -0.0399029 0)
(-0.00492624 -0.0308268 0)
(0.0013287 -0.00151218 0)
(0.00133801 0.00652738 0)
(-0.00450927 0.00961872 0)
(-0.00959724 0.00975656 0)
(-0.0133832 0.00829955 0)
(-0.0158894 0.00623522 0)
(-0.0172644 0.00409764 1.49569e-21)
(-0.0177831 0.00200611 -1.5273e-21)
(-0.0173315 -7.02663e-06 0)
(-0.016054 -0.00168629 -1.65304e-21)
(-0.0141885 -0.00283758 0)
(-0.0120504 -0.00329646 0)
(-0.0100507 -0.00303589 -0)
(-0.00855309 -0.00228029 2.57023e-21)
(-0.0076164 -0.00142307 0)
(-0.00693809 -0.000815885 0)
(-0.00612052 -0.000623469 -3.37814e-21)
(-0.00499286 -0.00100051 0)
(-0.00340841 -0.00238602 0)
(-0.000488422 -0.00505768 0)
(0.00436101 -0.00740373 3.03296e-21)
(0.00994599 -0.00889519 0)
(0.015847 -0.00985001 1.4691e-21)
(0.0218925 -0.010617 0)
(0.0280982 -0.011269 -0)
(0.0344087 -0.0115143 8.44681e-22)
(0.0405411 -0.0113546 0)
(0.0491491 -0.0116033 -7.54031e-22)
(0.0589393 -0.0117553 -0)
(0.0686335 -0.0115827 7.70694e-22)
(0.0780425 -0.011169 0)
(0.0870154 -0.0105841 0)
(0.0954597 -0.00989005 0)
(0.103317 -0.00913657 -0)
(0.110564 -0.0083607 0)
(0.117197 -0.00758952 -8.11146e-22)
(0.12323 -0.00684035 -0)
(0.128686 -0.00612261 1.63307e-21)
(0.133591 -0.00544046 0)
(0.137974 -0.00479414 -1.63494e-21)
(0.141859 -0.00418207 -0)
(0.145272 -0.00360147 -0)
(0.148232 -0.00304947 1.62104e-21)
(0.150758 -0.00252408 0)
(0.152864 -0.00202409 1.60082e-21)
(0.154562 -0.00155027 -1.5875e-21)
(0.155864 -0.00110624 -0)
(0.156782 -0.000698799 -1.55489e-21)
(0.157328 -0.000337854 -1.53585e-21)
(0.157514 -3.98217e-05 -0)
(0.157409 0.000194802 0)
(0.157077 0.000391522 0)
(0.156523 0.000568166 0)
(0.155762 0.000731145 -0)
(0.154801 0.000884273 1.37579e-21)
(0.153649 0.00102833 0)
(0.152313 0.00116402 -1.307e-21)
(0.1508 0.00129168 -0)
(0.149117 0.00141127 -0)
(0.147272 0.0015229 1.19055e-21)
(0.145273 0.0016265 0)
(0.143127 0.00172195 -1.10485e-21)
(0.140843 0.00180932 -0)
(0.13843 0.00188868 0)
(0.135896 0.00195995 -0)
(0.13325 0.00202318 9.16829e-22)
(0.130502 0.00207849 0)
(0.12766 0.00212609 -0)
(0.124734 0.00216605 7.63785e-22)
(0.121733 0.00219848 0)
(0.118666 0.00222374 6.5725e-22)
(0.115542 0.00224194 0)
(0.112371 0.00225339 0)
(0.10916 0.00225835 0)
(0.10592 0.00225712 -4.3617e-22)
(0.102657 0.00224992 -0)
(0.0993804 0.00223712 0)
(0.0960979 0.00221917 -2.65567e-22)
(0.0928164 0.00219623 -2.08119e-22)
(0.0895438 0.00216874 -0)
(0.086286 0.00213705 -9.26524e-23)
(0.0830502 0.00210146 -0)
(0.0798419 0.00206248 4.66066e-23)
(0.0766666 0.00202036 -0)
(0.0735297 0.00197558 2.79023e-22)
(0.0704357 0.00192869 0)
(0.0673889 0.00188013 -5.11706e-22)
(0.0643933 0.00183074 -0)
(0.0614518 0.00178155 0)
(0.0585671 0.0017338 -0)
(0.0557411 0.00168921 9.7847e-22)
(0.0529753 0.00164992 0)
(0.0502699 0.00161812 -1.21391e-21)
(0.0476237 0.00159483 0)
(0.0457849 0.00160345 1.47566e-21)
(0.0442425 0.00162101 1.63417e-21)
(0.0427034 0.00162593 1.79909e-21)
(0.0411761 0.00161305 0)
(0.0396656 0.00158973 0)
(0.0381719 0.00156403 0)
(0.0366937 0.00153822 0)
(0.0352308 0.00151254 0)
(0.0337835 0.00148691 0)
(0.0323527 0.00146142 0)
(0.0309385 0.0014362 0)
(0.0295416 0.00141138 -3.69188e-21)
(0.0281622 0.00138722 -3.96753e-21)
(0.0268003 0.00136378 0)
(0.0254565 0.00134077 0)
(0.024131 0.00131674 0)
(0.0228251 0.00129184 -5.26749e-21)
(0.021539 0.00126763 0)
(0.0202723 0.00124399 0)
(0.0190252 0.00122092 0)
(0.0177978 0.0011985 0)
(0.0165902 0.00117677 7.53618e-21)
(0.0154022 0.00115582 0)
(0.014234 0.00113574 0)
(0.0130854 0.00111663 -9.45511e-21)
(0.0119563 0.00109853 1.02327e-20)
(0.0108466 0.00108152 0)
(0.00975643 0.00106591 1.20692e-20)
(0.00868554 0.00105233 0)
(0.00763362 0.00104196 -1.44079e-20)
(0.00659997 0.00103508 0)
(0.00558429 0.00103068 0)
(0.00458648 0.00102847 0)
(0.00360617 0.00102876 0)
(0.00264288 0.0010318 0)
(0.00169708 0.00103753 5.57172e-20)
(0.000770275 0.00104311 6.42299e-20)
(-0.000139595 0.00103037 0)
(-0.00103694 0.000987492 0)
(-0.0019188 0.000935089 0)
(-0.00278516 0.000885589 -5.2882e-20)
(-0.00363591 0.000840662 0)
(-0.00447084 0.000799902 0)
(-0.00529033 0.000762827 0)
(-0.00609499 0.000728943 -4.0412e-20)
(-0.00688535 0.000697788 3.83624e-20)
(-0.00766191 0.000668981 0)
(-0.00842514 0.000642226 0)
(-0.00917552 0.000617272 3.36158e-20)
(-0.00991344 0.000593916 3.2376e-20)
(-0.0106394 0.000572004 0)
(-0.0113537 0.000551393 0)
(-0.0120569 0.000531971 -2.93514e-20)
(-0.0127494 0.000513647 2.85238e-20)
(-0.0134315 0.00049633 0)
(-0.0141038 0.000479957 0)
(-0.0147666 0.000464471 2.64345e-20)
(-0.0154204 0.000449808 0)
(-0.0160657 0.000435931 0)
(-0.0167028 0.000422797 2.47896e-20)
(-0.0173323 0.000410366 0)
(-0.0179546 0.000398608 2.38737e-20)
(-0.0185701 0.000387484 0)
(-0.0191794 0.000376972 0)
(-0.0197829 0.000367035 0)
(-0.020381 0.000357646 -2.23581e-20)
(-0.0209743 0.000348776 0)
(-0.0215631 0.000340351 0)
(-0.0221475 0.000332361 0)
(-0.0227284 0.000324736 0)
(-0.0233056 0.00031738 0)
(-0.0238794 0.000310176 0)
(-0.0244493 0.000302984 -2.03853e-20)
(-0.0250153 0.000295627 -2.0155e-20)
(-0.0255763 0.00028781 0)
(-0.0261312 0.000279149 0)
(-0.0266774 0.000269104 0)
(-0.0272116 0.000256975 1.93605e-20)
(-0.0277289 0.000241505 0)
(-0.0282207 0.00022127 -3.8135e-20)
(-0.0286776 0.000192223 3.79288e-20)
(-0.0290705 0.000152604 3.78197e-20)
(-0.0294018 7.78754e-05 -3.78583e-20)
(-0.0294835 -3.94101e-05 3.80454e-20)
(-0.029508 -0.000356573 -3.83976e-20)
(-0.0279734 -0.000616895 0)
(-0.0293459 -0.000516218 -2.43317e-18)
(-0.0327697 -0.00134239 -2.26976e-18)
(-0.0364132 -0.00203339 0)
(-0.0395341 -0.00257605 -4.06085e-18)
(-0.0424841 -0.00301861 -7.75776e-18)
(-0.0455563 -0.00342175 -3.7196e-18)
(-0.0487798 -0.00381929 3.56794e-18)
(-0.0521107 -0.0043009 0)
(-0.0556005 -0.00472067 6.01853e-36)
(-0.0592896 -0.00504132 3.15613e-18)
(-0.0632289 -0.00541873 3.02955e-18)
(-0.0674189 -0.00582905 6.01853e-36)
(-0.0719026 -0.00626416 0)
(-0.0767196 -0.00672001 0)
(-0.0819152 -0.00721076 -1.43833e-34)
(-0.087537 -0.00774963 -1.63629e-35)
(-0.0936563 -0.0083483 7.22224e-35)
(-0.100327 -0.00901046 -4.15789e-18)
(-0.107691 -0.0097305 -3.81212e-18)
(-0.116751 -0.0106231 6.01853e-36)
(-0.127568 -0.0116265 6.1365e-18)
(-0.138423 -0.0127333 1.03488e-17)
(-0.153648 -0.0139267 6.01853e-36)
(-0.162848 -0.0152937 -5.09783e-18)
(-0.191962 -0.0169815 -3.00927e-35)
)
;
    }
    frontAndBack
    {
        type            empty;
    }
}


// ************************************************************************* //
