/*--------------------------------*- C++ -*----------------------------------*\
  =========                 |
  \\      /  F ield         | OpenFOAM: The Open Source CFD Toolbox
   \\    /   O peration     | Website:  https://openfoam.org
    \\  /    A nd           | Version:  8
     \\/     M anipulation  |
\*---------------------------------------------------------------------------*/
FoamFile
{
    version     2.0;
    format      ascii;
    class       volVectorField;
    location    "1900";
    object      wallShearStress;
}
// * * * * * * * * * * * * * * * * * * * * * * * * * * * * * * * * * * * * * //

dimensions      [0 2 -2 0 0 0 0];

internalField   uniform (0 0 0);

boundaryField
{
    inlet
    {
        type            calculated;
        value           uniform (0 0 0);
    }
    outlet
    {
        type            calculated;
        value           uniform (0 0 0);
    }
    upperWall
    {
        type            calculated;
        value           nonuniform List<vector> 
223
(
(-0.582193 -0.392359 0)
(-0.977814 -0.219377 0)
(-0.939335 -0.0567745 0)
(-0.81071 -0.00585779 0)
(-0.734594 0.00331374 0)
(-0.695452 0.00231548 0)
(-0.67094 0.000424637 0)
(-0.653501 -0.00144876 0)
(-0.640532 -0.00256275 0)
(-0.629819 -0.00218347 0)
(-0.620057 -0.00130527 0)
(-0.610992 -0.00107825 0)
(-0.603031 -0.00138829 0)
(-0.596182 -0.00127325 0)
(-0.59042 -0.00105804 0)
(-0.585052 -0.000361434 0)
(-0.580018 0.00164737 0)
(-0.575137 0.00208505 0)
(-0.5709 0.00229731 0)
(-0.567635 0.00349968 4.30938e-22)
(-0.564478 0.00278826 0)
(-0.562047 0.00233298 0)
(-0.55945 0.00365888 0)
(-0.55622 0.00379506 4.47966e-22)
(-0.553248 0.00359334 0)
(-0.550211 0.00350147 0)
(-0.547197 0.00324481 0)
(-0.544295 0.00287381 -9.29302e-22)
(-0.541494 0.00254574 9.39276e-22)
(-0.538751 0.00227602 9.50115e-22)
(-0.536043 0.002018 0)
(-0.533374 0.00181253 -9.72875e-22)
(-0.530714 0.00164175 0)
(-0.528056 0.00150418 9.97136e-22)
(-0.525391 0.00138937 1.00964e-21)
(-0.522715 0.00130046 -1.02246e-21)
(-0.520024 0.00122812 0)
(-0.51732 0.00116958 0)
(-0.514601 0.00112389 0)
(-0.511861 0.00108899 0)
(-0.509095 0.00106256 -1.08895e-21)
(-0.506304 0.00104319 0)
(-0.503482 0.00102983 0)
(-0.500626 0.00102147 1.12982e-21)
(-0.497733 0.00101752 0)
(-0.494801 0.00101736 1.15665e-21)
(-0.491825 0.0010205 -1.1698e-21)
(-0.4888 0.00102631 1.1827e-21)
(-0.485726 0.00103433 0)
(-0.482597 0.00104385 0)
(-0.479414 0.00105374 0)
(-0.476178 0.001063 1.23062e-21)
(-0.472894 0.0010705 -1.24132e-21)
(-0.469575 0.00107653 0)
(-0.466234 0.00108222 0)
(-0.462887 0.00108795 0)
(-0.459545 0.00109302 0)
(-0.456212 0.00109612 0)
(-0.45289 0.0010965 0)
(-0.449573 0.00109442 0)
(-0.446255 0.00109048 0)
(-0.442924 0.00108556 1.29193e-21)
(-0.43957 0.00108088 -1.29171e-21)
(-0.436182 0.00107738 0)
(-0.43275 0.0010757 0)
(-0.429261 0.001076 0)
(-0.425707 0.00107831 -1.27834e-21)
(-0.42208 0.00108262 0)
(-0.418372 0.00108855 0)
(-0.41458 0.00109575 0)
(-0.410697 0.00110389 0)
(-0.40672 0.00111249 0)
(-0.402649 0.00112098 -2.43428e-21)
(-0.398481 0.00112886 0)
(-0.394218 0.00113564 0)
(-0.389862 0.00114072 0)
(-0.385421 0.00114387 0)
(-0.380902 0.00114509 0)
(-0.376317 0.0011442 0)
(-0.371678 0.00114094 0)
(-0.366996 0.00113498 2.09513e-21)
(-0.362283 0.00112617 0)
(-0.357547 0.00111462 0)
(-0.352791 0.00110075 0)
(-0.348018 0.00108499 -1.83942e-21)
(-0.343227 0.00106782 0)
(-0.338419 0.00105001 -1.68997e-21)
(-0.333587 0.00103217 0)
(-0.328728 0.00101506 0)
(-0.323834 0.000999595 0)
(-0.319023 0.000991834 -1.35072e-21)
(-0.316383 0.00100096 0)
(-0.313658 0.00101487 1.18021e-21)
(-0.310853 0.00102955 1.0895e-21)
(-0.307973 0.00104274 0)
(-0.305029 0.00105362 8.95767e-22)
(-0.302032 0.00106244 0)
(-0.298995 0.00106966 0)
(-0.295934 0.00107705 0)
(-0.292862 0.00108376 -4.54259e-22)
(-0.289793 0.00109462 0)
(-0.286743 0.00109911 -2.04787e-22)
(-0.283717 0.00111153 7.27805e-23)
(-0.280737 0.00111111 0)
(-0.277796 0.00110883 0)
(-0.27492 0.00110967 0)
(-0.272102 0.00107173 0)
(-0.269335 0.0010579 0)
(-0.266681 0.000984095 0)
(-0.264031 0.000903259 0)
(-0.261587 0.000893771 1.15023e-21)
(-0.259126 0.000818789 0)
(-0.256837 0.000823076 0)
(-0.254501 0.000769925 0)
(-0.252497 0.000718297 0)
(-0.250482 0.000766994 0)
(-0.248551 0.000852947 0)
(-0.246648 0.000828414 0)
(-0.244558 0.000752682 0)
(-0.242744 0.00076275 0)
(-0.240715 0.000638501 0)
(-0.239089 0.000637885 0)
(-0.23714 0.000800432 0)
(-0.235484 0.000801351 7.1613e-21)
(-0.233716 0.000671983 0)
(-0.231958 0.000669493 0)
(-0.230346 0.000704999 0)
(-0.228623 0.000559266 -8.81404e-21)
(-0.227151 0.000575217 0)
(-0.225608 0.000744747 0)
(-0.224175 0.000656043 -1.00481e-20)
(-0.222661 0.000545184 0)
(-0.220987 0.000701431 1.09255e-20)
(-0.219836 0.000776454 0)
(-0.218562 0.000626243 0)
(-0.217448 0.000985803 0)
(-0.216294 0.00125357 -1.25323e-20)
(-0.215446 0.00118391 0)
(-0.214263 0.000600245 1.33808e-20)
(-0.21269 -0.00011224 0)
(-0.21148 -1.06914e-05 0)
(-0.210274 0.000154912 0)
(-0.209438 0.00024631 0)
(-0.208444 0.000308111 0)
(-0.207447 0.000292399 0)
(-0.206686 0.000288101 0)
(-0.206 0.000310707 0)
(-0.205329 0.000297651 0)
(-0.204425 0.000271319 0)
(-0.203439 0.000288453 0)
(-0.202835 0.00034344 1.84339e-20)
(-0.202195 0.000359536 -1.88586e-20)
(-0.201508 0.000293115 0)
(-0.201119 0.000276478 0)
(-0.200281 0.000419463 0)
(-0.199378 0.00034542 0)
(-0.199075 0.000241506 -2.08799e-20)
(-0.198214 0.000367868 2.14268e-20)
(-0.197921 0.000374791 -2.17172e-20)
(-0.197437 0.000474416 0)
(-0.196812 0.000654535 -2.25467e-20)
(-0.196243 0.000613221 -4.60208e-20)
(-0.196253 0.000481797 0)
(-0.195755 0.000621233 -4.75853e-20)
(-0.195305 0.000717028 4.83063e-20)
(-0.195278 0.000456211 0)
(-0.195349 0.000402117 0)
(-0.194787 0.000410391 0)
(-0.194156 0.000305884 0)
(-0.193885 0.000130727 0)
(-0.193403 -0.000291819 -5.33511e-20)
(-0.192548 -0.000335563 0)
(-0.191877 -1.09733e-05 -5.54026e-20)
(-0.191302 0.000331776 0)
(-0.190888 0.000607245 0)
(-0.190464 0.000163295 0)
(-0.189686 -0.000214449 0)
(-0.188642 -5.8187e-05 0)
(-0.188412 7.39657e-05 6.09508e-20)
(-0.188031 0.000170832 0)
(-0.187154 0.000262993 0)
(-0.186702 0.000326518 -6.40015e-20)
(-0.185962 0.000570862 0)
(-0.185204 0.000711636 0)
(-0.184907 0.000633395 0)
(-0.183779 0.00061426 6.8624e-20)
(-0.182888 0.000212595 0)
(-0.180993 -4.57149e-05 0)
(-0.178797 0.000148417 0)
(-0.177002 0.000295818 0)
(-0.175082 0.000406897 -7.73019e-20)
(-0.17257 0.000529865 0)
(-0.16931 0.000700969 0)
(-0.165458 0.000856198 0)
(-0.161104 0.00124984 8.82387e-20)
(-0.15447 0.00169549 0)
(-0.148092 0.00227208 0)
(-0.123179 0.00213101 -1.08257e-19)
(-0.14085 0.00681141 6.01853e-36)
(-0.169506 0.0133837 1.24779e-17)
(-0.187324 0.0172231 2.34572e-17)
(-0.19346 0.0189711 2.27249e-17)
(-0.197221 0.0197672 2.19239e-17)
(-0.200984 0.0203441 2.11861e-17)
(-0.205506 0.0210262 -2.02243e-17)
(-0.209763 0.0215145 -1.95109e-17)
(-0.214071 0.0218978 0)
(-0.217803 0.0220206 -3.6768e-17)
(-0.220002 0.0221675 -1.80834e-17)
(-0.224602 0.0227088 7.16205e-34)
(-0.227463 0.0229022 0)
(-0.231068 0.023365 -3.22694e-17)
(-0.235463 0.0239517 -3.06551e-17)
(-0.242445 0.0247987 -2.84638e-17)
(-0.24963 0.0254574 -2.40741e-35)
(-0.256939 0.0260741 4.94011e-17)
(-0.263956 0.0266507 2.2646e-17)
(-0.272782 0.0274482 2.40741e-35)
(-0.282675 0.0283581 -3.48608e-17)
(-0.291236 0.0290028 -1.58553e-20)
(-0.300805 0.0295581 0)
(-0.305386 0.0305123 1.34124e-17)
(-0.332971 0.0322003 -7.62509e-18)
)
;
    }
    lowerWall
    {
        type            calculated;
        value           nonuniform List<vector> 
250
(
(-0.653909 0.466638 0)
(-1.14095 0.204678 0)
(-1.03492 0.0379587 0)
(-0.869573 -0.000935958 0)
(-0.786941 -0.00419158 0)
(-0.746063 -0.00160777 0)
(-0.719879 0.00041629 0)
(-0.700647 -0.000651632 0)
(-0.685091 -0.00405581 0)
(-0.67132 -0.00471208 0)
(-0.658936 -0.00298805 0)
(-0.647724 -0.000863981 0)
(-0.637523 0.00142657 0)
(-0.628199 0.00210468 0)
(-0.619335 0.00136887 0)
(-0.61154 0.00135998 0)
(-0.604614 0.0016981 0)
(-0.605091 0.00195454 0)
(-0.00423715 -0.0229318 0)
(-0.00277563 -0.0177711 0)
(-0.000717974 -0.0145958 0)
(0.00189297 -0.0138713 8.99628e-20)
(0.00521713 -0.015253 -7.8489e-20)
(0.00891435 -0.0208536 6.27959e-20)
(0.0126887 -0.0200642 -4.84602e-20)
(0.0256247 -0.063291 0)
(-0.0839885 -0.144698 0)
(0.000881183 -0.00384558 0)
(-0.00766449 0.00953086 0)
(-0.00852255 0.0328172 0)
(-0.00255796 0.0448679 0)
(0.00294757 0.044289 1.82187e-20)
(0.00617857 0.0360969 -1.89579e-20)
(0.00818329 0.0242006 0)
(0.00945675 0.0102023 -5.41619e-20)
(0.00943142 -0.0040008 6.11406e-20)
(0.00793576 -0.0173814 0)
(0.00614399 -0.0291559 0)
(0.0043843 -0.038527 0)
(0.00268958 -0.0451084 0)
(0.000988748 -0.0488524 0)
(-0.000882225 -0.0494941 0)
(-0.00281696 -0.0463947 0)
(-0.00437424 -0.0399043 0)
(-0.00490399 -0.0308431 0)
(0.00132961 -0.0015172 0)
(0.00134193 0.0065274 0)
(-0.00450622 0.0096211 0)
(-0.00959594 0.00976086 0)
(-0.0133843 0.00830473 0)
(-0.0158931 0.00624055 0)
(-0.0172705 0.00410252 1.49513e-21)
(-0.0177911 0.00201046 -1.52657e-21)
(-0.0173417 -3.36791e-06 0)
(-0.0160657 -0.00168425 -1.65215e-21)
(-0.0142008 -0.00283797 0)
(-0.0120615 -0.00329965 0)
(-0.0100588 -0.003041 -0)
(-0.00855746 -0.00228505 2.56937e-21)
(-0.00761871 -0.00142471 0)
(-0.00694111 -0.000812087 0)
(-0.00612644 -0.000612413 -3.37552e-21)
(-0.00500297 -0.000979663 0)
(-0.00343032 -0.00235069 0)
(-0.000536341 -0.00503674 0)
(0.00432448 -0.00739956 3.04711e-21)
(0.00991105 -0.00889233 0)
(0.015813 -0.0098512 1.47131e-21)
(0.0218617 -0.0106155 0)
(0.0280666 -0.0112686 -0)
(0.0343785 -0.0115163 8.451e-22)
(0.0405136 -0.0113575 0)
(0.0491054 -0.0116031 -7.53971e-22)
(0.0588968 -0.0117566 -0)
(0.068593 -0.0115851 7.70627e-22)
(0.0780047 -0.0111721 0)
(0.0869807 -0.0105875 0)
(0.0954281 -0.00989356 0)
(0.103289 -0.00914005 -0)
(0.110538 -0.00836397 0)
(0.117174 -0.00759253 -8.11097e-22)
(0.12321 -0.00684305 -0)
(0.128668 -0.00612499 1.63298e-21)
(0.133575 -0.00544247 0)
(0.137959 -0.00479593 -1.63486e-21)
(0.141846 -0.00418362 -0)
(0.145259 -0.00360273 -0)
(0.148221 -0.00305067 1.62096e-21)
(0.150748 -0.00252509 0)
(0.152854 -0.00202493 1.60075e-21)
(0.154553 -0.00155102 -1.58744e-21)
(0.155855 -0.0011069 -0)
(0.156774 -0.00069931 -1.55482e-21)
(0.157321 -0.000338204 -1.53579e-21)
(0.157507 -4.00904e-05 -0)
(0.157402 0.000194589 0)
(0.15707 0.00039133 0)
(0.156516 0.000568059 0)
(0.155755 0.000730983 -0)
(0.154795 0.000884117 1.37573e-21)
(0.153643 0.00102825 0)
(0.152307 0.00116394 -1.30695e-21)
(0.150794 0.0012916 -0)
(0.149111 0.0014112 -0)
(0.147266 0.00152276 1.1905e-21)
(0.145267 0.00162636 0)
(0.143121 0.00172187 -1.10481e-21)
(0.140838 0.00180931 -0)
(0.138424 0.00188859 0)
(0.13589 0.00195981 -0)
(0.133245 0.00202309 9.16784e-22)
(0.130496 0.00207839 0)
(0.127655 0.00212594 -0)
(0.124729 0.00216595 7.63745e-22)
(0.121728 0.00219844 0)
(0.118661 0.00222365 6.57214e-22)
(0.115537 0.00224185 0)
(0.112366 0.00225326 0)
(0.109156 0.00225824 0)
(0.105915 0.00225703 -4.36138e-22)
(0.102653 0.00224991 -0)
(0.0993762 0.00223718 0)
(0.0960938 0.00221915 -2.6554e-22)
(0.0928126 0.00219628 -2.08091e-22)
(0.0895398 0.00216878 -0)
(0.0862824 0.00213702 -9.26273e-23)
(0.0830466 0.00210144 -0)
(0.0798384 0.0020624 4.66488e-23)
(0.0766631 0.00202022 -0)
(0.0735264 0.0019754 2.79056e-22)
(0.0704325 0.00192845 0)
(0.067386 0.00187991 -5.11732e-22)
(0.0643905 0.00183058 -0)
(0.0614491 0.00178144 0)
(0.0585644 0.00173371 -0)
(0.0557385 0.00168913 9.78489e-22)
(0.0529728 0.00164985 0)
(0.0502675 0.00161804 -1.21392e-21)
(0.0476215 0.00159478 0)
(0.0457834 0.00160347 1.4757e-21)
(0.044241 0.00162098 1.6342e-21)
(0.0427021 0.00162588 1.79912e-21)
(0.0411748 0.00161302 0)
(0.0396643 0.0015897 0)
(0.0381706 0.001564 0)
(0.0366924 0.00153819 0)
(0.0352295 0.00151248 0)
(0.0337824 0.00148689 0)
(0.0323514 0.00146143 0)
(0.0309372 0.00143618 0)
(0.0295403 0.00141137 -3.69196e-21)
(0.0281608 0.00138717 -3.96762e-21)
(0.0267992 0.00136374 0)
(0.0254553 0.00134079 0)
(0.0241297 0.00131673 0)
(0.022824 0.00129183 -5.26764e-21)
(0.0215377 0.00126762 0)
(0.0202711 0.00124397 0)
(0.019024 0.00122092 0)
(0.0177966 0.00119849 0)
(0.0165889 0.00117676 7.53649e-21)
(0.015401 0.00115581 0)
(0.0142328 0.00113573 0)
(0.0130841 0.00111662 -9.45557e-21)
(0.0119551 0.00109851 1.02333e-20)
(0.0108454 0.00108151 0)
(0.00975525 0.00106589 1.20699e-20)
(0.00868438 0.00105231 0)
(0.00763249 0.00104194 -1.44088e-20)
(0.00659886 0.00103505 0)
(0.00558322 0.00103065 0)
(0.00458545 0.00102844 0)
(0.00360517 0.00102873 0)
(0.00264194 0.00103177 0)
(0.00169619 0.0010375 5.57231e-20)
(0.00076944 0.00104308 6.42373e-20)
(-0.000140366 0.0010303 0)
(-0.00103765 0.000987417 0)
(-0.00191946 0.000935022 0)
(-0.00278576 0.00088553 -5.28779e-20)
(-0.00363645 0.000840612 0)
(-0.00447133 0.000799863 0)
(-0.00529076 0.000762798 0)
(-0.00609536 0.000728924 -4.04098e-20)
(-0.00688569 0.000697777 3.83606e-20)
(-0.00766221 0.00066898 0)
(-0.00842542 0.000642228 0)
(-0.00917576 0.000617275 3.36146e-20)
(-0.00991364 0.000593923 3.23748e-20)
(-0.0106396 0.000572009 0)
(-0.0113538 0.0005514 0)
(-0.012057 0.000531981 -2.93506e-20)
(-0.0127494 0.000513654 2.8523e-20)
(-0.0134315 0.000496346 0)
(-0.0141037 0.000479979 0)
(-0.0147665 0.00046449 2.64341e-20)
(-0.0154203 0.000449834 0)
(-0.0160655 0.00043596 0)
(-0.0167026 0.000422825 2.47892e-20)
(-0.0173321 0.000410394 0)
(-0.0179544 0.000398633 2.38734e-20)
(-0.0185699 0.000387511 0)
(-0.0191792 0.000376998 0)
(-0.0197827 0.000367061 0)
(-0.0203808 0.00035767 -2.23581e-20)
(-0.020974 0.000348798 0)
(-0.0215629 0.000340389 0)
(-0.0221475 0.000332379 0)
(-0.0227282 0.000324753 0)
(-0.0233056 0.000317395 0)
(-0.0238792 0.000310189 0)
(-0.0244493 0.000303012 -2.03853e-20)
(-0.0250153 0.000295636 -2.0155e-20)
(-0.0255763 0.000287799 0)
(-0.026131 0.000279137 0)
(-0.0266772 0.000269123 0)
(-0.0272116 0.000256975 1.93604e-20)
(-0.0277287 0.000241502 0)
(-0.0282207 0.000221266 -3.81348e-20)
(-0.0286774 0.000192216 3.79286e-20)
(-0.0290705 0.000152595 3.78195e-20)
(-0.0294016 7.78473e-05 -3.7858e-20)
(-0.0294833 -3.94242e-05 3.80452e-20)
(-0.0295078 -0.000356585 -3.83974e-20)
(-0.0279732 -0.00061689 0)
(-0.0293459 -0.000516217 -2.43315e-18)
(-0.0327695 -0.00134241 -2.26974e-18)
(-0.036413 -0.00203337 3.00927e-36)
(-0.0395339 -0.00257603 -4.06085e-18)
(-0.0424838 -0.00301855 -7.75776e-18)
(-0.0455562 -0.00342175 -3.71953e-18)
(-0.0487804 -0.00381832 3.56824e-18)
(-0.0521109 -0.00430634 2.40741e-35)
(-0.0555994 -0.00472407 3.00927e-36)
(-0.059313 -0.00502316 3.15119e-18)
(-0.0632372 -0.00545326 3.03063e-18)
(-0.0674409 -0.00588986 0)
(-0.071935 -0.00626902 0)
(-0.076755 -0.00670483 0)
(-0.0819459 -0.00719487 -6.99654e-35)
(-0.0875615 -0.00773638 -1.3711e-34)
(-0.0936749 -0.00833805 1.29398e-34)
(-0.100342 -0.00900284 -4.15799e-18)
(-0.107701 -0.00972484 -3.81227e-18)
(-0.116763 -0.0106194 6.01853e-36)
(-0.127578 -0.0116236 6.13693e-18)
(-0.13843 -0.0127311 1.03495e-17)
(-0.153654 -0.0139249 1.80556e-35)
(-0.162852 -0.0152923 -5.09823e-18)
(-0.191966 -0.0169803 3.00927e-36)
)
;
    }
    frontAndBack
    {
        type            empty;
    }
}


// ************************************************************************* //
