/*--------------------------------*- C++ -*----------------------------------*\
  =========                 |
  \\      /  F ield         | OpenFOAM: The Open Source CFD Toolbox
   \\    /   O peration     | Website:  https://openfoam.org
    \\  /    A nd           | Version:  8
     \\/     M anipulation  |
\*---------------------------------------------------------------------------*/
FoamFile
{
    version     2.0;
    format      ascii;
    class       volVectorField;
    location    "1200";
    object      wallShearStress;
}
// * * * * * * * * * * * * * * * * * * * * * * * * * * * * * * * * * * * * * //

dimensions      [0 2 -2 0 0 0 0];

internalField   uniform (0 0 0);

boundaryField
{
    inlet
    {
        type            calculated;
        value           uniform (0 0 0);
    }
    outlet
    {
        type            calculated;
        value           uniform (0 0 0);
    }
    upperWall
    {
        type            calculated;
        value           nonuniform List<vector> 
223
(
(-0.624332 -0.0550647 0)
(-0.563206 -0.0494609 0)
(-0.552655 -0.0325678 0)
(-0.546879 -0.0201416 0)
(-0.539991 -0.0118878 0)
(-0.529271 -0.0066003 0)
(-0.518579 -0.00337697 0)
(-0.507711 -0.00141116 0)
(-0.496799 -0.000228008 0)
(-0.486661 0.000467967 0)
(-0.477405 0.000865513 0)
(-0.469022 0.00108092 0)
(-0.461465 0.00118588 0)
(-0.454657 0.00122405 0)
(-0.448527 0.00122215 0)
(-0.442997 0.00120208 0)
(-0.437975 0.00117623 0)
(-0.433414 0.00119342 0)
(-0.429744 0.00124757 0)
(-0.426802 0.00129446 5.49533e-22)
(-0.423908 0.00130381 0)
(-0.421071 0.00128812 0)
(-0.418292 0.00125603 0)
(-0.415574 0.00121476 5.60213e-22)
(-0.412923 0.00116684 0)
(-0.41034 0.00111649 0)
(-0.407828 0.00106403 0)
(-0.405386 0.00101203 -1.14007e-21)
(-0.403016 0.000960089 1.14486e-21)
(-0.400715 0.000910193 1.14965e-21)
(-0.398485 0.000861538 0)
(-0.396323 0.000815298 -1.1592e-21)
(-0.394228 0.000770564 0)
(-0.392199 0.00072875 1.16874e-21)
(-0.390232 0.000689728 1.17352e-21)
(-0.388325 0.000653636 -1.17833e-21)
(-0.386474 0.000620134 0)
(-0.384678 0.000589201 0)
(-0.382933 0.000560987 0)
(-0.381236 0.000535387 0)
(-0.379584 0.000512211 -1.20255e-21)
(-0.377974 0.000491245 0)
(-0.376403 0.000472365 0)
(-0.374871 0.00045543 1.21735e-21)
(-0.373372 0.000440381 0)
(-0.371905 0.000426978 1.22731e-21)
(-0.370468 0.000415064 -1.2323e-21)
(-0.36906 0.000404664 1.23731e-21)
(-0.367676 0.000395463 0)
(-0.366317 0.000387413 0)
(-0.364979 0.000380375 0)
(-0.363663 0.00037449 1.25742e-21)
(-0.362363 0.00036928 -1.26246e-21)
(-0.361082 0.000364882 0)
(-0.359816 0.00036126 0)
(-0.358564 0.000358209 0)
(-0.357326 0.000355737 0)
(-0.356099 0.000353867 0)
(-0.354881 0.000352403 0)
(-0.353674 0.000351443 0)
(-0.352473 0.000350904 0)
(-0.35128 0.000350697 1.30712e-21)
(-0.350091 0.000350886 -1.31191e-21)
(-0.348908 0.0003513 0)
(-0.347727 0.000352068 0)
(-0.346549 0.000353215 0)
(-0.34537 0.000354553 -1.33045e-21)
(-0.344193 0.000356182 0)
(-0.343011 0.000358005 0)
(-0.341832 0.000359938 0)
(-0.340643 0.000362154 0)
(-0.339457 0.00036442 0)
(-0.338255 0.000366866 -2.71075e-21)
(-0.337061 0.000369565 0)
(-0.335842 0.000372558 0)
(-0.334633 0.000375609 0)
(-0.333398 0.000378734 0)
(-0.332158 0.000382911 0)
(-0.330916 0.000386675 0)
(-0.329628 0.000391477 0)
(-0.328356 0.000395834 2.76176e-21)
(-0.327078 0.000381241 0)
(-0.325688 0.000413343 0)
(-0.32446 0.000513497 0)
(-0.322724 0.000488619 -2.77749e-21)
(-0.321391 0.000271767 0)
(-0.318048 0.000225375 -2.77432e-21)
(-0.330239 0.000344243 0)
(-0.316384 0.000264785 0)
(-0.397315 7.62968e-05 0)
(-0.438264 -0.000601749 -3.94197e-21)
(-0.500569 -0.000838629 0)
(-0.441839 0.00091584 4.01176e-21)
(-0.38945 0.00116374 3.52657e-21)
(-0.362838 0.00105024 0)
(-0.343305 0.00141407 3.13166e-21)
(-0.325855 0.000937986 0)
(-0.331015 0.000561403 0)
(-0.307466 0.000227913 0)
(-0.441607 0.00481443 -4.03531e-21)
(-0.394538 0.00392544 0)
(-0.371183 -0.000263508 -3.26746e-21)
(-0.331138 0.00125141 2.97669e-21)
(-0.316307 0.00156105 0)
(-0.304778 0.00106103 0)
(-0.299742 -0.000625993 0)
(-0.351188 0.00380414 0)
(-0.329865 0.00599538 0)
(-0.312585 0.00424372 0)
(-0.306077 0.00272456 0)
(-0.312648 -0.00112307 -2.74707e-21)
(-0.307938 -0.00157229 0)
(-0.296651 -0.00170003 0)
(-0.290643 -0.00229623 0)
(-0.344982 0.00063754 0)
(-0.329618 0.004663 0)
(-0.291629 0.00505763 0)
(-0.285276 0.00248523 0)
(-0.299311 -0.00134904 0)
(-0.282118 -0.00233258 0)
(-0.372396 -0.00168184 0)
(-0.332006 0.00339775 0)
(-0.282379 0.00215514 0)
(-0.275873 0.00109881 -4.51515e-21)
(-0.274468 0.000171503 0)
(-0.272051 -0.00264777 0)
(-0.341894 -0.00326772 0)
(-0.357031 -0.00243038 5.57896e-21)
(-0.335336 -0.00138282 0)
(-0.313763 -0.000661513 0)
(-0.325738 -0.000596944 4.74744e-21)
(-0.321505 0.00211853 0)
(-0.285038 0.00466954 -3.73719e-21)
(-0.256752 0.00170164 0)
(-0.255123 -0.00127161 0)
(-0.291498 -0.0013878 0)
(-0.28831 -0.000956944 3.05022e-21)
(-0.278338 -0.000557137 0)
(-0.285673 -0.000714443 -2.56688e-21)
(-0.261525 0.00347089 0)
(-0.243941 0.00548913 0)
(-0.243252 0.00255993 0)
(-0.242337 -0.000278541 0)
(-0.26579 -0.00182667 0)
(-0.276416 0.000842791 0)
(-0.238738 0.00235465 0)
(-0.236242 9.39987e-05 0)
(-0.246626 -0.00144928 0)
(-0.254107 0.0018349 0)
(-0.230605 0.00296541 0)
(-0.229123 9.56899e-05 1.17144e-21)
(-0.240146 0.00017566 -1.68199e-21)
(-0.225428 0.000260767 0)
(-0.230101 0.000102442 0)
(-0.221067 0.000127501 0)
(-0.22145 -0.00177234 0)
(-0.213599 0.00186296 -3.74486e-21)
(-0.213601 0.00499358 3.73413e-21)
(-0.212777 0.00400166 -4.04689e-21)
(-0.211296 0.0018293 0)
(-0.20928 -0.00135027 -5.12566e-21)
(-0.205256 -0.00184054 -1.2061e-20)
(-0.215553 -0.0015898 0)
(-0.199141 -0.000730603 -1.43858e-20)
(-0.209486 0.000184841 1.58057e-20)
(-0.204391 0.000518072 0)
(-0.232249 0.00239381 0)
(-0.193634 0.00120372 0)
(-0.194563 0.000894355 0)
(-0.190526 0.00161643 0)
(-0.189527 0.0021248 -2.10486e-20)
(-0.18876 0.00225507 0)
(-0.187981 -0.00082497 -2.26703e-20)
(-0.183762 -0.00336683 0)
(-0.179004 -0.00280176 0)
(-0.173291 -8.49479e-05 0)
(-0.173657 0.000692798 0)
(-0.169311 -0.000277768 0)
(-0.167615 0.00108995 3.33247e-20)
(-0.168173 -0.000509711 0)
(-0.164561 -0.00231685 0)
(-0.160148 0.000264616 -4.06055e-20)
(-0.161325 0.0023848 0)
(-0.161492 0.0017329 0)
(-0.158501 0.000745275 0)
(-0.15198 0.000311435 4.73384e-20)
(-0.142586 0.000445738 0)
(-0.132256 0.00075967 0)
(-0.122059 0.00105812 0)
(-0.113177 0.00112002 0)
(-0.105841 0.00104679 -7.87087e-20)
(-0.0998889 0.000908656 0)
(-0.0948533 0.000818768 0)
(-0.0899068 0.000829895 0)
(-0.0848412 0.000995945 1.04415e-19)
(-0.0768785 0.00125454 0)
(-0.0718762 0.00197311 0)
(-0.0428372 0.00165832 -1.47632e-19)
(-0.0735394 0.00111768 0)
(-0.107768 0.00642785 1.28263e-17)
(-0.131171 0.0107828 2.31102e-17)
(-0.14362 0.0133541 2.17861e-17)
(-0.151085 0.0147897 2.09808e-17)
(-0.156828 0.0156795 2.03151e-17)
(-0.161394 0.0163065 -1.97427e-17)
(-0.165017 0.0167662 -1.92078e-17)
(-0.167984 0.0171221 -6.01853e-36)
(-0.170851 0.0174137 -3.64665e-17)
(-0.173771 0.0176937 -1.77379e-17)
(-0.17702 0.0179832 6.92131e-34)
(-0.180536 0.0183068 -1.20371e-35)
(-0.184549 0.0186679 -3.20533e-17)
(-0.189024 0.0190757 -3.06707e-17)
(-0.19411 0.01954 -2.91319e-17)
(-0.199826 0.0200607 -2.40741e-35)
(-0.206218 0.0206516 5.0967e-17)
(-0.21355 0.0213188 2.33204e-17)
(-0.22148 0.0220581 -1.20371e-35)
(-0.2313 0.0229454 -3.62155e-17)
(-0.24031 0.0238142 -1.20503e-20)
(-0.256127 0.0251728 0)
(-0.260566 0.0259721 1.3523e-17)
(-0.290992 0.0278647 -7.62902e-18)
)
;
    }
    lowerWall
    {
        type            calculated;
        value           nonuniform List<vector> 
250
(
(-0.620656 0.0864978 0)
(-0.949069 0.119378 0)
(-0.742015 0.063177 0)
(-0.63733 0.0329873 0)
(-0.617917 0.0193362 0)
(-0.542253 0.0103797 0)
(-0.722609 0.00884456 0)
(-0.765537 0.00566522 0)
(-0.731312 0.00283875 0)
(-0.804541 -0.00442493 0)
(-0.674202 -0.00359753 0)
(-0.601497 0.00232374 0)
(-0.519214 0.00181884 0)
(-0.487839 0.000187913 0)
(-0.468814 -0.00252601 0)
(-0.464141 -0.00232532 0)
(-0.459452 -0.00105158 0)
(-0.45701 -0.00221275 0)
(0.00298498 -0.00735004 0)
(0.00312188 -0.0114331 0)
(0.00327754 -0.015426 0)
(0.00350894 -0.0192794 7.1179e-20)
(0.00382792 -0.0229521 -6.36313e-20)
(0.00460135 -0.0270655 5.8913e-20)
(0.00408709 -0.0309651 -5.47121e-20)
(0.00121298 -0.0515406 0)
(-0.078333 -0.115972 0)
(0.000210863 -0.000256365 0)
(7.1433e-05 -0.000756949 0)
(1.5905e-05 -0.000889084 0)
(6.50299e-05 -0.000943669 0)
(-1.33677e-06 -0.000788035 1.54287e-19)
(-0.000314497 8.5788e-05 -1.38116e-19)
(-0.000969917 0.00225453 0)
(-0.00161697 0.00582719 -1.44767e-19)
(-0.00178958 0.00972296 1.13826e-19)
(-0.00145242 0.0128893 0)
(-0.000847074 0.0147965 0)
(-0.000202638 0.0153004 0)
(0.000341744 0.0144884 0)
(0.000823352 0.0127541 0)
(0.00131742 0.0100883 0)
(0.00183951 0.00656288 0)
(0.0024071 0.00229761 0)
(0.00283565 -0.00264115 0)
(-0.000133663 -0.000260324 0)
(0.000158086 -0.000419293 0)
(0.000445499 -0.000468056 0)
(0.000735041 -0.000403364 0)
(0.000951799 -0.000195941 -0)
(0.000973167 0.000133192 -0)
(0.000740324 0.000511576 1.53243e-20)
(0.000286757 0.000842242 -1.77095e-20)
(-0.000313849 0.00104846 -0)
(-0.000968943 0.00110227 -1.11663e-20)
(-0.0016054 0.00102177 -0)
(-0.00216278 0.000836486 0)
(-0.00260012 0.000582185 -0)
(-0.00289441 0.000290443 6.52526e-21)
(-0.00303756 -1.70468e-05 0)
(-0.00301932 -0.00031636 0)
(-0.00284399 -0.000574319 -6.61854e-21)
(-0.00253507 -0.000760393 -0)
(-0.00212633 -0.00085103 0)
(-0.00166189 -0.000831979 -0)
(-0.0011963 -0.000705686 1.04444e-20)
(-0.00078612 -0.0004973 0)
(-0.000474531 -0.000251604 1.54517e-20)
(-0.000278868 -1.36171e-05 0)
(-0.000197173 0.00020093 0)
(-0.000238078 0.000381273 2.08976e-20)
(-0.000385085 0.000531709 0)
(-0.000637563 0.000669076 -1.49557e-20)
(-0.000998684 0.000769982 0)
(-0.00141305 0.000773515 1.03701e-20)
(-0.00177613 0.000669377 0)
(-0.00202187 0.000521521 0)
(-0.0021353 0.000417199 0)
(-0.00217696 0.000435457 0)
(-0.00220303 0.000533185 0)
(-0.00219863 0.000567808 -7.98865e-21)
(-0.00201229 0.00028437 0)
(-0.00138257 -0.000396405 1.97393e-20)
(-0.000164434 -0.00111311 0)
(0.00151139 -0.0018603 -1.0506e-20)
(0.00347377 -0.00255045 0)
(0.0057352 -0.00312368 0)
(0.00815991 -0.00363329 4.00897e-21)
(0.0109042 -0.00406499 0)
(0.0136876 -0.00433633 2.9468e-21)
(0.0158761 -0.00433489 -2.56355e-21)
(0.019145 -0.0042656 -0)
(0.0206661 -0.00374392 -2.13854e-21)
(0.0227614 -0.00369536 -1.97318e-21)
(0.0248349 -0.0033817 -0)
(0.0266512 -0.0029391 0)
(0.0283351 -0.00264047 0)
(0.0311081 -0.00242759 0)
(0.0322427 -0.00215862 -0)
(0.0329372 -0.00207274 1.58909e-21)
(0.0342909 -0.00186922 0)
(0.0361179 -0.00154804 -1.5897e-21)
(0.037302 -0.00141691 -0)
(0.0386562 -0.00131104 -0)
(0.0398861 -0.00121414 1.55204e-21)
(0.0410696 -0.00112979 0)
(0.0422129 -0.00105758 -1.53638e-21)
(0.0432988 -0.000994437 -0)
(0.044364 -0.000939981 0)
(0.045384 -0.000892239 -0)
(0.0463871 -0.000850387 1.5108e-21)
(0.0473578 -0.000813179 0)
(0.0483131 -0.000779991 -0)
(0.0492443 -0.000749879 1.49339e-21)
(0.0501615 -0.000722493 0)
(0.0510598 -0.000697105 1.48173e-21)
(0.051945 -0.000673477 0)
(0.0528144 -0.000651067 0)
(0.0536709 -0.000629676 0)
(0.0545131 -0.000608932 -1.45668e-21)
(0.0553421 -0.000588645 -0)
(0.0561569 -0.000568656 0)
(0.0569581 -0.000548784 -1.43553e-21)
(0.0577446 -0.000528796 -1.42791e-21)
(0.0585163 -0.000508597 -0)
(0.059272 -0.00048799 -1.41166e-21)
(0.0600113 -0.000466865 0)
(0.0607326 -0.000445126 -2.78781e-21)
(0.0614354 -0.000422561 -0)
(0.0621179 -0.0003991 -2.74891e-21)
(0.0627795 -0.000374492 -0)
(0.0634178 -0.000348511 2.70625e-21)
(0.0640317 -0.000320949 0)
(0.064619 -0.000291644 0)
(0.0651786 -0.000260287 0)
(0.0657077 -0.000226684 -2.60844e-21)
(0.0662049 -0.000190848 -0)
(0.0666682 -0.000153007 2.55297e-21)
(0.0670959 -0.000114297 0)
(0.0674873 -7.69191e-05 -2.4935e-21)
(0.0678441 -4.39377e-05 -2.46192e-21)
(0.0681675 -1.57149e-05 -2.42865e-21)
(0.0684594 1.07209e-05 0)
(0.06872 3.71008e-05 0)
(0.0689481 6.35105e-05 0)
(0.0691436 9.0298e-05 0)
(0.0693047 0.000117367 0)
(0.0694311 0.00014473 0)
(0.0695216 0.000172344 0)
(0.0695756 0.000200212 0)
(0.0695922 0.000228325 2.05462e-21)
(0.0695702 0.000256647 2.00373e-21)
(0.0695093 0.000285057 0)
(0.0694087 0.000313669 0)
(0.0692675 0.000342365 0)
(0.0690853 0.000371178 1.77895e-21)
(0.0688611 0.000399998 0)
(0.0685949 0.000428885 0)
(0.0682856 0.000457779 0)
(0.067933 0.000486616 0)
(0.0675366 0.000515379 -1.44545e-21)
(0.0670962 0.000544076 0)
(0.0666113 0.000572653 0)
(0.0660817 0.000601072 1.21388e-21)
(0.0655072 0.000629253 -1.13094e-21)
(0.0648878 0.00065726 0)
(0.0642232 0.000684975 -9.55902e-22)
(0.0635138 0.000712357 0)
(0.0627595 0.000739425 7.67933e-22)
(0.0619606 0.00076611 0)
(0.0611173 0.000792327 0)
(0.0602304 0.000818106 0)
(0.0592999 0.000843402 0)
(0.0583264 0.000868135 0)
(0.0573108 0.000892227 -2.33627e-22)
(0.0562571 0.000915714 1.18242e-23)
(0.0551638 0.00093828 0)
(0.054033 0.000960724 0)
(0.0528476 0.000981542 0)
(0.0516505 0.00100234 -1.08803e-21)
(0.0503863 0.00102155 0)
(0.0491176 0.00104045 0)
(0.0477877 0.00105851 0)
(0.0464433 0.00107534 -2.33578e-21)
(0.0450649 0.00109149 2.67892e-21)
(0.0436591 0.00110664 0)
(0.0422274 0.00112091 0)
(0.0407712 0.0011343 3.79492e-21)
(0.039291 0.0011467 4.19864e-21)
(0.037791 0.00115841 0)
(0.0362715 0.00116922 0)
(0.0347353 0.00117937 -5.52082e-21)
(0.0331837 0.00118874 6.00306e-21)
(0.0316177 0.00119749 0)
(0.030039 0.00120538 0)
(0.0284494 0.00121255 7.59948e-21)
(0.0268507 0.00121897 0)
(0.025245 0.00122481 0)
(0.0236338 0.0012301 9.47017e-21)
(0.0220187 0.00123498 0)
(0.0204013 0.0012395 1.09117e-20)
(0.0187831 0.00124379 0)
(0.0171654 0.0012479 0)
(0.0155496 0.00125201 0)
(0.0139368 0.00125618 -1.44362e-20)
(0.0123282 0.00126054 0)
(0.0107247 0.00126525 0)
(0.00912704 0.00127042 0)
(0.00753628 0.00127639 0)
(0.0059528 0.00128447 0)
(0.00437665 0.0012948 0)
(0.0028081 0.00130623 -2.42836e-20)
(0.00124819 0.00131684 -2.63726e-20)
(-0.000303232 0.00131073 0)
(-0.00184553 0.00127891 0)
(-0.00337528 0.00123758 0)
(-0.00489047 0.00119612 2.40902e-20)
(-0.00638853 0.0011547 0)
(-0.00786459 0.00111177 -4.43297e-20)
(-0.00931139 0.00106376 4.27169e-20)
(-0.0107098 0.00100722 4.12944e-20)
(-0.0120533 0.000925566 -4.00735e-20)
(-0.0131963 0.00081858 3.90899e-20)
(-0.0144079 0.000597727 -3.84619e-20)
(-0.0139207 0.000104398 0)
(-0.0162705 0.000309351 -2.38063e-18)
(-0.0199206 -0.000150129 -2.21784e-18)
(-0.0235482 -0.000630492 0)
(-0.0269731 -0.00104836 -3.92465e-18)
(-0.0304615 -0.00144935 -7.42095e-18)
(-0.0341146 -0.00185055 -3.51525e-18)
(-0.0379493 -0.00225806 3.33403e-18)
(-0.0419817 -0.00267879 -5.41668e-35)
(-0.0462657 -0.00312067 0)
(-0.0508253 -0.00358769 2.85775e-18)
(-0.055691 -0.00408499 2.71517e-18)
(-0.0608945 -0.00461606 -3.00927e-36)
(-0.0664785 -0.00518602 0)
(-0.0724746 -0.00579894 0)
(-0.0789599 -0.00646023 -7.05767e-35)
(-0.0859207 -0.00717377 -4.07191e-35)
(-0.0935929 -0.0079515 3.00927e-35)
(-0.101689 -0.0087888 -3.55886e-18)
(-0.111056 -0.00971582 -3.27256e-18)
(-0.120397 -0.0107169 0)
(-0.132415 -0.01181 5.24168e-18)
(-0.142873 -0.0130922 8.8406e-18)
(-0.160535 -0.0143117 0)
(-0.168647 -0.0161133 -4.35576e-18)
(-0.205058 -0.0171482 0)
)
;
    }
    frontAndBack
    {
        type            empty;
    }
}


// ************************************************************************* //
