/*--------------------------------*- C++ -*----------------------------------*\
  =========                 |
  \\      /  F ield         | OpenFOAM: The Open Source CFD Toolbox
   \\    /   O peration     | Website:  https://openfoam.org
    \\  /    A nd           | Version:  8
     \\/     M anipulation  |
\*---------------------------------------------------------------------------*/
FoamFile
{
    version     2.0;
    format      ascii;
    class       volVectorField;
    location    "1600";
    object      wallShearStress;
}
// * * * * * * * * * * * * * * * * * * * * * * * * * * * * * * * * * * * * * //

dimensions      [0 2 -2 0 0 0 0];

internalField   uniform (0 0 0);

boundaryField
{
    inlet
    {
        type            calculated;
        value           uniform (0 0 0);
    }
    outlet
    {
        type            calculated;
        value           uniform (0 0 0);
    }
    upperWall
    {
        type            calculated;
        value           nonuniform List<vector> 
223
(
(-0.444062 0.0026898 0)
(-0.434052 0.00480776 0)
(-0.465913 0.0063352 0)
(-0.484691 0.00726457 0)
(-0.487188 0.0075378 0)
(-0.48228 0.00738464 0)
(-0.471473 0.00694267 0)
(-0.459959 0.00640065 0)
(-0.448263 0.00581275 0)
(-0.436293 0.00521188 0)
(-0.425081 0.0046385 0)
(-0.414778 0.00410632 0)
(-0.405435 0.00362098 0)
(-0.397032 0.0031828 0)
(-0.389512 0.00279103 0)
(-0.382814 0.00244861 0)
(-0.376806 0.00215804 0)
(-0.371467 0.00197057 0)
(-0.367209 0.00185836 0)
(-0.363856 0.00178245 5.97084e-22)
(-0.36059 0.00168829 0)
(-0.357417 0.00158618 0)
(-0.354337 0.00148074 0)
(-0.351351 0.001375 6.08426e-22)
(-0.348467 0.00127034 0)
(-0.345685 0.00116846 0)
(-0.343009 0.0010697 0)
(-0.340435 0.000975098 -1.23689e-21)
(-0.337967 0.00088444 1.24164e-21)
(-0.335602 0.000798124 1.24631e-21)
(-0.33334 0.000716069 0)
(-0.331179 0.000638523 -1.25544e-21)
(-0.329118 0.000565306 0)
(-0.327154 0.000496556 1.26434e-21)
(-0.325286 0.000432109 1.26871e-21)
(-0.323509 0.000371959 -1.27305e-21)
(-0.321823 0.000316031 0)
(-0.320223 0.000264397 0)
(-0.318707 0.00021681 0)
(-0.31727 0.000173143 0)
(-0.315911 0.000133393 -1.29428e-21)
(-0.314623 9.73681e-05 0)
(-0.313407 6.49453e-05 0)
(-0.312255 3.5923e-05 1.30687e-21)
(-0.311168 1.02822e-05 0)
(-0.310137 -1.2117e-05 1.31531e-21)
(-0.309165 -3.15198e-05 -1.31956e-21)
(-0.308242 -4.78806e-05 1.32382e-21)
(-0.307369 -6.10244e-05 0)
(-0.306537 -7.13832e-05 0)
(-0.305749 -7.89648e-05 0)
(-0.304992 -8.40383e-05 1.34129e-21)
(-0.304275 -8.66091e-05 -1.3458e-21)
(-0.303577 -8.70513e-05 0)
(-0.30292 -8.53316e-05 0)
(-0.302266 -8.17345e-05 0)
(-0.301654 -7.64171e-05 0)
(-0.301034 -6.93976e-05 0)
(-0.300446 -6.11694e-05 0)
(-0.29986 -5.13168e-05 0)
(-0.299273 -4.06157e-05 0)
(-0.298717 -3.03127e-05 1.38886e-21)
(-0.298122 -1.547e-05 -1.39379e-21)
(-0.297535 -6.16363e-06 0)
(-0.297125 -1.08144e-05 0)
(-0.332934 0.000399541 0)
(-0.323914 0.000610398 -1.54211e-21)
(-0.319872 0.000289017 0)
(-0.313097 8.86486e-05 0)
(-0.307922 -1.68684e-05 0)
(-0.30258 -8.08459e-05 0)
(-0.29952 -0.000118621 0)
(-0.296148 -8.88456e-05 -2.951e-21)
(-0.295536 -4.82342e-05 0)
(-0.295454 -8.07355e-05 0)
(-0.332165 -5.2718e-05 0)
(-0.356022 0.000174579 0)
(-0.327393 0.000301688 0)
(-0.310256 0.0001958 0)
(-0.303046 0.000130299 0)
(-0.295709 0.00019236 3.04548e-21)
(-0.294745 0.000119734 0)
(-0.313785 3.35257e-05 0)
(-0.331767 7.9755e-05 0)
(-0.324305 0.00014256 -3.3925e-21)
(-0.357606 0.00042827 0)
(-0.335879 0.000515782 -3.52729e-21)
(-0.319508 0.000421737 0)
(-0.30477 0.000425897 0)
(-0.293339 0.000520254 0)
(-0.293029 0.000371596 -3.15585e-21)
(-0.292898 0.00012296 0)
(-0.320789 0.000172748 3.49439e-21)
(-0.320313 0.000211597 3.50385e-21)
(-0.353195 0.000510193 0)
(-0.329003 0.000571044 3.6073e-21)
(-0.311624 0.000582203 0)
(-0.299625 0.000456277 0)
(-0.330352 0.00071245 0)
(-0.311671 0.000840956 -3.45955e-21)
(-0.30863 0.000364283 0)
(-0.289888 0.000142469 -3.26086e-21)
(-0.310603 0.000143472 3.51051e-21)
(-0.350666 0.000494802 0)
(-0.322799 0.000358432 0)
(-0.318899 0.000138083 0)
(-0.351792 0.000543102 0)
(-0.322067 0.000300957 0)
(-0.336051 0.000522297 0)
(-0.317392 0.00106417 0)
(-0.288182 0.00120325 -3.2123e-21)
(-0.2853 0.000947029 0)
(-0.286445 0.000426489 0)
(-0.284132 0.000401678 0)
(-0.301492 0.000212025 0)
(-0.336481 8.60361e-05 0)
(-0.349282 9.12575e-05 0)
(-0.326455 -2.78045e-05 0)
(-0.337677 0.000127143 0)
(-0.346252 0.000411014 0)
(-0.326633 0.000511186 0)
(-0.318567 0.000477944 0)
(-0.32194 0.000955764 0)
(-0.298034 0.00139519 -6.23942e-21)
(-0.275201 0.0010916 0)
(-0.274223 0.00108352 0)
(-0.272936 0.000844007 0)
(-0.27195 0.000270971 5.46101e-21)
(-0.280097 3.4172e-06 0)
(-0.292749 0.000775032 0)
(-0.268178 0.00137482 5.15513e-21)
(-0.266927 0.00109063 0)
(-0.265619 0.000577487 -4.91926e-21)
(-0.281063 0.000810765 0)
(-0.263211 0.000802728 0)
(-0.287325 0.000877262 0)
(-0.260838 0.000729284 4.33617e-21)
(-0.28591 0.00075295 0)
(-0.258302 0.000661302 -4.01198e-21)
(-0.281041 0.000693619 0)
(-0.255515 0.000655723 0)
(-0.274033 0.000634658 0)
(-0.252394 0.00110302 0)
(-0.250705 0.000551982 0)
(-0.253737 0.000573147 0)
(-0.247308 0.000597769 0)
(-0.248947 0.000740006 0)
(-0.243584 0.00107619 0)
(-0.257835 0.000861013 0)
(-0.271777 0.000470332 0)
(-0.262918 -0.000221884 -1.67659e-21)
(-0.245247 -0.000161438 1.2999e-21)
(-0.231126 0.000245364 0)
(-0.228139 0.000465818 0)
(-0.225388 0.000450412 0)
(-0.222443 0.00103792 0)
(-0.228831 0.00201015 -3.29076e-22)
(-0.220464 0.00216332 6.6009e-22)
(-0.219472 0.00197818 -1.03053e-21)
(-0.217668 0.00135782 0)
(-0.215861 0.00113755 -1.82002e-21)
(-0.214188 0.0017995 -4.42168e-21)
(-0.213306 0.000587888 0)
(-0.210985 -0.00116385 -6.33477e-21)
(-0.207335 -0.00104679 7.48882e-21)
(-0.204018 -0.000609126 0)
(-0.200846 -0.000708952 0)
(-0.196285 0.000790453 0)
(-0.196645 0.00142615 0)
(-0.194055 0.00112365 0)
(-0.194036 0.00124619 -1.29771e-20)
(-0.191564 0.00121405 0)
(-0.195859 0.00136928 -1.54106e-20)
(-0.188626 5.69455e-05 0)
(-0.183678 -0.0005384 0)
(-0.179041 -0.000836145 0)
(-0.174382 0.000326543 0)
(-0.174098 0.00204731 0)
(-0.173844 0.00204531 2.32876e-20)
(-0.171724 0.00155416 0)
(-0.168463 0.00126491 0)
(-0.164338 0.00093143 -2.89694e-20)
(-0.159125 0.000592004 0)
(-0.154523 0.00040161 0)
(-0.150787 0.000350474 0)
(-0.146781 0.000451461 3.83709e-20)
(-0.141556 0.000539526 0)
(-0.133658 0.000743762 0)
(-0.123631 0.00110639 0)
(-0.112441 0.00143547 0)
(-0.101752 0.00151693 -6.59834e-20)
(-0.0920884 0.00140982 0)
(-0.0840979 0.00116941 0)
(-0.0770173 0.00101108 0)
(-0.0710466 0.000963945 9.84824e-20)
(-0.0629933 0.00106591 0)
(-0.0592761 0.00158066 0)
(-0.0321531 0.00138887 -1.40827e-19)
(-0.0630664 0.000272558 0)
(-0.0955167 0.00534418 1.20422e-17)
(-0.117804 0.0095808 2.16716e-17)
(-0.129604 0.0120347 2.04206e-17)
(-0.136533 0.0133636 1.96511e-17)
(-0.141782 0.0141752 1.90217e-17)
(-0.145914 0.0147547 -1.84881e-17)
(-0.148994 0.0151756 -1.79935e-17)
(-0.151377 0.0154786 -1.20371e-35)
(-0.153575 0.0157117 -3.42884e-17)
(-0.155857 0.0159342 -1.67174e-17)
(-0.15825 0.016159 3.25001e-34)
(-0.160829 0.0163902 -1.20371e-35)
(-0.163811 0.0166444 -3.06146e-17)
(-0.167326 0.0169434 -2.94333e-17)
(-0.171476 0.0172997 -2.80796e-17)
(-0.176335 0.0177236 -2.40741e-35)
(-0.181936 0.0182175 4.94788e-17)
(-0.188428 0.018796 2.26898e-17)
(-0.195663 0.0194488 1.20371e-35)
(-0.204296 0.0202252 -3.53386e-17)
(-0.212733 0.0210137 -1.23617e-20)
(-0.22595 0.0221563 0)
(-0.230747 0.0228983 1.33041e-17)
(-0.255526 0.0244539 -6.94323e-18)
)
;
    }
    lowerWall
    {
        type            calculated;
        value           nonuniform List<vector> 
250
(
(-0.623508 -0.00583538 0)
(-0.594771 -0.0099301 0)
(-0.566035 -0.0109374 0)
(-0.539234 -0.0101804 0)
(-0.516233 -0.00841965 0)
(-0.56326 -0.00841771 0)
(-0.503166 -0.00671282 0)
(-0.467712 -0.00453398 0)
(-0.51775 -0.00378148 0)
(-0.5177 -0.00275183 0)
(-0.501648 -0.00205973 0)
(-0.473592 -0.00190043 0)
(-0.499173 -0.00143826 0)
(-0.491042 -0.00203626 0)
(-0.443194 -0.00189414 0)
(-0.418734 -0.000464049 0)
(-0.446265 0.000288144 0)
(-0.484876 0.000291012 0)
(0.00209164 0.000224201 0)
(0.00231698 -0.00254951 0)
(0.00256334 -0.00540018 0)
(0.00291156 -0.00840545 1.14221e-19)
(0.00343096 -0.0114535 -9.58256e-20)
(0.00405935 -0.0154153 8.41109e-20)
(0.00382772 -0.0162352 -7.56548e-20)
(0.00805434 -0.0353101 0)
(-0.0475821 -0.105169 0)
(0.000213551 -0.000265042 0)
(5.30849e-05 -0.000760561 0)
(-9.95887e-06 -0.000840529 0)
(5.42803e-05 -0.000837165 0)
(3.42716e-05 -0.000807729 1.5489e-19)
(-0.000133316 -0.000257841 -1.50869e-19)
(-0.000547164 0.00113253 0)
(-0.00112167 0.00372881 -1.75236e-19)
(-0.00149881 0.00705962 1.34281e-19)
(-0.00146224 0.0102314 0)
(-0.0010916 0.0125947 0)
(-0.000576327 0.0138571 0)
(-7.51579e-05 0.0139831 0)
(0.000323646 0.0131451 0)
(0.000655754 0.0116262 0)
(0.00098212 0.00947022 0)
(0.00134201 0.00671345 0)
(0.00174838 0.00340546 0)
(-0.000138697 -0.000266935 0)
(0.000160397 -0.00043237 0)
(0.000457747 -0.00048578 0)
(0.000768596 -0.000422403 0)
(0.00101936 -0.000199391 -0)
(0.00107041 0.000176292 -0)
(0.000834131 0.000629422 1.45136e-20)
(0.000337291 0.00105588 -1.65848e-20)
(-0.00035323 0.00136731 0)
(-0.0011455 0.00152595 -9.60717e-21)
(-0.00196563 0.00154368 0)
(-0.00274975 0.00144807 0)
(-0.00345276 0.00127412 0)
(-0.00404923 0.0010518 4.69576e-21)
(-0.00452737 0.000801618 0)
(-0.00488247 0.000535363 0)
(-0.00511185 0.000261345 -4.06523e-21)
(-0.00521959 -2.57776e-05 -0)
(-0.00518157 -0.000323398 0)
(-0.00499604 -0.000610434 -0)
(-0.00467183 -0.000866763 4.37543e-21)
(-0.00422083 -0.00107215 -0)
(-0.00366107 -0.0012057 5.18698e-21)
(-0.00302019 -0.00124827 0)
(-0.00233606 -0.00118621 -0)
(-0.00165791 -0.00101739 8.45018e-21)
(-0.00104264 -0.000759532 0)
(-0.000545968 -0.000458634 -1.40331e-20)
(-0.00019795 -0.000186446 0)
(2.04347e-05 -2.22577e-06 2.37783e-20)
(0.0001597 0.000104112 0)
(0.000241058 0.000192371 0)
(0.000235559 0.000299251 0)
(0.000129746 0.00044634 0)
(-0.000110399 0.000644004 0)
(-0.000511923 0.000851409 -1.51813e-20)
(-0.00105653 0.000992959 0)
(-0.00165827 0.000996089 1.79706e-20)
(-0.0022008 0.000849023 0)
(-0.00258905 0.000597755 -1.42446e-20)
(-0.00278145 0.000322987 0)
(-0.00280061 9.85021e-05 0)
(-0.00270225 -2.58146e-05 1.40719e-20)
(-0.00256371 -2.80032e-05 0)
(-0.00245329 9.05409e-05 1.468e-20)
(-0.00238915 0.000281529 -1.48127e-20)
(-0.00232533 0.000427493 0)
(-0.00214652 0.000304062 -1.58513e-20)
(-0.00161402 -0.000273494 -1.81683e-20)
(-0.00045763 -0.000998548 0)
(0.00123604 -0.00160283 0)
(0.00305702 -0.0022308 0)
(0.00513399 -0.00288634 0)
(0.00744398 -0.00343675 -0)
(0.0100213 -0.00380599 3.64708e-21)
(0.0126306 -0.00382552 0)
(0.0154186 -0.00382484 -2.94824e-21)
(0.0177553 -0.00367487 -0)
(0.019863 -0.00345444 -0)
(0.0231448 -0.00340694 2.34463e-21)
(0.0237242 -0.002959 0)
(0.0265266 -0.00285209 -2.03391e-21)
(0.0291539 -0.00262513 -0)
(0.0294421 -0.0022605 0)
(0.0320515 -0.0021677 -0)
(0.0339596 -0.00200399 1.82288e-21)
(0.0359012 -0.00187558 0)
(0.037729 -0.00175802 -0)
(0.0395068 -0.00165339 1.77325e-21)
(0.0412112 -0.00156065 0)
(0.042865 -0.0014779 1.7507e-21)
(0.0444672 -0.00140365 0)
(0.0460238 -0.00133645 0)
(0.0475394 -0.00127476 0)
(0.0490146 -0.00121772 -1.71893e-21)
(0.0504539 -0.00116415 -0)
(0.051856 -0.00111347 0)
(0.0532249 -0.00106479 -1.70013e-21)
(0.0545578 -0.00101806 -1.69413e-21)
(0.0558588 -0.0009723 -0)
(0.0571235 -0.000927809 -1.68201e-21)
(0.0583566 -0.000883831 0)
(0.0595532 -0.000840639 -3.33852e-21)
(0.0607169 -0.000797574 -0)
(0.0618435 -0.000755153 -3.31072e-21)
(0.0629361 -0.00071248 -0)
(0.0639902 -0.000670062 3.2796e-21)
(0.0650076 -0.000627113 0)
(0.0659845 -0.000584057 0)
(0.0669216 -0.000540799 0)
(0.0678175 -0.000497624 -3.20467e-21)
(0.068672 -0.000453729 -0)
(0.0694822 -0.000408942 3.15987e-21)
(0.0702468 -0.000362874 0)
(0.0709628 -0.000315464 -3.10921e-21)
(0.0716288 -0.000266357 -3.08156e-21)
(0.0722421 -0.0002153 -3.0523e-21)
(0.0728004 -0.000162647 -0)
(0.0733031 -0.000109366 0)
(0.073749 -5.8747e-05 0)
(0.0741437 -1.63071e-05 0)
(0.074492 1.91193e-05 0)
(0.0747972 5.30849e-05 0)
(0.0750581 8.59828e-05 0)
(0.0752759 0.000118633 0)
(0.0754489 0.000150745 2.7116e-21)
(0.0755782 0.000182781 2.66398e-21)
(0.075662 0.000214219 0)
(0.0757016 0.000245609 0)
(0.0756949 0.000276373 0)
(0.075644 0.000306978 2.45329e-21)
(0.0755467 0.000337069 0)
(0.0754039 0.000366922 0)
(0.0752154 0.000396147 0)
(0.0749813 0.000425206 0)
(0.0747012 0.000453659 -2.14412e-21)
(0.0743756 0.000481846 0)
(0.0740041 0.000509419 0)
(0.0735876 0.000536626 1.9336e-21)
(0.0731258 0.000563368 -1.85911e-21)
(0.0726189 0.00058964 0)
(0.0720676 0.00061537 -1.70342e-21)
(0.071472 0.000640608 0)
(0.0708328 0.000665375 1.53847e-21)
(0.0701498 0.000689598 0)
(0.0694239 0.000713398 0)
(0.0686547 0.000736576 0)
(0.0678435 0.000759359 0)
(0.0669919 0.000781583 0)
(0.0661073 0.00080319 -1.96675e-21)
(0.0651798 0.000823638 -1.76265e-21)
(0.0642179 0.000843674 0)
(0.0632107 0.000862654 0)
(0.0621743 0.000880253 0)
(0.0611026 0.000895177 8.86039e-22)
(0.0600022 0.000905105 0)
(0.0588712 0.000906393 0)
(0.0577125 0.000898624 0)
(0.0565197 0.000902038 -9.64719e-23)
(0.0552972 0.000918061 3.60997e-22)
(0.0540431 0.000930317 0)
(0.0527636 0.000942129 0)
(0.0514583 0.000952873 1.20656e-21)
(0.0501301 0.000962988 1.50705e-21)
(0.0487794 0.00097227 0)
(0.0474088 0.000980981 0)
(0.0460189 0.000989023 -2.47046e-21)
(0.0446114 0.000996508 2.81391e-21)
(0.0431878 0.0010033 0)
(0.0417497 0.00100954 0)
(0.0402985 0.00101518 3.91982e-21)
(0.0388356 0.00102028 0)
(0.0373619 0.00102478 0)
(0.0358794 0.00102867 5.15622e-21)
(0.0343893 0.00103209 0)
(0.0328928 0.00103511 6.06659e-21)
(0.0313915 0.00103786 0)
(0.029886 0.00104045 0)
(0.0283775 0.001043 0)
(0.0268666 0.00104565 -8.14492e-21)
(0.0253537 0.0010485 0)
(0.0238391 0.00105158 0)
(0.0223231 0.00105495 0)
(0.0208059 0.0010586 0)
(0.0192878 0.00106258 0)
(0.0177691 0.00106695 0)
(0.01625 0.00107186 -1.30098e-20)
(0.0147305 0.00107738 -1.38939e-20)
(0.0132105 0.00108367 0)
(0.0116899 0.00109075 0)
(0.0101684 0.00109855 0)
(0.00864609 0.00110677 1.81805e-20)
(0.00712358 0.00111493 0)
(0.00560258 0.00112279 -4.18854e-20)
(0.0040865 0.00112828 4.50733e-20)
(0.00258284 0.00112667 4.86036e-20)
(0.00109996 0.00110684 -5.2519e-20)
(-0.000284613 0.00105985 5.43939e-20)
(-0.00182206 0.000905056 -5.31537e-20)
(-0.00220599 0.000538797 0)
(-0.00416313 0.00118497 -3.15481e-18)
(-0.0071871 0.000967452 -2.8492e-18)
(-0.0101847 0.000637031 0)
(-0.0133065 0.000325391 -4.82388e-18)
(-0.0166456 -5.96343e-06 -8.95442e-18)
(-0.0202009 -0.00035784 -4.17169e-18)
(-0.0239838 -0.000730706 3.8981e-18)
(-0.0280153 -0.00112814 -6.01853e-35)
(-0.0323202 -0.00155316 3.00927e-36)
(-0.0369157 -0.00200866 3.21541e-18)
(-0.0418186 -0.00250169 3.02077e-18)
(-0.0470489 -0.00299262 0)
(-0.0526117 -0.00350073 0)
(-0.0585627 -0.00408406 0)
(-0.0649623 -0.00473316 2.57198e-35)
(-0.0718177 -0.00543796 5.55774e-35)
(-0.0792678 -0.00619814 1.11343e-34)
(-0.0871919 -0.00701929 -3.73082e-18)
(-0.09612 -0.00791012 -3.39768e-18)
(-0.10518 -0.0088763 6.01853e-36)
(-0.116675 -0.00993762 5.34292e-18)
(-0.126251 -0.0111037 8.86742e-18)
(-0.143555 -0.0123341 1.20371e-35)
(-0.151021 -0.0138371 -4.27497e-18)
(-0.185428 -0.0161764 9.0278e-36)
)
;
    }
    frontAndBack
    {
        type            empty;
    }
}


// ************************************************************************* //
