/*--------------------------------*- C++ -*----------------------------------*\
  =========                 |
  \\      /  F ield         | OpenFOAM: The Open Source CFD Toolbox
   \\    /   O peration     | Website:  https://openfoam.org
    \\  /    A nd           | Version:  8
     \\/     M anipulation  |
\*---------------------------------------------------------------------------*/
FoamFile
{
    version     2.0;
    format      ascii;
    class       volVectorField;
    location    "4500";
    object      wallShearStress;
}
// * * * * * * * * * * * * * * * * * * * * * * * * * * * * * * * * * * * * * //

dimensions      [0 2 -2 0 0 0 0];

internalField   uniform (0 0 0);

boundaryField
{
    inlet
    {
        type            calculated;
        value           uniform (0 0 0);
    }
    outlet
    {
        type            calculated;
        value           uniform (0 0 0);
    }
    upperWall
    {
        type            calculated;
        value           nonuniform List<vector> 
223
(
(-0.582193 -0.392359 0)
(-0.977814 -0.219377 0)
(-0.939336 -0.0567747 0)
(-0.81071 -0.00585779 0)
(-0.734594 0.00331369 0)
(-0.695452 0.00231539 0)
(-0.67094 0.0004243 0)
(-0.6535 -0.00144896 0)
(-0.640541 -0.00256683 0)
(-0.629801 -0.00217397 0)
(-0.620128 -0.00134621 0)
(-0.610876 -0.000985211 0)
(-0.603119 -0.00163207 0)
(-0.597043 -0.00155397 0)
(-0.590603 0.000492323 0)
(-0.584434 0.000986322 0)
(-0.579778 -0.000241672 0)
(-0.575269 0.000870875 0)
(-0.570772 0.00263074 0)
(-0.567432 0.00184028 4.23298e-22)
(-0.564756 0.00123548 0)
(-0.561951 0.00280867 0)
(-0.558577 0.00308049 0)
(-0.55551 0.00260441 4.46749e-22)
(-0.552861 0.0028884 0)
(-0.550045 0.00332083 0)
(-0.547175 0.00352769 0)
(-0.544236 0.00352749 -9.38355e-22)
(-0.541362 0.00306558 9.46538e-22)
(-0.538646 0.00261286 9.56927e-22)
(-0.535974 0.00248509 0)
(-0.533262 0.00219321 -9.78879e-22)
(-0.530613 0.00193281 0)
(-0.527977 0.00173296 1.00183e-21)
(-0.525334 0.00156353 1.01388e-21)
(-0.522682 0.00143378 -1.02642e-21)
(-0.52001 0.00132948 0)
(-0.517323 0.00124712 0)
(-0.514617 0.00118383 0)
(-0.511886 0.00113556 0)
(-0.509129 0.00109916 -1.09103e-21)
(-0.506342 0.00107245 0)
(-0.503523 0.00105341 0)
(-0.50067 0.00104091 1.13111e-21)
(-0.497778 0.00103385 0)
(-0.494845 0.00103128 1.15757e-21)
(-0.491867 0.00103249 -1.17055e-21)
(-0.488842 0.00103676 1.1833e-21)
(-0.485765 0.00104378 0)
(-0.482634 0.00105209 0)
(-0.479449 0.00106108 0)
(-0.47621 0.00106961 1.23081e-21)
(-0.472924 0.00107652 -1.24148e-21)
(-0.469603 0.0010821 0)
(-0.46626 0.00108733 0)
(-0.46291 0.00109265 0)
(-0.459566 0.00109726 0)
(-0.456232 0.0011001 0)
(-0.452907 0.00110025 0)
(-0.449589 0.00109779 0)
(-0.44627 0.00109351 0)
(-0.442938 0.00108838 1.29206e-21)
(-0.439583 0.00108354 -1.29184e-21)
(-0.436194 0.00107984 0)
(-0.432761 0.00107799 0)
(-0.42927 0.00107812 0)
(-0.425716 0.00108028 -1.27847e-21)
(-0.422088 0.00108441 0)
(-0.41838 0.00109021 0)
(-0.414587 0.00109729 0)
(-0.410704 0.00110532 0)
(-0.406727 0.00111381 0)
(-0.402655 0.00112219 -2.4346e-21)
(-0.398486 0.00112999 0)
(-0.394223 0.0011366 0)
(-0.389868 0.00114163 0)
(-0.385426 0.00114476 0)
(-0.380907 0.0011459 0)
(-0.376322 0.00114495 0)
(-0.371682 0.00114154 0)
(-0.367001 0.00113553 2.0956e-21)
(-0.362288 0.00112674 0)
(-0.357551 0.00111515 0)
(-0.352795 0.00110118 0)
(-0.348022 0.00108539 -1.83997e-21)
(-0.343231 0.00106822 0)
(-0.338422 0.00105033 -1.69055e-21)
(-0.333591 0.00103241 0)
(-0.328732 0.00101536 0)
(-0.323837 0.000999827 0)
(-0.319025 0.000991998 -1.35139e-21)
(-0.316385 0.00100118 0)
(-0.31366 0.00101506 1.18094e-21)
(-0.310855 0.00102966 1.09026e-21)
(-0.307976 0.00104285 0)
(-0.305031 0.00105377 8.96594e-22)
(-0.302034 0.00106259 0)
(-0.298997 0.00106972 0)
(-0.295935 0.00107753 0)
(-0.292864 0.00108337 -4.55213e-22)
(-0.289794 0.00109674 0)
(-0.286742 0.00109672 -2.05809e-22)
(-0.283713 0.00110497 7.38752e-23)
(-0.280731 0.00111251 0)
(-0.277797 0.00110394 0)
(-0.274916 0.00112576 0)
(-0.272099 0.00111612 0)
(-0.269352 0.00100296 0)
(-0.266676 0.000981921 0)
(-0.2641 0.00119525 0)
(-0.261666 0.00112855 1.14417e-21)
(-0.259184 0.00144351 0)
(-0.257123 0.00179743 0)
(-0.255095 0.00148784 0)
(-0.253316 0.00128289 0)
(-0.251503 0.00121642 0)
(-0.249621 0.000909513 0)
(-0.24768 0.000813005 0)
(-0.245876 0.000992589 0)
(-0.244048 0.000916076 0)
(-0.242237 0.000549523 0)
(-0.240168 0.000578808 0)
(-0.23844 0.000893637 0)
(-0.236637 0.000764348 7.12853e-21)
(-0.234982 0.000771494 0)
(-0.233495 0.000758237 0)
(-0.231855 0.000660482 0)
(-0.230035 0.000605894 -8.78632e-21)
(-0.228477 0.000623366 0)
(-0.22717 0.000672015 0)
(-0.225512 0.000678277 -1.0017e-20)
(-0.223986 0.000664763 0)
(-0.222615 0.000684489 1.08239e-20)
(-0.221449 8.97638e-05 0)
(-0.219611 -0.00046448 0)
(-0.217943 -0.000216812 0)
(-0.216618 -3.29257e-05 -1.26292e-20)
(-0.215345 8.84823e-05 0)
(-0.214386 0.000198138 1.34421e-20)
(-0.213136 0.000255567 0)
(-0.212251 0.000275388 0)
(-0.211171 0.000334921 0)
(-0.210016 0.000380969 0)
(-0.20884 0.000343853 0)
(-0.207881 0.000458247 0)
(-0.206931 0.000464581 0)
(-0.206206 0.000386738 0)
(-0.205373 0.000790292 0)
(-0.204505 0.00100251 0)
(-0.203986 0.000810428 0)
(-0.203044 0.000817124 1.84525e-20)
(-0.202748 0.000603387 -1.87362e-20)
(-0.202194 0.000438787 0)
(-0.201695 0.000490872 0)
(-0.20135 0.000406482 0)
(-0.200832 0.000352136 0)
(-0.200372 0.000464753 -2.07571e-20)
(-0.19963 -4.23082e-05 2.12543e-20)
(-0.198316 -0.00058804 -2.19132e-20)
(-0.197425 -0.000310682 0)
(-0.196955 -1.82761e-05 -2.26245e-20)
(-0.196511 0.000140208 -4.6019e-20)
(-0.195888 0.000168685 0)
(-0.195555 0.000532775 -4.74966e-20)
(-0.195246 0.000755234 4.82979e-20)
(-0.195232 0.000590571 0)
(-0.194574 0.000476596 0)
(-0.194449 0.000207256 0)
(-0.194281 0.000291445 0)
(-0.193695 0.000317461 0)
(-0.193278 0.000287682 -5.32443e-20)
(-0.192841 0.000450378 0)
(-0.192739 -9.47511e-05 -5.47947e-20)
(-0.191672 -0.000432591 0)
(-0.190726 -0.000219235 0)
(-0.190252 -5.0382e-05 0)
(-0.189729 7.17292e-05 0)
(-0.189358 0.000124691 0)
(-0.188431 0.000231668 6.11782e-20)
(-0.18801 0.000309595 0)
(-0.187303 0.000551167 0)
(-0.186649 0.000527616 -6.38127e-20)
(-0.185863 0.000143644 0)
(-0.18471 9.95477e-05 0)
(-0.183685 0.000192634 0)
(-0.183212 0.000261874 6.87492e-20)
(-0.1817 0.00033431 0)
(-0.180035 0.000387943 0)
(-0.178741 0.000399846 0)
(-0.177635 0.000650179 0)
(-0.175616 0.0010032 -7.67111e-20)
(-0.173077 0.0010213 0)
(-0.170527 0.000925183 0)
(-0.167273 0.000630105 0)
(-0.162048 0.000643201 8.8805e-20)
(-0.154479 0.00113571 0)
(-0.147935 0.00217864 0)
(-0.122814 0.00226782 -1.08431e-19)
(-0.140746 0.00682337 6.01853e-36)
(-0.169143 0.0134311 1.25047e-17)
(-0.186549 0.0171996 2.35869e-17)
(-0.193203 0.0189374 2.26853e-17)
(-0.19673 0.0197429 2.2009e-17)
(-0.200534 0.0203202 2.12164e-17)
(-0.20518 0.0210062 -2.0251e-17)
(-0.209562 0.021529 -1.95328e-17)
(-0.21382 0.0218814 -6.01853e-36)
(-0.218082 0.0220258 -3.66651e-17)
(-0.220231 0.0221878 -1.80778e-17)
(-0.224704 0.0227258 8.6065e-34)
(-0.227531 0.0229081 -1.20371e-35)
(-0.231072 0.0233667 -3.22789e-17)
(-0.235356 0.0239379 -3.06851e-17)
(-0.242352 0.0247809 -2.84654e-17)
(-0.249528 0.0254459 -2.40741e-35)
(-0.256868 0.0260689 4.94034e-17)
(-0.263916 0.0266483 2.2646e-17)
(-0.272757 0.0274468 1.20371e-35)
(-0.28266 0.0283577 -3.48617e-17)
(-0.291217 0.0289997 -1.58065e-20)
(-0.300883 0.0295779 -3.00927e-36)
(-0.304438 0.0304168 1.34851e-17)
(-0.332562 0.0321497 -7.62891e-18)
)
;
    }
    lowerWall
    {
        type            calculated;
        value           nonuniform List<vector> 
250
(
(-0.653909 0.466638 0)
(-1.14095 0.204678 0)
(-1.03492 0.0379587 0)
(-0.869573 -0.000935979 0)
(-0.786941 -0.00419161 0)
(-0.746063 -0.0016078 0)
(-0.719878 0.00041619 0)
(-0.700645 -0.000651786 0)
(-0.685089 -0.00405593 0)
(-0.671318 -0.00471216 0)
(-0.658933 -0.00298818 0)
(-0.64772 -0.000864199 0)
(-0.637517 0.0014261 0)
(-0.628189 0.00210388 0)
(-0.61932 0.00136797 0)
(-0.611521 0.00135751 0)
(-0.60458 0.00169582 0)
(-0.605068 0.00194305 0)
(-0.0042605 -0.022858 0)
(-0.00275892 -0.0176425 0)
(-0.00067693 -0.0144931 0)
(0.00194469 -0.0137776 9.02244e-20)
(0.00526916 -0.0151981 -7.86176e-20)
(0.00896195 -0.0208211 6.28483e-20)
(0.0127404 -0.0200863 -4.84725e-20)
(0.0256281 -0.0633147 0)
(-0.0840635 -0.144715 0)
(0.000872243 -0.00384023 0)
(-0.00766542 0.00954752 0)
(-0.00851592 0.0328221 0)
(-0.00254912 0.0448554 0)
(0.00295362 0.0442615 1.82219e-20)
(0.00618298 0.0360627 -1.89654e-20)
(0.00818745 0.0241605 0)
(0.00946072 0.0101599 -5.42285e-20)
(0.00943179 -0.0040432 6.11413e-20)
(0.00793334 -0.0174233 0)
(0.00614122 -0.0291958 0)
(0.00438171 -0.0385633 0)
(0.0026872 -0.0451405 0)
(0.000985982 -0.0488805 0)
(-0.000885211 -0.0495152 0)
(-0.00282057 -0.0464088 0)
(-0.00437909 -0.0399033 0)
(-0.00492627 -0.0308272 0)
(0.00132872 -0.00151189 0)
(0.00133789 0.00652742 0)
(-0.00450936 0.00961875 0)
(-0.00959731 0.00975655 0)
(-0.0133832 0.00829953 0)
(-0.0158894 0.00623521 0)
(-0.0172644 0.0040976 1.49571e-21)
(-0.017783 0.00200608 -1.52732e-21)
(-0.0173314 -7.03618e-06 0)
(-0.0160539 -0.00168628 -1.65306e-21)
(-0.0141884 -0.00283756 0)
(-0.0120503 -0.00329642 0)
(-0.0100507 -0.00303582 -0)
(-0.00855307 -0.00228021 2.57027e-21)
(-0.00761643 -0.00142301 0)
(-0.00693811 -0.000815839 0)
(-0.00612056 -0.000623443 -3.37819e-21)
(-0.00499289 -0.00100054 0)
(-0.00340841 -0.00238617 0)
(-0.000488223 -0.00505793 0)
(0.00436135 -0.00740387 3.03289e-21)
(0.00994636 -0.00889528 0)
(0.0158474 -0.00985005 1.46909e-21)
(0.0218928 -0.010617 0)
(0.0280986 -0.011269 -0)
(0.034409 -0.0115143 8.44685e-22)
(0.0405415 -0.0113547 0)
(0.04915 -0.0116034 -7.5404e-22)
(0.05894 -0.0117553 -0)
(0.0686342 -0.0115827 7.70704e-22)
(0.0780432 -0.011169 0)
(0.0870162 -0.0105841 0)
(0.0954605 -0.00989004 0)
(0.103318 -0.00913649 -0)
(0.110565 -0.00836061 0)
(0.117198 -0.00758958 -8.11159e-22)
(0.123231 -0.0068404 -0)
(0.128687 -0.00612262 1.63309e-21)
(0.133592 -0.00544036 0)
(0.137974 -0.00479405 -1.63496e-21)
(0.14186 -0.00418206 -0)
(0.145272 -0.00360138 -0)
(0.148233 -0.00304946 1.62106e-21)
(0.150759 -0.00252413 0)
(0.152865 -0.00202407 1.60084e-21)
(0.154562 -0.00155025 -1.58753e-21)
(0.155864 -0.00110622 -0)
(0.156782 -0.000698783 -1.55491e-21)
(0.157329 -0.00033777 -1.53588e-21)
(0.157514 -3.98124e-05 -0)
(0.157409 0.000194736 0)
(0.157077 0.000391598 0)
(0.156523 0.000568239 0)
(0.155762 0.000731076 -0)
(0.154801 0.000884201 1.37582e-21)
(0.153649 0.00102839 0)
(0.152313 0.00116407 -1.30704e-21)
(0.1508 0.00129166 -0)
(0.149117 0.00141125 -0)
(0.147272 0.00152288 1.19058e-21)
(0.145273 0.00162647 0)
(0.143127 0.00172191 -1.10489e-21)
(0.140843 0.00180927 -0)
(0.13843 0.00188861 0)
(0.135896 0.00195988 -0)
(0.13325 0.00202309 9.16866e-22)
(0.130502 0.00207843 0)
(0.12766 0.00212596 -0)
(0.124734 0.00216584 7.63823e-22)
(0.121733 0.00219831 0)
(0.118666 0.00222356 6.57292e-22)
(0.115542 0.00224174 0)
(0.112371 0.00225318 0)
(0.10916 0.00225813 0)
(0.10592 0.00225686 -4.36213e-22)
(0.102657 0.00224959 -0)
(0.0993804 0.00223666 0)
(0.0960978 0.00221847 -2.65612e-22)
(0.0928166 0.00219539 -2.08164e-22)
(0.089544 0.00216779 -0)
(0.0862869 0.00213636 -9.27002e-23)
(0.0830513 0.00210171 -0)
(0.0798427 0.00206399 4.65432e-23)
(0.0766668 0.002023 -0)
(0.0735287 0.00197811 2.78975e-22)
(0.0704338 0.00192931 0)
(0.0673875 0.0018782 -5.11541e-22)
(0.0643936 0.00182804 -0)
(0.0614531 0.00178098 0)
(0.0585675 0.00173581 -0)
(0.05574 0.00169066 9.78399e-22)
(0.0529743 0.00164905 0)
(0.0502699 0.00161739 -1.21384e-21)
(0.0476238 0.00159528 0)
(0.0457846 0.0016035 1.47558e-21)
(0.0442423 0.00162086 1.63411e-21)
(0.0427033 0.00162599 1.79903e-21)
(0.0411759 0.001613 0)
(0.0396654 0.00158972 0)
(0.0381717 0.001564 0)
(0.0366935 0.0015382 0)
(0.0352306 0.00151251 0)
(0.0337833 0.00148689 0)
(0.0323525 0.0014614 0)
(0.0309383 0.00143621 0)
(0.0295412 0.00141139 -3.69185e-21)
(0.0281618 0.00138717 -3.96751e-21)
(0.0268002 0.00136373 0)
(0.0254563 0.00134078 0)
(0.0241307 0.00131672 0)
(0.0228249 0.00129182 -5.26751e-21)
(0.0215386 0.00126765 0)
(0.0202719 0.00124397 0)
(0.0190249 0.0012209 0)
(0.0177975 0.00119849 0)
(0.0165898 0.00117677 7.53628e-21)
(0.0154019 0.00115582 0)
(0.0142337 0.00113574 0)
(0.013085 0.00111663 -9.4553e-21)
(0.0119559 0.00109852 1.02329e-20)
(0.0108463 0.00108152 0)
(0.0097561 0.0010659 1.20695e-20)
(0.00868523 0.00105232 0)
(0.00763331 0.00104195 -1.44083e-20)
(0.00659968 0.00103507 0)
(0.00558402 0.00103066 0)
(0.00458625 0.00102845 0)
(0.00360595 0.00102875 0)
(0.0026427 0.00103179 0)
(0.00169693 0.00103751 5.57198e-20)
(0.000770162 0.0010431 6.42332e-20)
(-0.000139662 0.00103034 0)
(-0.00103697 0.000987471 0)
(-0.00191882 0.000935074 0)
(-0.00278515 0.000885581 -5.28812e-20)
(-0.00363586 0.00084066 0)
(-0.00447078 0.000799911 0)
(-0.00529027 0.000762841 0)
(-0.00609491 0.00072896 -4.04118e-20)
(-0.00688525 0.000697807 3.83622e-20)
(-0.00766179 0.000669013 0)
(-0.00842505 0.000642258 0)
(-0.0091754 0.000617305 3.36158e-20)
(-0.00991332 0.000593956 3.2376e-20)
(-0.0106393 0.000572045 0)
(-0.0113536 0.000551439 0)
(-0.0120568 0.00053202 -2.93514e-20)
(-0.0127492 0.000513697 2.8524e-20)
(-0.0134313 0.00049639 0)
(-0.0141036 0.00048002 0)
(-0.0147664 0.000464537 2.64347e-20)
(-0.0154202 0.00044988 0)
(-0.0160654 0.000436006 0)
(-0.0167026 0.000422869 2.47898e-20)
(-0.0173321 0.00041044 0)
(-0.0179544 0.000398677 2.38741e-20)
(-0.0185699 0.000387553 0)
(-0.0191792 0.000377039 0)
(-0.0197828 0.000367103 0)
(-0.0203809 0.000357716 -2.23585e-20)
(-0.0209743 0.000348838 0)
(-0.0215631 0.000340421 0)
(-0.0221477 0.00033241 0)
(-0.0227284 0.000324782 0)
(-0.0233058 0.000317422 0)
(-0.0238794 0.000310215 0)
(-0.0244495 0.000303037 -2.03856e-20)
(-0.0250155 0.00029566 -2.01553e-20)
(-0.0255766 0.000287838 0)
(-0.0261314 0.000279175 0)
(-0.0266776 0.000269127 0)
(-0.0272118 0.000256978 1.93605e-20)
(-0.0277289 0.000241505 0)
(-0.0282207 0.000221285 -3.8135e-20)
(-0.0286776 0.000192236 3.79288e-20)
(-0.0290705 0.000152615 3.78197e-20)
(-0.0294018 7.78689e-05 -3.78583e-20)
(-0.0294833 -3.94188e-05 3.80454e-20)
(-0.0295078 -0.00035655 -3.83976e-20)
(-0.0279734 -0.000616862 0)
(-0.0293459 -0.000516208 -2.43317e-18)
(-0.0327695 -0.00134236 -2.26976e-18)
(-0.036413 -0.00203335 0)
(-0.0395336 -0.00257602 -4.06089e-18)
(-0.0424836 -0.00301857 -7.75785e-18)
(-0.0455558 -0.00342159 -3.7196e-18)
(-0.048779 -0.00381899 3.56815e-18)
(-0.052115 -0.0042988 -4.81482e-35)
(-0.0555975 -0.00475654 6.01853e-36)
(-0.0592975 -0.00508021 3.14752e-18)
(-0.0632363 -0.0054071 3.0282e-18)
(-0.067427 -0.00580701 3.00927e-36)
(-0.0719085 -0.00624944 0)
(-0.0767228 -0.00671047 0)
(-0.0819166 -0.00720498 -7.97926e-35)
(-0.0875376 -0.00774614 7.68303e-35)
(-0.0936559 -0.00834618 9.0278e-35)
(-0.100327 -0.00900924 -4.15792e-18)
(-0.10769 -0.00972987 -3.81218e-18)
(-0.116749 -0.0106228 6.01853e-36)
(-0.127566 -0.0116262 6.13651e-18)
(-0.138421 -0.0127332 1.03489e-17)
(-0.153646 -0.0139266 1.20371e-35)
(-0.162846 -0.0152936 -5.09787e-18)
(-0.19196 -0.0169816 3.00927e-36)
)
;
    }
    frontAndBack
    {
        type            empty;
    }
}


// ************************************************************************* //
