/*--------------------------------*- C++ -*----------------------------------*\
  =========                 |
  \\      /  F ield         | OpenFOAM: The Open Source CFD Toolbox
   \\    /   O peration     | Website:  https://openfoam.org
    \\  /    A nd           | Version:  8
     \\/     M anipulation  |
\*---------------------------------------------------------------------------*/
FoamFile
{
    version     2.0;
    format      ascii;
    class       volVectorField;
    location    "3100";
    object      wallShearStress;
}
// * * * * * * * * * * * * * * * * * * * * * * * * * * * * * * * * * * * * * //

dimensions      [0 2 -2 0 0 0 0];

internalField   uniform (0 0 0);

boundaryField
{
    inlet
    {
        type            calculated;
        value           uniform (0 0 0);
    }
    outlet
    {
        type            calculated;
        value           uniform (0 0 0);
    }
    upperWall
    {
        type            calculated;
        value           nonuniform List<vector> 
223
(
(-0.582193 -0.392359 0)
(-0.977814 -0.219377 0)
(-0.939335 -0.0567746 0)
(-0.81071 -0.00585788 0)
(-0.734594 0.00331365 0)
(-0.695452 0.00231534 0)
(-0.67094 0.000424017 0)
(-0.653508 -0.00144967 0)
(-0.640539 -0.00256409 0)
(-0.629821 -0.00218267 0)
(-0.620067 -0.0013115 0)
(-0.610954 -0.00108329 0)
(-0.603064 -0.00140532 0)
(-0.596129 -0.00114342 0)
(-0.590223 -0.000805737 0)
(-0.585408 -0.000688071 0)
(-0.580221 0.000690505 0)
(-0.574933 0.00261268 0)
(-0.570851 0.00202506 0)
(-0.567835 0.00195285 4.24245e-22)
(-0.564825 0.00256831 0)
(-0.561788 0.00271171 0)
(-0.558989 0.00336892 0)
(-0.555992 0.00379417 4.48685e-22)
(-0.552882 0.00403808 0)
(-0.549876 0.00369072 0)
(-0.54702 0.0033773 0)
(-0.544184 0.00320465 -9.34269e-22)
(-0.541353 0.00277813 9.44229e-22)
(-0.538663 0.00239266 9.54884e-22)
(-0.536017 0.00210358 0)
(-0.533383 0.00188327 -9.77657e-22)
(-0.530746 0.00169491 0)
(-0.528112 0.00154487 1.00144e-21)
(-0.525462 0.00141911 1.01357e-21)
(-0.522796 0.00132379 -1.02605e-21)
(-0.520109 0.00124483 0)
(-0.517407 0.00118118 0)
(-0.514687 0.00113158 0)
(-0.511945 0.00109331 0)
(-0.509178 0.00106439 -1.0903e-21)
(-0.506383 0.00104324 0)
(-0.503557 0.0010285 0)
(-0.500698 0.00101917 1.13041e-21)
(-0.497802 0.00101461 0)
(-0.494865 0.00101407 1.15694e-21)
(-0.491884 0.00101687 -1.16997e-21)
(-0.488857 0.00102256 1.18276e-21)
(-0.485777 0.0010306 0)
(-0.482645 0.00104003 0)
(-0.479458 0.00105015 0)
(-0.476219 0.00105956 1.23043e-21)
(-0.472931 0.00106729 -1.24113e-21)
(-0.469608 0.00107357 0)
(-0.466265 0.00107948 0)
(-0.462915 0.00108549 0)
(-0.45957 0.00109074 0)
(-0.456236 0.00109411 0)
(-0.452911 0.00109479 0)
(-0.449593 0.00109282 0)
(-0.446273 0.00108907 0)
(-0.442941 0.00108434 1.29193e-21)
(-0.439586 0.00107977 -1.29172e-21)
(-0.436197 0.00107641 0)
(-0.432763 0.00107487 0)
(-0.429273 0.00107529 0)
(-0.425719 0.00107772 -1.27838e-21)
(-0.422091 0.00108209 0)
(-0.418383 0.00108812 0)
(-0.41459 0.00109543 0)
(-0.410707 0.00110366 0)
(-0.406729 0.00111234 0)
(-0.402657 0.0011209 -2.4344e-21)
(-0.398489 0.00112885 0)
(-0.394226 0.00113559 0)
(-0.389871 0.00114076 0)
(-0.385429 0.001144 0)
(-0.38091 0.0011452 0)
(-0.376325 0.00114438 0)
(-0.371685 0.00114109 0)
(-0.367004 0.0011351 2.09529e-21)
(-0.362291 0.00112633 0)
(-0.357554 0.00111484 0)
(-0.352798 0.00110096 0)
(-0.348024 0.00108513 -1.8396e-21)
(-0.343235 0.001068 0)
(-0.338425 0.00105018 -1.69015e-21)
(-0.333594 0.00103229 0)
(-0.328735 0.00101525 0)
(-0.32384 0.000999737 0)
(-0.319027 0.000991912 -1.35092e-21)
(-0.316387 0.0010011 0)
(-0.313662 0.00101496 1.18042e-21)
(-0.310857 0.0010296 1.08972e-21)
(-0.307978 0.00104281 0)
(-0.305033 0.00105371 8.96025e-22)
(-0.302036 0.00106241 0)
(-0.299 0.00106987 0)
(-0.295938 0.0010767 0)
(-0.292867 0.00108473 -4.54615e-22)
(-0.289799 0.00109263 0)
(-0.286747 0.00110165 -2.05279e-22)
(-0.283725 0.00111475 7.33025e-23)
(-0.280742 0.00110354 0)
(-0.277802 0.0011133 0)
(-0.274932 0.00112856 0)
(-0.272121 0.00110755 0)
(-0.269394 0.00110994 0)
(-0.266716 0.00115152 0)
(-0.264173 0.00111926 0)
(-0.261674 0.00114071 1.14562e-21)
(-0.259281 0.00100446 0)
(-0.256864 0.00128608 0)
(-0.254974 0.00165166 0)
(-0.25312 0.00144885 0)
(-0.251123 0.0013086 0)
(-0.249287 0.000967394 0)
(-0.247547 0.000446753 0)
(-0.245414 0.000681743 0)
(-0.243653 0.00113921 0)
(-0.241982 0.0010429 0)
(-0.24024 0.000935115 0)
(-0.238578 0.000815295 0)
(-0.23677 0.000855071 7.12972e-21)
(-0.235215 0.000789062 0)
(-0.233665 0.00072481 0)
(-0.231788 0.000422999 0)
(-0.230009 0.000527429 -8.79433e-21)
(-0.228458 0.000878494 0)
(-0.226994 0.000627194 0)
(-0.22579 0.00066089 -9.96386e-21)
(-0.224152 0.000756735 0)
(-0.222861 0.000344665 1.08172e-20)
(-0.221281 0.000300199 0)
(-0.220053 0.000605145 0)
(-0.218711 0.000547651 0)
(-0.217497 0.00050992 -1.25006e-20)
(-0.216577 0.000527988 0)
(-0.215239 0.000496872 1.33761e-20)
(-0.213914 0.000440887 0)
(-0.212897 0.000445566 0)
(-0.211746 0.000405506 0)
(-0.210772 0.000124056 0)
(-0.209642 0.000210296 0)
(-0.208833 0.000440536 0)
(-0.207941 0.00031981 0)
(-0.206785 0.000484124 0)
(-0.206133 0.000586725 0)
(-0.205544 0.000467033 0)
(-0.204624 0.000395514 0)
(-0.204032 0.000126231 1.83449e-20)
(-0.203184 0.000221069 -1.88439e-20)
(-0.202646 0.000397952 0)
(-0.201942 0.000281824 0)
(-0.201385 0.000353094 0)
(-0.200631 0.000397287 0)
(-0.200293 0.000292368 -2.07602e-20)
(-0.199965 0.0001533 2.11321e-20)
(-0.199265 0.000220168 -2.16274e-20)
(-0.198336 0.0002839 0)
(-0.197973 -0.000285232 -2.24415e-20)
(-0.196943 -0.000663575 -4.62308e-20)
(-0.196085 -0.000367054 0)
(-0.19569 -0.000157489 -4.76624e-20)
(-0.195111 3.27224e-05 4.85509e-20)
(-0.194301 0.00011766 0)
(-0.194006 6.70616e-05 0)
(-0.193843 7.98235e-05 0)
(-0.193413 0.000155937 0)
(-0.192982 0.000195236 0)
(-0.192257 0.000290093 -5.36597e-20)
(-0.192063 0.00033277 0)
(-0.191733 0.000610637 -5.4989e-20)
(-0.191449 0.000787917 0)
(-0.191062 0.000641701 0)
(-0.190626 0.000540903 0)
(-0.190507 0.000451168 0)
(-0.189983 0.000386997 0)
(-0.189683 0.000390613 6.04076e-20)
(-0.189579 0.00036282 0)
(-0.189002 0.000217084 0)
(-0.187907 0.000271579 -6.38802e-20)
(-0.18726 0.000361258 0)
(-0.186546 0.00013548 0)
(-0.184913 -0.000156661 0)
(-0.183264 -0.000114836 6.9353e-20)
(-0.181812 3.64639e-05 0)
(-0.180717 0.000157397 0)
(-0.178957 0.000300876 0)
(-0.177159 0.000433471 0)
(-0.175038 0.00061848 -7.7268e-20)
(-0.17269 0.000869826 0)
(-0.169988 0.00101825 0)
(-0.166806 0.00103611 0)
(-0.162533 0.00119462 8.77416e-20)
(-0.155452 0.00144231 0)
(-0.148759 0.00228577 0)
(-0.123606 0.00222526 -1.07826e-19)
(-0.141458 0.00669574 6.01853e-36)
(-0.169549 0.0132007 1.25512e-17)
(-0.187146 0.0170851 2.35161e-17)
(-0.193287 0.0188877 2.27475e-17)
(-0.196918 0.0196954 2.19826e-17)
(-0.200968 0.0203074 2.1162e-17)
(-0.205487 0.0210158 -2.02266e-17)
(-0.209714 0.0215254 -1.95229e-17)
(-0.213879 0.0218724 0)
(-0.218093 0.022016 -3.66592e-17)
(-0.220221 0.0221795 -1.80764e-17)
(-0.224685 0.0227205 7.40279e-34)
(-0.227492 0.022904 0)
(-0.231066 0.0233611 -3.2269e-17)
(-0.235451 0.0239472 -3.0655e-17)
(-0.242431 0.0247951 -2.84637e-17)
(-0.249614 0.0254547 0)
(-0.256922 0.0260718 4.94028e-17)
(-0.263941 0.0266487 2.26467e-17)
(-0.272768 0.0274465 1.20371e-35)
(-0.282662 0.0283566 -3.48622e-17)
(-0.291224 0.0290016 -1.58549e-20)
(-0.300795 0.0295569 0)
(-0.305376 0.0305112 1.34129e-17)
(-0.332962 0.0321994 -7.62542e-18)
)
;
    }
    lowerWall
    {
        type            calculated;
        value           nonuniform List<vector> 
250
(
(-0.653909 0.466638 0)
(-1.14095 0.204678 0)
(-1.03492 0.0379586 0)
(-0.869573 -0.000935989 0)
(-0.786941 -0.00419163 0)
(-0.746063 -0.00160783 0)
(-0.719878 0.000416161 0)
(-0.700645 -0.0006518 0)
(-0.685088 -0.00405592 0)
(-0.671318 -0.00471216 0)
(-0.658933 -0.00298819 0)
(-0.64772 -0.00086422 0)
(-0.637517 0.00142612 0)
(-0.62819 0.0021039 0)
(-0.619321 0.00136785 0)
(-0.611521 0.00135761 0)
(-0.604582 0.00169566 0)
(-0.605066 0.0019436 0)
(-0.00423453 -0.0228312 0)
(-0.00275636 -0.0176471 0)
(-0.000681475 -0.0144989 0)
(0.00193709 -0.013806 9.02144e-20)
(0.00525866 -0.0152208 -7.86096e-20)
(0.00895446 -0.0208376 6.28304e-20)
(0.0127339 -0.0200918 -4.84597e-20)
(0.02563 -0.0633137 0)
(-0.0840443 -0.144719 0)
(0.000872589 -0.00384027 0)
(-0.00766507 0.00954624 0)
(-0.00851609 0.0328209 0)
(-0.00254961 0.044855 0)
(0.00295316 0.0442618 1.82216e-20)
(0.00618251 0.0360637 -1.89649e-20)
(0.00818696 0.024162 0)
(0.00946026 0.0101619 -5.42243e-20)
(0.00943154 -0.0040409 6.11406e-20)
(0.00793326 -0.0174207 0)
(0.00614124 -0.0291931 0)
(0.00438181 -0.0385602 0)
(0.00268715 -0.0451375 0)
(0.00098612 -0.048876 0)
(-0.000886701 -0.0495114 0)
(-0.00281911 -0.0463947 0)
(-0.00439742 -0.0399063 0)
(-0.00491391 -0.0307476 0)
(0.00132865 -0.00151202 0)
(0.00133793 0.00652703 0)
(-0.00450905 0.00961839 0)
(-0.00959693 0.00975633 0)
(-0.0133829 0.00829942 0)
(-0.0158891 0.00623515 0)
(-0.0172641 0.00409759 1.4957e-21)
(-0.0177827 0.00200606 -1.5273e-21)
(-0.0173312 -7.06914e-06 0)
(-0.0160536 -0.00168633 -1.65305e-21)
(-0.0141881 -0.00283763 0)
(-0.01205 -0.00329653 0)
(-0.0100503 -0.00303592 -0)
(-0.00855268 -0.00228026 2.5703e-21)
(-0.00761607 -0.00142299 0)
(-0.00693785 -0.000815773 0)
(-0.00612043 -0.000623347 -3.37819e-21)
(-0.00499288 -0.00100037 0)
(-0.00340858 -0.00238579 0)
(-0.000488806 -0.00505734 0)
(0.00436038 -0.00740342 3.03314e-21)
(0.00994523 -0.00889499 0)
(0.0158462 -0.00984986 1.46914e-21)
(0.0218916 -0.0106168 0)
(0.0280973 -0.0112689 -0)
(0.0344078 -0.0115143 8.4469e-22)
(0.0405402 -0.0113546 0)
(0.0491475 -0.0116032 -7.54023e-22)
(0.0589376 -0.0117552 -0)
(0.0686317 -0.0115827 7.70685e-22)
(0.0780409 -0.011169 0)
(0.0870137 -0.010584 0)
(0.0954581 -0.00989004 0)
(0.103316 -0.00913658 -0)
(0.110562 -0.00836068 0)
(0.117195 -0.00758962 -8.1114e-22)
(0.123229 -0.00684046 -0)
(0.128685 -0.00612266 1.63306e-21)
(0.13359 -0.00544048 0)
(0.137972 -0.00479425 -1.63493e-21)
(0.141858 -0.00418211 -0)
(0.145271 -0.00360144 -0)
(0.148231 -0.00304959 1.62102e-21)
(0.150757 -0.00252412 0)
(0.152863 -0.00202413 1.6008e-21)
(0.154561 -0.00155039 -1.58749e-21)
(0.155863 -0.00110628 -0)
(0.156781 -0.000698841 -1.55487e-21)
(0.157327 -0.000337891 -1.53584e-21)
(0.157513 -3.98522e-05 -0)
(0.157408 0.000194704 0)
(0.157076 0.000391492 0)
(0.156522 0.000568204 0)
(0.155761 0.000731042 -0)
(0.1548 0.000884162 1.37578e-21)
(0.153648 0.00102828 0)
(0.152312 0.00116403 -1.307e-21)
(0.150799 0.00129161 -0)
(0.149116 0.0014112 -0)
(0.147271 0.00152282 1.19055e-21)
(0.145272 0.00162634 0)
(0.143126 0.00172183 -1.10485e-21)
(0.140843 0.00180919 -0)
(0.138429 0.00188845 0)
(0.135896 0.0019597 -0)
(0.13325 0.00202295 9.16827e-22)
(0.130502 0.00207827 0)
(0.12766 0.00212578 -0)
(0.124734 0.00216562 7.63789e-22)
(0.121733 0.00219806 0)
(0.118666 0.00222327 6.57259e-22)
(0.115542 0.00224143 0)
(0.112371 0.00225287 0)
(0.109161 0.00225779 0)
(0.10592 0.00225654 -4.36186e-22)
(0.102658 0.00224948 -0)
(0.0993813 0.0022369 0)
(0.0960985 0.00221906 -2.65586e-22)
(0.0928173 0.00219626 -2.08135e-22)
(0.0895446 0.00216899 -0)
(0.0862869 0.00213746 -9.26621e-23)
(0.083051 0.00210201 -0)
(0.0798424 0.00206302 4.65979e-23)
(0.0766673 0.00202089 -0)
(0.0735302 0.00197608 2.79018e-22)
(0.0704362 0.00192902 0)
(0.0673895 0.00188041 -5.11696e-22)
(0.0643937 0.00183097 -0)
(0.0614522 0.00178167 0)
(0.0585675 0.00173384 -0)
(0.0557418 0.00168922 9.78454e-22)
(0.052976 0.00164995 0)
(0.0502706 0.00161811 -1.21389e-21)
(0.0476246 0.00159484 0)
(0.0457853 0.00160348 1.47564e-21)
(0.0442429 0.00162099 1.63414e-21)
(0.042704 0.00162594 1.79906e-21)
(0.0411765 0.00161308 0)
(0.0396662 0.00158973 0)
(0.0381725 0.00156406 0)
(0.0366943 0.00153825 0)
(0.0352314 0.00151254 0)
(0.0337843 0.00148694 0)
(0.0323533 0.00146149 0)
(0.0309391 0.00143623 0)
(0.0295422 0.00141142 -3.69181e-21)
(0.0281627 0.00138722 -3.96743e-21)
(0.0268011 0.00136379 0)
(0.0254572 0.0013408 0)
(0.0241318 0.00131677 0)
(0.0228259 0.00129187 -5.26736e-21)
(0.0215398 0.00126766 0)
(0.020273 0.00124402 0)
(0.019026 0.00122094 0)
(0.0177986 0.00119852 0)
(0.016591 0.00117679 7.53591e-21)
(0.015403 0.00115583 0)
(0.0142348 0.00113575 0)
(0.0130862 0.00111663 -9.45469e-21)
(0.0119571 0.00109852 1.02322e-20)
(0.0108475 0.00108151 0)
(0.00975732 0.00106589 1.20685e-20)
(0.00868645 0.0010523 0)
(0.00763455 0.00104192 -1.44069e-20)
(0.00660092 0.00103503 0)
(0.00558524 0.00103063 0)
(0.00458748 0.00102841 0)
(0.00360718 0.0010287 0)
(0.00264391 0.00103174 0)
(0.00169812 0.00103746 5.57108e-20)
(0.000771324 0.00104305 6.42215e-20)
(-0.000138522 0.00103033 0)
(-0.00103585 0.000987498 0)
(-0.00191772 0.000935102 0)
(-0.00278407 0.000885605 -5.28875e-20)
(-0.00363484 0.000840682 0)
(-0.00446979 0.000799927 0)
(-0.00528932 0.00076286 0)
(-0.00609402 0.000728981 -4.04145e-20)
(-0.00688442 0.000697833 3.83648e-20)
(-0.00766104 0.000669036 0)
(-0.00842435 0.000642284 0)
(-0.00917478 0.00061733 3.36172e-20)
(-0.00991279 0.000593983 3.2377e-20)
(-0.0106388 0.000572073 0)
(-0.0113532 0.000551462 0)
(-0.0120565 0.000532045 -2.93518e-20)
(-0.0127491 0.000513718 2.85242e-20)
(-0.0134313 0.000496406 0)
(-0.0141037 0.000480033 0)
(-0.0147666 0.000464545 2.64345e-20)
(-0.0154205 0.000449887 0)
(-0.0160659 0.000436013 0)
(-0.0167031 0.000422878 2.47892e-20)
(-0.0173327 0.000410445 0)
(-0.0179551 0.000398685 2.38732e-20)
(-0.0185707 0.000387564 0)
(-0.0191801 0.000377049 0)
(-0.0197837 0.000367111 0)
(-0.0203819 0.000357711 -2.23577e-20)
(-0.0209751 0.000348833 0)
(-0.0215639 0.000340444 0)
(-0.0221488 0.000332451 0)
(-0.0227297 0.000324788 0)
(-0.0233068 0.000317428 0)
(-0.0238807 0.000310238 0)
(-0.0244508 0.000303041 -2.03847e-20)
(-0.0250168 0.00029568 -2.01544e-20)
(-0.025578 0.00028784 0)
(-0.0261327 0.000279175 0)
(-0.0266791 0.000269141 0)
(-0.0272133 0.00025699 1.93598e-20)
(-0.0277306 0.000241514 0)
(-0.0282224 0.000221275 -3.81337e-20)
(-0.0286793 0.000192222 3.79275e-20)
(-0.0290722 0.000152599 3.78184e-20)
(-0.0294035 7.78633e-05 -3.7857e-20)
(-0.0294852 -3.94313e-05 3.80441e-20)
(-0.0295097 -0.000356624 -3.83963e-20)
(-0.0279749 -0.00061695 0)
(-0.0293475 -0.000516277 -2.43311e-18)
(-0.0327712 -0.00134251 -2.2697e-18)
(-0.0364148 -0.00203351 -3.00927e-36)
(-0.0395356 -0.0025762 -4.06076e-18)
(-0.0424856 -0.00301877 -7.7576e-18)
(-0.0455579 -0.00342202 -3.71951e-18)
(-0.0487807 -0.00381953 3.5679e-18)
(-0.0521109 -0.00429664 -9.62965e-35)
(-0.0556089 -0.00469728 0)
(-0.0593008 -0.00509629 3.15265e-18)
(-0.0632497 -0.00550029 3.01617e-18)
(-0.0674486 -0.00581177 -3.00927e-36)
(-0.0719313 -0.00622066 0)
(-0.0767404 -0.006691 0)
(-0.0819271 -0.00719495 -4.64085e-35)
(-0.0875442 -0.00774249 -5.33204e-35)
(-0.093661 -0.00834537 9.93058e-35)
(-0.100331 -0.00900971 -4.1582e-18)
(-0.107693 -0.00973091 -3.81229e-18)
(-0.116755 -0.0106239 1.20371e-35)
(-0.127571 -0.0116274 6.1368e-18)
(-0.138426 -0.0127342 1.03494e-17)
(-0.153651 -0.0139275 1.20371e-35)
(-0.162851 -0.0152945 -5.09822e-18)
(-0.191966 -0.0169824 0)
)
;
    }
    frontAndBack
    {
        type            empty;
    }
}


// ************************************************************************* //
