/*--------------------------------*- C++ -*----------------------------------*\
  =========                 |
  \\      /  F ield         | OpenFOAM: The Open Source CFD Toolbox
   \\    /   O peration     | Website:  https://openfoam.org
    \\  /    A nd           | Version:  8
     \\/     M anipulation  |
\*---------------------------------------------------------------------------*/
FoamFile
{
    version     2.0;
    format      ascii;
    class       volVectorField;
    location    "1700";
    object      wallShearStress;
}
// * * * * * * * * * * * * * * * * * * * * * * * * * * * * * * * * * * * * * //

dimensions      [0 2 -2 0 0 0 0];

internalField   uniform (0 0 0);

boundaryField
{
    inlet
    {
        type            calculated;
        value           uniform (0 0 0);
    }
    outlet
    {
        type            calculated;
        value           uniform (0 0 0);
    }
    upperWall
    {
        type            calculated;
        value           nonuniform List<vector> 
223
(
(-0.468188 0.00302541 0)
(-0.496196 0.00568685 0)
(-0.511242 0.00683219 0)
(-0.512048 0.00716075 0)
(-0.506299 0.00704503 0)
(-0.495031 0.00661932 0)
(-0.483598 0.00607502 0)
(-0.471808 0.0054726 0)
(-0.460104 0.00486313 0)
(-0.449249 0.00429023 0)
(-0.439383 0.00376811 0)
(-0.430498 0.00329843 0)
(-0.422557 0.00288391 0)
(-0.415465 0.00252582 0)
(-0.40913 0.00221952 0)
(-0.403459 0.00196902 0)
(-0.398334 0.00177372 0)
(-0.393723 0.00167036 0)
(-0.389981 0.00162953 0)
(-0.387007 0.00161417 5.76355e-22)
(-0.38408 0.00157569 0)
(-0.381223 0.00152353 0)
(-0.378422 0.00146346 0)
(-0.37568 0.00139692 5.88035e-22)
(-0.373017 0.0013268 0)
(-0.37042 0.00125345 0)
(-0.367916 0.00117889 0)
(-0.365496 0.00110456 -1.19729e-21)
(-0.363156 0.00102953 1.20235e-21)
(-0.360925 0.000958005 1.20734e-21)
(-0.35876 0.000888991 0)
(-0.356693 0.000822236 -1.21705e-21)
(-0.354709 0.000760314 0)
(-0.352791 0.000702038 1.22647e-21)
(-0.350968 0.000651198 1.23109e-21)
(-0.349183 0.00060405 -1.23568e-21)
(-0.347471 0.000558096 0)
(-0.34583 0.000520704 0)
(-0.344206 0.000488398 0)
(-0.342649 0.000461929 0)
(-0.341106 0.000443978 -1.258e-21)
(-0.339606 0.000429346 0)
(-0.33813 0.000411169 0)
(-0.336685 0.00038603 1.27195e-21)
(-0.335298 0.000356968 0)
(-0.333979 0.000326331 1.28139e-21)
(-0.33273 0.000296063 -1.28619e-21)
(-0.331546 0.000267658 1.29101e-21)
(-0.330421 0.000241813 0)
(-0.329349 0.000218885 0)
(-0.328326 0.000199204 0)
(-0.327344 0.000182611 1.31036e-21)
(-0.326399 0.00016911 -1.31521e-21)
(-0.325486 0.000158396 0)
(-0.324602 0.000150265 0)
(-0.323741 0.000144237 0)
(-0.322902 0.000140138 0)
(-0.32208 0.000137795 0)
(-0.321274 0.0001369 0)
(-0.320481 0.000137066 0)
(-0.319699 0.000138066 0)
(-0.318928 0.000139715 1.35968e-21)
(-0.318166 0.000141923 -1.36477e-21)
(-0.317414 0.000144743 0)
(-0.316666 0.000147802 0)
(-0.315927 0.000151335 0)
(-0.315188 0.000155849 -1.38534e-21)
(-0.314456 0.000161134 0)
(-0.313717 0.000166814 0)
(-0.312985 0.000172665 0)
(-0.312245 0.000178627 0)
(-0.311504 0.000184921 0)
(-0.310764 0.000190811 -2.83282e-21)
(-0.310004 0.000196289 0)
(-0.309257 0.000208052 0)
(-0.30847 0.000223429 0)
(-0.307727 0.000208912 0)
(-0.306759 0.000195681 0)
(-0.306377 0.000222962 0)
(-0.306178 0.000243062 0)
(-0.324194 0.000254778 3.09196e-21)
(-0.37095 0.000360253 0)
(-0.351308 0.000101627 0)
(-0.363436 0.000658495 0)
(-0.345827 0.00113596 -3.32073e-21)
(-0.332692 0.00101261 0)
(-0.324738 0.000994987 -3.14206e-21)
(-0.326683 0.000653938 0)
(-0.323853 0.000312199 0)
(-0.315594 4.97241e-05 0)
(-0.310405 -6.22051e-05 -3.11113e-21)
(-0.302967 -0.000111299 0)
(-0.302866 -7.66156e-05 3.06229e-21)
(-0.34089 0.000119654 3.45499e-21)
(-0.32613 0.00094512 0)
(-0.314906 0.00112475 3.16808e-21)
(-0.30845 0.000910662 0)
(-0.305282 0.000662153 0)
(-0.314777 0.000136938 0)
(-0.301384 0.0002991 -3.1149e-21)
(-0.300057 0.000213204 0)
(-0.299855 -0.000191014 -3.13702e-21)
(-0.299679 -0.000199768 3.14121e-21)
(-0.319084 -8.51944e-05 0)
(-0.334532 -4.01399e-06 0)
(-0.340374 6.69817e-05 0)
(-0.329339 0.000138697 0)
(-0.357628 0.000452093 0)
(-0.329825 0.000519649 0)
(-0.310466 0.000558524 0)
(-0.29741 0.000358277 -3.05974e-21)
(-0.328294 0.000566721 0)
(-0.312026 0.00122232 0)
(-0.307939 0.00123856 0)
(-0.293201 0.000900809 0)
(-0.292597 0.00100431 0)
(-0.292155 0.00138821 0)
(-0.295645 0.00143591 0)
(-0.304544 0.00141927 0)
(-0.289056 0.000985378 0)
(-0.28821 0.000978399 0)
(-0.28736 0.0010734 0)
(-0.286443 0.000239367 0)
(-0.285775 -0.000532874 -5.36765e-21)
(-0.328985 -0.000560591 0)
(-0.345403 -0.000695077 0)
(-0.336408 7.66701e-05 0)
(-0.304995 0.00143616 5.42954e-21)
(-0.287313 0.00161862 0)
(-0.279367 0.00154631 0)
(-0.277752 0.00112968 4.67378e-21)
(-0.276511 0.00064755 0)
(-0.275153 0.000216085 -4.505e-21)
(-0.274282 -0.000321124 0)
(-0.293215 0.000259913 0)
(-0.271837 0.000497121 0)
(-0.3003 0.000746265 4.44858e-21)
(-0.269432 0.000677473 0)
(-0.301173 0.000732363 -4.10984e-21)
(-0.26695 0.000617349 0)
(-0.297405 0.000655597 0)
(-0.264246 0.00059228 0)
(-0.290791 0.00060269 0)
(-0.261215 0.000547804 0)
(-0.276265 -6.42522e-05 0)
(-0.281569 0.000654606 0)
(-0.255825 0.000668157 0)
(-0.266261 0.000703729 0)
(-0.252342 0.00071842 0)
(-0.256066 0.000812688 0)
(-0.248458 0.0008713 -9.04391e-22)
(-0.255973 5.49949e-05 6.33257e-22)
(-0.257488 -0.000117287 0)
(-0.241252 0.000111432 0)
(-0.238177 0.000292279 0)
(-0.235325 0.000420135 0)
(-0.2325 0.000518335 -1.05807e-21)
(-0.229359 0.000527597 1.43049e-21)
(-0.226497 0.00119223 -1.77955e-21)
(-0.225792 0.00163108 0)
(-0.243314 0.000622191 -2.69074e-21)
(-0.229216 -0.00016982 -6.13276e-21)
(-0.220039 6.11509e-05 0)
(-0.217945 0.000117519 -7.82349e-21)
(-0.21609 0.000235087 8.76168e-21)
(-0.213511 0.000193566 0)
(-0.210211 0.00156114 0)
(-0.218989 0.00293859 0)
(-0.210881 0.00262211 0)
(-0.21071 0.00187083 0)
(-0.209241 7.98132e-05 -1.40471e-20)
(-0.205582 -0.000388372 0)
(-0.202742 0.000712582 -1.67795e-20)
(-0.201241 0.00142337 0)
(-0.205475 0.00116311 0)
(-0.197919 0.00129022 0)
(-0.200987 0.00114728 0)
(-0.194376 -0.000920645 0)
(-0.189037 -0.000252882 2.5203e-20)
(-0.189704 0.000296487 0)
(-0.186822 -0.0011899 0)
(-0.182626 0.000704991 -2.99558e-20)
(-0.183461 0.00228188 0)
(-0.183026 0.00160595 0)
(-0.180826 0.000833013 0)
(-0.178685 0.000645865 3.36865e-20)
(-0.176988 0.000746367 0)
(-0.175046 0.000688122 0)
(-0.171852 0.000627484 0)
(-0.166741 0.000504848 0)
(-0.158746 0.000533783 -4.64647e-20)
(-0.147083 0.000882499 0)
(-0.132324 0.0014717 0)
(-0.115436 0.00200164 0)
(-0.0991736 0.00227482 8.32537e-20)
(-0.0821467 0.00218227 0)
(-0.0721234 0.00239659 0)
(-0.0396793 0.00172783 -1.35663e-19)
(-0.0722857 0.000745677 0)
(-0.108049 0.00620114 1.1699e-17)
(-0.132715 0.010771 2.08658e-17)
(-0.145857 0.0135051 1.95529e-17)
(-0.153634 0.0150246 1.87694e-17)
(-0.159394 0.0159613 1.81535e-17)
(-0.163863 0.0166127 -1.76409e-17)
(-0.166949 0.0170673 -1.71721e-17)
(-0.169216 0.017365 0)
(-0.171241 0.0175937 -3.28509e-17)
(-0.173136 0.0177834 -1.60827e-17)
(-0.175077 0.0179574 1.11945e-33)
(-0.177331 0.0181394 -1.20371e-35)
(-0.180074 0.0183625 -2.9732e-17)
(-0.183473 0.0186413 -2.86551e-17)
(-0.187527 0.0189886 -2.73923e-17)
(-0.192378 0.019408 -2.40741e-35)
(-0.197938 0.0199018 4.84594e-17)
(-0.204461 0.0204808 2.22745e-17)
(-0.211613 0.0211307 0)
(-0.220398 0.0219152 -3.48665e-17)
(-0.228569 0.0226903 -1.23528e-20)
(-0.242515 0.0238713 0)
(-0.246334 0.0245816 1.31257e-17)
(-0.273061 0.0261613 -7.27796e-18)
)
;
    }
    lowerWall
    {
        type            calculated;
        value           nonuniform List<vector> 
250
(
(-0.623762 -0.00726914 0)
(-0.594616 -0.0106211 0)
(-0.57803 -0.00981402 0)
(-0.554027 -0.00851912 0)
(-0.523908 -0.00787501 0)
(-0.505941 -0.00696619 0)
(-0.49121 -0.00517718 0)
(-0.575511 -0.005824 0)
(-0.524225 -0.0056422 0)
(-0.459137 -0.00386918 0)
(-0.454027 -0.002589 0)
(-0.445304 -0.00143637 0)
(-0.478929 -0.00123373 0)
(-0.441125 -0.000916437 0)
(-0.433047 1.78827e-05 0)
(-0.490365 -8.63045e-05 0)
(-0.449496 -4.95489e-05 0)
(-0.481078 2.52959e-05 0)
(0.00218945 0.000301841 0)
(0.00243063 -0.00252907 0)
(0.00268224 -0.00545065 0)
(0.00298174 -0.00849901 1.10019e-19)
(0.00335478 -0.0114135 -9.21072e-20)
(0.00389891 -0.0151457 7.77232e-20)
(0.00403833 -0.015092 -7.04635e-20)
(0.0101616 -0.0350704 0)
(-0.0442729 -0.108862 0)
(0.000227171 -0.000284237 0)
(5.51651e-05 -0.000808424 0)
(-1.34523e-05 -0.000888779 0)
(5.56587e-05 -0.000884258 0)
(3.61474e-05 -0.000857995 1.53405e-19)
(-0.000140348 -0.000289621 -1.49513e-19)
(-0.000587354 0.00117065 0)
(-0.0012032 0.00393127 -1.70434e-19)
(-0.00158958 0.00744793 1.29986e-19)
(-0.00152685 0.0107571 0)
(-0.00111712 0.0131869 0)
(-0.000567904 0.0144509 0)
(-4.50328e-05 0.0145306 0)
(0.000366591 0.0136284 0)
(0.000709273 0.0120312 0)
(0.00104473 0.00978926 0)
(0.00141376 0.0069443 0)
(0.00183106 0.00355112 0)
(-0.000147812 -0.000285433 0)
(0.000172628 -0.000459303 0)
(0.00048907 -0.000513546 0)
(0.000818541 -0.000443174 0)
(0.00108222 -0.000203716 -0)
(0.00113296 0.00019423 -0)
(0.000882264 0.000671681 1.41444e-20)
(0.000359795 0.00111947 -1.62265e-20)
(-0.000364655 0.00144465 0)
(-0.00119413 0.00160723 -9.30353e-21)
(-0.00204975 0.00162167 0)
(-0.00286573 0.00151836 0)
(-0.00359575 0.00133452 0)
(-0.00421419 0.00110159 4.53123e-21)
(-0.00470946 0.000840882 0)
(-0.00507722 0.000564377 0)
(-0.00531505 0.000280529 -3.92314e-21)
(-0.00542747 -1.65995e-05 -0)
(-0.00538973 -0.000324918 0)
(-0.00519942 -0.000623204 -0)
(-0.00486548 -0.000890868 4.22041e-21)
(-0.00439971 -0.00110726 -0)
(-0.00382039 -0.00125073 5.00093e-21)
(-0.0031553 -0.00130133 0)
(-0.00244291 -0.00124408 -0)
(-0.00173344 -0.00107523 8.15897e-21)
(-0.00108578 -0.00081072 0)
(-0.000559522 -0.000495463 -1.36573e-20)
(-0.000190241 -0.000204149 0)
(3.94953e-05 -3.88115e-06 2.34664e-20)
(0.000185614 0.000113476 0)
(0.00027057 0.000212854 0)
(0.000260853 0.000330711 0)
(0.000144447 0.000487678 0)
(-0.000112722 0.000694065 0)
(-0.00053691 0.000907371 -1.48028e-20)
(-0.00110669 0.0010483 0)
(-0.00173092 0.00104347 1.74524e-20)
(-0.00228802 0.000883105 0)
(-0.0026791 0.000618881 -1.38951e-20)
(-0.00286762 0.000340877 0)
(-0.00288731 0.000121818 0)
(-0.00279429 4.67284e-06 1.37033e-20)
(-0.00266233 1.68482e-05 0)
(-0.00255947 0.000153766 1.42037e-20)
(-0.00249479 0.000352192 -1.43178e-20)
(-0.00240745 0.00044824 0)
(-0.00213436 0.000198553 -1.58103e-20)
(-0.00143778 -0.000471052 -1.88119e-20)
(-8.61118e-05 -0.00121732 0)
(0.0016751 -0.00191957 0)
(0.00365583 -0.00266087 0)
(0.00599043 -0.00332071 0)
(0.00853114 -0.00357609 -0)
(0.0110964 -0.00372093 3.47503e-21)
(0.0136217 -0.00382452 0)
(0.0162463 -0.00382626 -2.6836e-21)
(0.0185583 -0.00368795 -0)
(0.021178 -0.00358186 -0)
(0.0243322 -0.00342713 2.21052e-21)
(0.0249825 -0.00291133 0)
(0.0277399 -0.00273427 -1.94736e-21)
(0.0299901 -0.00254225 -0)
(0.0322674 -0.00237472 0)
(0.0344754 -0.00220825 -0)
(0.0365022 -0.00205345 1.81685e-21)
(0.0385078 -0.00191684 0)
(0.040379 -0.00179325 -0)
(0.0422127 -0.00168456 1.77278e-21)
(0.0439566 -0.00158726 0)
(0.0456575 -0.00150056 1.75224e-21)
(0.0472949 -0.00142224 0)
(0.0488894 -0.00135118 0)
(0.0504356 -0.00128579 0)
(0.0519408 -0.00122506 -1.72172e-21)
(0.0534051 -0.00116803 -0)
(0.0548308 -0.00111407 0)
(0.056219 -0.00106234 -1.702e-21)
(0.0575698 -0.00101258 -1.6954e-21)
(0.0588846 -0.000964293 -0)
(0.0601626 -0.000917251 -1.68168e-21)
(0.0614043 -0.000871107 0)
(0.0626094 -0.000825831 -3.3337e-21)
(0.0637774 -0.000781114 -0)
(0.0649082 -0.000736952 -3.30092e-21)
(0.0660008 -0.000693085 -0)
(0.067055 -0.000649387 3.26421e-21)
(0.068069 -0.000605852 0)
(0.0690434 -0.000562245 0)
(0.0699755 -0.000518196 0)
(0.0708648 -0.000473803 -3.17692e-21)
(0.0717092 -0.000428617 -0)
(0.0725077 -0.000382398 3.12535e-21)
(0.0732579 -0.000334622 0)
(0.0739576 -0.000284913 -3.06786e-21)
(0.0746044 -0.000233147 -3.03684e-21)
(0.0751962 -0.000179377 -3.00434e-21)
(0.0757313 -0.000124884 0)
(0.0762096 -7.20975e-05 0)
(0.0766328 -2.64955e-05 0)
(0.0770075 1.14331e-05 0)
(0.0773367 4.64094e-05 0)
(0.0776208 8.08553e-05 0)
(0.0778593 0.000114811 0)
(0.0780517 0.000148757 0)
(0.0781975 0.000182477 2.63827e-21)
(0.0782957 0.000216218 2.58821e-21)
(0.0783462 0.000249759 0)
(0.0783483 0.000283225 0)
(0.0783016 0.000316501 0)
(0.0782056 0.000349718 2.36788e-21)
(0.0780597 0.000382712 0)
(0.0778638 0.000415446 0)
(0.0776179 0.000448041 0)
(0.0773211 0.000480336 0)
(0.076974 0.000512365 -2.0445e-21)
(0.076576 0.000543974 0)
(0.0761279 0.000575383 0)
(0.0756288 0.000606254 1.82247e-21)
(0.07508 0.000636774 -1.74343e-21)
(0.0744811 0.000666757 0)
(0.0738326 0.000696382 -1.57735e-21)
(0.0731347 0.000725244 0)
(0.0723887 0.000753657 1.40014e-21)
(0.0715945 0.000781292 0)
(0.0707532 0.000808413 0)
(0.0698646 0.000834621 0)
(0.0689345 0.000859903 0)
(0.0679651 0.000884335 0)
(0.0669401 0.000907651 -1.59141e-21)
(0.0658835 0.000929767 -1.36728e-21)
(0.0647788 0.000950056 0)
(0.0636442 0.000966959 0)
(0.0624755 0.000978499 0)
(0.0612738 0.000981134 4.00473e-22)
(0.0600422 0.000974095 0)
(0.0587761 0.000976718 0)
(0.0574774 0.000992209 0)
(0.0561457 0.00100514 -6.88388e-22)
(0.0547874 0.00101676 9.82403e-22)
(0.0534042 0.00102727 0)
(0.0519979 0.0010368 0)
(0.0505706 0.00104544 1.92195e-21)
(0.0491239 0.00105323 2.25564e-21)
(0.0476596 0.00106026 0)
(0.0461797 0.00106649 0)
(0.0446863 0.00107219 -3.32492e-21)
(0.0431776 0.00107686 3.70632e-21)
(0.0416597 0.00108113 0)
(0.0401289 0.00108447 0)
(0.0385918 0.00108743 4.93453e-21)
(0.037044 0.00108939 0)
(0.0354938 0.00109102 0)
(0.0339359 0.00109177 6.31109e-21)
(0.0323789 0.00109243 0)
(0.0308167 0.00109254 7.32687e-21)
(0.0292563 0.00109256 0)
(0.027696 0.00109267 0)
(0.0261371 0.00109291 0)
(0.02458 0.00109343 -9.65958e-21)
(0.023025 0.00109431 0)
(0.0214721 0.00109559 0)
(0.0199215 0.00109725 0)
(0.0183734 0.00109936 0)
(0.0168279 0.00110197 0)
(0.0152851 0.00110522 0)
(0.013745 0.00110926 -1.52224e-20)
(0.0122072 0.00111425 -1.62515e-20)
(0.0106715 0.00112028 0)
(0.00913728 0.0011274 0)
(0.00760421 0.00113555 0)
(0.00607225 0.00114517 2.13299e-20)
(0.00454182 0.00115586 0)
(0.00301476 0.00116563 -4.93694e-20)
(0.00149535 0.00117033 5.33016e-20)
(-5.58798e-06 0.00115631 5.58792e-20)
(-0.0014869 0.00110177 -5.50081e-20)
(-0.00284567 0.00102201 5.27558e-20)
(-0.00434687 0.000849951 -5.10038e-20)
(-0.00462312 0.000442364 0)
(-0.00661549 0.000997203 -3.05618e-18)
(-0.00980131 0.00075672 -2.78066e-18)
(-0.0129626 0.000395235 -3.00927e-36)
(-0.0161816 5.89152e-05 -4.75556e-18)
(-0.0195992 -0.000289001 -8.8625e-18)
(-0.0232295 -0.000653737 -4.14285e-18)
(-0.0270826 -0.00103715 3.88207e-18)
(-0.0311807 -0.00144384 -4.21297e-35)
(-0.0355511 -0.00187743 -3.00927e-36)
(-0.0402098 -0.00234323 3.22284e-18)
(-0.0451763 -0.00282582 3.03337e-18)
(-0.0504602 -0.00331197 9.0278e-36)
(-0.0560922 -0.00384337 0)
(-0.0621196 -0.00444702 0)
(-0.0685987 -0.00510827 -1.17973e-34)
(-0.0755312 -0.00582229 -3.29138e-35)
(-0.0830713 -0.00659186 8.72687e-35)
(-0.0910698 -0.00742177 -3.77345e-18)
(-0.100107 -0.00832312 -3.43899e-18)
(-0.109231 -0.00929814 6.01853e-36)
(-0.120869 -0.0103705 5.41542e-18)
(-0.130477 -0.0115459 8.99103e-18)
(-0.148024 -0.0127883 0)
(-0.155415 -0.0143042 -4.33881e-18)
(-0.190265 -0.0166597 -4.81482e-35)
)
;
    }
    frontAndBack
    {
        type            empty;
    }
}


// ************************************************************************* //
