/*--------------------------------*- C++ -*----------------------------------*\
  =========                 |
  \\      /  F ield         | OpenFOAM: The Open Source CFD Toolbox
   \\    /   O peration     | Website:  https://openfoam.org
    \\  /    A nd           | Version:  8
     \\/     M anipulation  |
\*---------------------------------------------------------------------------*/
FoamFile
{
    version     2.0;
    format      ascii;
    class       volScalarField;
    location    "100";
    object      p;
}
// * * * * * * * * * * * * * * * * * * * * * * * * * * * * * * * * * * * * * //

dimensions      [0 2 -2 0 0 0 0];

internalField   nonuniform List<scalar> 
12225
(
557.988
98.8415
45.6786
43.598
41.4194
39.9458
39.5109
39.3029
39.0963
38.9641
38.921
38.9124
38.91
38.8863
38.8344
38.7735
38.6481
38.4443
-78.8667
43.5529
40.5966
42.5515
41.102
39.7955
39.3696
39.1876
39.0464
38.944
38.8705
38.8161
38.7711
38.7445
38.7333
38.7191
38.6601
38.5735
-157.333
27.1656
40.9692
42.9588
41.4181
40.076
39.5503
39.3025
39.1325
39.0102
38.9198
38.857
38.8139
38.794
38.7876
38.7806
38.755
38.7804
-67.3031
32.3406
41.1391
42.8857
41.5317
40.2924
39.7219
39.4175
39.2114
39.0683
38.9687
38.9017
38.8575
38.8338
38.8233
38.8225
38.8304
38.9065
-18.259
35.1701
39.6944
42.1084
41.3048
40.3235
39.7948
39.478
39.259
39.1074
39.0025
38.9311
38.8836
38.8568
38.8471
38.8557
38.8877
38.9828
-2.41638
34.5311
38.0588
41.1187
40.8907
40.2214
39.7882
39.4944
39.2819
39.1313
39.025
38.9512
38.9021
38.8748
38.8677
38.883
38.9273
39.0242
7.52047
34.0402
36.9377
40.195
40.3994
40.0331
39.7215
39.4737
39.2818
39.1397
39.0364
38.9633
38.9145
38.8879
38.8823
38.9001
38.9466
39.0342
15.5378
34.4102
36.3449
39.5174
39.9599
39.8248
39.625
39.4284
39.2622
39.1328
39.0355
38.9651
38.9175
38.891
38.8849
38.9011
38.9431
39.0164
21.6266
34.7982
36.185
39.0103
39.5933
39.6178
39.5096
39.3639
39.2263
39.1125
39.0236
38.9574
38.9117
38.8852
38.8777
38.8902
38.9245
38.9825
26.7047
35.1782
36.232
38.566
39.2395
39.3899
39.3669
39.2757
39.1716
39.0775
38.9998
38.9397
38.8966
38.8703
38.8603
38.8672
38.8912
38.9312
30.6791
35.6386
36.4145
38.2201
38.9163
39.1541
39.2042
39.1665
39.0981
39.0264
38.9622
38.9095
38.8698
38.8431
38.8296
38.829
38.8402
38.8609
33.6195
36.1711
36.6917
37.9955
38.6445
38.9273
39.0313
39.0405
39.0067
38.9583
38.9087
38.8644
38.8278
38.8004
38.7821
38.7722
38.7693
38.7705
35.6528
36.7153
37.0149
37.8903
38.4397
38.7266
38.8613
38.9056
38.9013
38.8743
38.8388
38.8024
38.7688
38.7397
38.7155
38.6955
38.6783
38.6612
36.9479
37.2067
37.3348
37.881
38.3063
38.5653
38.7076
38.7719
38.7885
38.7783
38.7543
38.7242
38.6923
38.6606
38.6298
38.5997
38.5689
38.5359
37.6957
37.5968
37.6107
37.9295
38.2349
38.4484
38.58
38.6499
38.6771
38.6769
38.66
38.6333
38.6011
38.5656
38.5279
38.4881
38.4456
38.3995
38.0743
37.858
37.8103
37.9911
38.2039
38.371
38.4833
38.5482
38.5767
38.5792
38.564
38.5369
38.5019
38.4613
38.4165
38.3679
38.3158
38.2598
38.2144
37.9725
37.8997
38.0176
38.1813
38.3201
38.4173
38.4747
38.4992
38.4987
38.4801
38.4486
38.4079
38.3605
38.3081
38.2514
38.1915
38.1283
38.1756
37.9151
37.8406
37.9662
38.1393
38.2841
38.3835
38.4397
38.4607
38.4548
38.4297
38.3908
38.3424
38.2871
38.2271
38.1632
38.0972
38.0288
37.9226
37.6597
37.6233
37.8374
38.0854
38.2745
38.3942
38.456
38.4736
38.4602
38.4253
38.3765
38.3182
38.2542
38.186
38.1157
38.0437
37.9716
37.3132
37.1776
37.2708
37.677
38.0633
38.3214
38.4662
38.5294
38.5375
38.5096
38.4598
38.3968
38.3265
38.2519
38.1754
38.0979
38.0209
37.9445
36.0659
36.4251
36.8193
37.5499
38.1268
38.4549
38.6095
38.6577
38.642
38.5899
38.5183
38.4372
38.3522
38.2662
38.1808
38.0967
38.0145
37.9346
33.6752
35.3506
36.3312
37.5402
38.3304
38.6956
38.8235
38.8297
38.7728
38.6856
38.5862
38.4842
38.3834
38.2862
38.1923
38.1024
38.0157
37.933
29.3349
33.9248
35.9114
37.7431
38.7158
39.0439
39.0908
39.0238
38.9094
38.7797
38.6498
38.5263
38.411
38.3036
38.2033
38.1085
38.0189
37.9338
22.4283
32.3626
35.7612
38.2564
39.2956
39.4732
39.3766
39.2101
39.0295
38.8561
38.6975
38.5553
38.4283
38.3139
38.2091
38.1118
38.0203
37.9345
13.5827
31.3684
36.2828
39.1885
40.0486
39.9323
39.6369
39.3586
39.1139
38.903
38.7223
38.5672
38.433
38.3151
38.2087
38.1103
38.0185
37.9328
0.213611
30.7049
37.8446
40.5867
40.9006
40.3483
39.8251
39.445
39.1519
38.916
38.7222
38.5618
38.4266
38.3096
38.2039
38.1054
38.0138
37.9288
-41.2787
25.9453
39.6544
42.0513
41.619
40.5912
39.875
39.4394
39.1354
38.8972
38.6991
38.5378
38.407
38.2981
38.1979
38.1001
38.009
37.9255
-134.564
16.4701
39.639
42.5475
41.781
40.4711
39.6984
39.2965
39.043
38.8438
38.6556
38.4904
38.3583
38.2607
38.1757
38.0849
37.9976
37.9197
-111.469
33.6939
40.0472
42.25
41.4736
40.094
39.3999
39.089
38.8989
38.7543
38.6041
38.4482
38.3001
38.1882
38.1035
38.0181
37.9356
37.8582
471.379
109.926
50.3761
44.918
42.4015
40.4584
39.6612
39.3221
39.0098
38.748
38.6275
38.5798
38.5196
38.4034
38.2687
38.1644
38.0718
37.9763
35.1171
35.1255
35.115
35.0579
34.968
34.8794
34.8194
34.7963
34.8014
34.821
34.8441
34.8622
34.8706
34.8695
34.8669
34.8694
34.8795
34.8933
34.9013
34.8768
34.7879
34.6127
34.3503
34.0136
33.618
33.1758
32.7057
32.2245
31.7495
31.2927
30.8654
30.4742
30.1246
29.8188
29.5589
29.3451
29.178
29.0571
28.9815
28.9491
28.9565
29.0006
29.0801
29.1979
29.3588
29.5654
29.8145
30.1036
30.4299
30.7929
31.1901
31.621
32.0826
32.5744
33.0928
33.6365
34.2015
34.7867
35.3873
36.0026
36.6284
37.2653
37.9098
38.5627
39.2196
39.8804
40.5392
41.1955
41.8435
42.4832
43.1087
43.7211
44.3153
44.8932
45.45
45.9887
46.5053
47.0036
47.4797
47.9374
48.3733
48.7893
49.1785
49.5435
49.8834
50.1993
50.4847
50.7401
50.9631
51.1559
51.3217
51.4616
51.5763
51.6655
51.7317
51.7811
51.8166
51.8407
51.8529
51.856
51.8533
51.8433
51.8286
51.8118
51.7969
51.7946
51.7834
51.7562
51.6945
51.5102
51.2094
50.5787
49.3356
47.3585
44.6914
41.5933
38.4063
35.4304
32.8903
30.9023
29.527
28.7744
28.637
29.0792
30.0391
31.438
33.1945
35.2195
37.4111
39.6509
41.8244
43.8681
45.7486
47.4475
48.9643
50.3131
51.5129
52.5867
53.5503
54.4114
55.1678
55.8194
56.3679
56.8225
57.1961
57.5069
57.7663
57.9791
58.1458
58.2609
58.3194
58.3204
58.2621
58.1458
57.9752
57.7551
57.4877
57.1768
56.8259
56.4362
56.0087
55.5485
55.0621
54.5527
54.0189
53.4636
52.8977
52.3364
51.7898
51.2658
50.7707
50.3102
49.8923
49.5222
49.207
48.9534
48.7663
48.6457
48.6247
48.6309
35.0402
34.9993
34.9193
34.8251
34.7313
34.6581
34.62
34.6223
34.6658
34.7404
34.8262
34.9023
34.9572
34.9906
35.0008
34.9826
34.9477
34.9286
34.9106
34.8376
34.6793
34.431
34.1042
33.7068
33.2529
32.7634
32.2617
31.7655
31.2892
30.8427
30.4334
30.0654
29.7409
29.4606
29.2247
29.0327
28.8845
28.7798
28.7181
28.6993
28.7238
28.7921
28.9034
29.0552
29.2427
29.4633
29.7177
30.0076
30.3328
30.6933
31.0876
31.5151
31.9737
32.4623
32.9782
33.5198
34.0837
34.668
35.2689
35.8845
36.5116
37.149
37.7937
38.445
39.0997
39.7568
40.4133
41.0675
41.7152
42.3545
42.9813
43.595
44.1921
44.772
45.332
45.8733
46.3945
46.8958
47.3742
47.8313
48.2669
48.6827
49.0724
49.4389
49.7806
50.0955
50.3822
50.6413
50.8688
51.0656
51.2362
51.3805
51.5007
51.5963
51.6719
51.7292
51.7713
51.7989
51.8142
51.8207
51.8187
51.8128
51.8065
51.789
51.7768
51.772
51.7425
51.713
51.5795
51.3129
50.977
50.2292
48.7888
46.5765
43.7345
40.5933
37.4809
34.6552
32.2706
30.4163
29.1361
28.4417
28.3274
28.7726
29.7253
31.1164
32.8775
34.9277
37.1651
39.4714
41.7056
43.7952
45.718
47.4492
48.986
50.3438
51.5477
52.6224
53.583
54.4355
55.1792
55.8159
56.3513
56.7961
57.1643
57.4715
57.7288
57.9406
58.1081
58.2267
58.2861
58.2865
58.2281
58.1128
57.9437
57.7245
57.4574
57.1472
56.7979
56.4103
55.984
55.523
55.0355
54.5269
53.9967
53.4457
52.8812
52.3171
51.7651
51.2367
50.7377
50.2741
49.854
49.4778
49.1561
48.8993
48.7116
48.5902
48.5664
48.5547
34.9213
34.833
34.7244
34.6299
34.5615
34.5261
34.5258
34.5618
34.6328
34.7303
34.8355
34.9231
34.9773
35.0008
34.9927
34.9386
34.8319
34.6788
34.4812
34.2311
33.9274
33.5756
33.1871
32.7717
32.3416
31.9092
31.4861
31.0794
30.6953
30.3376
30.0099
29.7141
29.4519
29.224
29.0312
28.8737
28.752
28.6663
28.6165
28.603
28.6267
28.6891
28.7913
28.9329
29.1123
29.3279
29.5789
29.8653
30.1865
30.5424
30.9319
31.3541
31.8075
32.2908
32.8018
33.339
33.8995
34.4811
35.0808
35.6962
36.3241
36.9625
37.6085
38.2604
38.9152
39.5709
40.2251
40.876
41.5211
42.1582
42.7844
43.3983
43.9973
44.5798
45.1443
45.6905
46.2173
46.7232
47.2082
47.6719
48.1129
48.53
48.9229
49.2925
49.6356
49.9526
50.2423
50.5027
50.7321
50.9352
51.1117
51.2614
51.3889
51.4937
51.5759
51.6367
51.6862
51.72
51.7396
51.7519
51.7503
51.7425
51.7297
51.7093
51.6814
51.6425
51.5825
51.4871
51.2695
51.0017
50.6255
49.652
47.8131
45.3163
42.4245
39.4135
36.5002
33.8636
31.6178
29.848
28.6043
27.9083
27.7737
28.1905
29.1149
30.4852
32.2417
34.3179
36.6217
39.0556
41.4434
43.6492
45.6524
47.436
48.9964
50.3571
51.5541
52.6188
53.5689
54.4088
55.1395
55.7641
56.2912
56.7317
57.0986
57.4066
57.6673
57.883
58.0504
58.1672
58.2269
58.2281
58.1712
58.0577
57.8908
57.6735
57.4083
57.0995
56.7506
56.3638
55.939
55.4773
54.9876
54.4768
53.9482
53.4028
52.8441
52.2804
51.7245
51.1898
50.6856
50.2181
49.7907
49.4056
49.0756
48.8115
48.6088
48.4703
48.4211
48.38
34.9736
34.8778
34.7757
34.6871
34.6255
34.593
34.5918
34.622
34.6769
34.7421
34.799
34.8287
34.8195
34.7668
34.6669
34.5148
34.3096
34.0566
33.7659
33.4457
33.103
32.7435
32.3734
31.9978
31.6227
31.2528
30.8934
30.5483
30.2215
29.9155
29.6333
29.3768
29.1482
28.9488
28.78
28.6429
28.5384
28.4671
28.4294
28.4259
28.4571
28.5239
28.6267
28.7657
28.9408
29.1517
29.3981
29.6799
29.9965
30.3477
30.7323
31.1498
31.5984
32.0771
32.5839
33.1172
33.6744
34.2534
34.8515
35.4663
36.0947
36.7343
37.3822
38.0362
38.6932
39.3512
40.0074
40.6596
41.3056
41.9431
42.5703
43.1853
43.7863
44.3713
44.9393
45.4893
46.0199
46.5303
47.02
47.4886
47.9343
48.3563
48.7542
49.1268
49.4739
49.7949
50.0873
50.3519
50.5891
50.7995
50.9854
51.1473
51.2836
51.3963
51.4869
51.5589
51.618
51.6622
51.6881
51.7057
51.7144
51.7083
51.7015
51.6915
51.6584
51.6071
51.528
51.3794
51.1443
50.8623
50.2448
48.8208
46.6349
43.9994
41.1519
38.2895
35.5522
33.0604
30.92
29.2049
27.9763
27.259
27.0797
27.4378
28.3021
29.6277
31.3556
33.4222
35.7551
38.2954
40.8893
43.3135
45.4765
47.3594
48.9635
50.3273
51.5097
52.5574
53.493
54.3205
55.0414
55.6603
56.1856
56.6288
57.0026
57.3174
57.5815
57.7991
57.9682
58.0852
58.1456
58.1478
58.0926
57.9813
57.8165
57.6011
57.3384
57.0311
56.6828
56.2972
55.8747
55.4153
54.9261
54.4134
53.8828
53.3392
52.785
52.2237
51.664
51.122
50.6121
50.1389
49.7015
49.3063
48.9696
48.6959
48.4809
48.3276
48.248
48.1844
35.3072
35.2097
35.0912
34.9797
34.8948
34.8389
34.8084
34.7961
34.7908
34.7783
34.7444
34.677
34.5683
34.4145
34.2159
33.9767
33.7053
33.4086
33.0926
32.7616
32.421
32.0752
31.7288
31.3849
31.0475
30.7188
30.4023
30.0998
29.8141
29.5466
29.2997
29.0746
28.8734
28.6971
28.5475
28.4256
28.3327
28.2699
28.2382
28.2385
28.2716
28.3385
28.4395
28.5754
28.7463
28.9526
29.194
29.4707
29.7823
30.1284
30.5081
30.9209
31.3651
31.8397
32.3428
32.8728
33.4273
34.0042
34.6008
35.2149
35.8434
36.4837
37.133
37.7888
38.4481
39.1084
39.7672
40.422
41.0704
41.7105
42.3401
42.9576
43.561
44.1493
44.7205
45.2738
45.8083
46.3225
46.8169
47.2892
47.7387
48.1657
48.5683
48.9458
49.298
49.6242
49.9231
50.1957
50.4405
50.6606
50.8553
51.0259
51.1701
51.2927
51.3962
51.4807
51.5475
51.5983
51.6322
51.652
51.6658
51.6705
51.6664
51.6492
51.6214
51.5699
51.4484
51.2771
51.06
50.6063
49.5561
47.7227
45.3265
42.6444
39.8665
37.1299
34.5347
32.166
30.1179
28.4597
27.2552
26.5312
26.3151
26.6139
27.4101
28.6763
30.3547
32.3805
34.6935
37.2374
39.9443
42.612
45.0344
47.1039
48.808
50.2003
51.3777
52.4151
53.3425
54.1652
54.8843
55.5063
56.0393
56.4926
56.8757
57.1988
57.4688
57.6899
57.8608
57.9786
58.0399
58.0437
57.9904
57.8819
57.7198
57.5072
57.2469
56.9416
56.5955
56.2115
55.7901
55.3344
54.8479
54.3354
53.8013
53.2538
52.6995
52.1398
51.5781
51.0298
50.5114
50.0281
49.5785
49.1731
48.8284
48.5471
48.3283
48.1639
48.0557
47.9744
35.8046
35.6928
35.5439
35.3949
35.2705
35.1708
35.0854
35.0026
34.911
34.7995
34.6601
34.4878
34.2812
34.0412
33.7724
33.4797
33.1689
32.8454
32.5148
32.1808
31.8474
31.5171
31.1926
30.8755
30.5679
30.2708
29.9861
29.7149
29.4589
29.2192
28.9976
28.7952
28.6137
28.4544
28.3189
28.2083
28.1242
28.0678
28.0403
28.0429
28.0766
28.1424
28.2412
28.3737
28.5403
28.7418
28.9781
29.2495
29.5557
29.8965
30.2712
30.6791
31.1188
31.5894
32.089
32.616
33.1679
33.7429
34.3382
34.9516
35.58
36.2211
36.8716
37.5291
38.1905
38.8533
39.5148
40.1725
40.8239
41.4672
42.1
42.7208
43.3275
43.9188
44.4936
45.0508
45.5888
46.1072
46.6055
47.0813
47.5356
47.967
48.3742
48.7574
49.1153
49.4475
49.7541
50.0334
50.2876
50.5149
50.7191
50.8977
51.0537
51.1876
51.3021
51.3958
51.4675
51.5268
51.5689
51.5939
51.6124
51.6234
51.6188
51.5998
51.5723
51.5166
51.3679
51.1791
50.8577
50.0658
48.5858
46.4629
43.9407
41.2545
38.5451
35.9064
33.4173
31.158
29.1928
27.6004
26.4354
25.7307
25.5097
25.7777
26.5246
27.7347
29.3512
31.324
33.597
36.0998
38.8041
41.5792
44.2313
46.5641
48.4674
49.9419
51.1415
52.1847
53.1173
53.9468
54.6753
55.3094
55.8552
56.3212
56.7162
57.0492
57.3267
57.5527
57.7268
57.8469
57.9103
57.9164
57.8659
57.7607
57.602
57.3928
57.1356
56.8339
56.4905
56.108
55.6878
55.2353
54.7519
54.2408
53.7054
53.1525
52.5917
52.0283
51.4656
50.9135
50.3863
49.8905
49.426
49.0077
48.653
48.3656
48.1399
47.9614
47.8381
47.7424
36.2413
36.1281
35.9569
35.7733
35.6016
35.4434
35.2883
35.1237
34.9413
34.7357
34.5053
34.2505
33.9743
33.6784
33.3662
33.0417
32.7102
32.3757
32.0425
31.7129
31.3895
31.0735
30.7664
30.4687
30.1817
29.9057
29.6419
29.3911
29.1544
28.9328
28.7278
28.5404
28.3721
28.2243
28.0984
27.9958
27.918
27.8661
27.8417
27.846
27.88
27.945
28.0419
28.1717
28.3349
28.5324
28.7644
29.0313
29.3328
29.6689
30.039
30.4425
30.8781
31.345
31.8412
32.3654
32.915
33.4882
34.0822
34.6949
35.3231
35.9644
36.6156
37.2743
37.9371
38.6018
39.2652
39.9252
40.5791
41.225
41.8605
42.4842
43.0939
43.6881
44.2664
44.827
45.3681
45.8905
46.3916
46.8716
47.3304
47.7661
48.1784
48.5672
48.9316
49.2703
49.5837
49.8718
50.134
50.3717
50.5851
50.7754
50.9436
51.0868
51.2106
51.3141
51.3938
51.4609
51.5121
51.5509
51.5766
51.5888
51.5897
51.5827
51.5666
51.5103
51.3501
51.0935
50.5141
49.3187
47.4818
45.1513
42.5478
39.8616
37.1981
34.6294
32.2187
30.0434
28.1554
26.6291
25.5098
24.8425
24.6428
24.9124
25.6432
26.8211
28.3962
30.3289
32.5619
35.0281
37.6887
40.465
43.2138
45.7476
47.8869
49.5297
50.7946
51.8655
52.8202
53.6694
54.4165
55.0672
55.6296
56.1112
56.5209
56.8662
57.1536
57.3865
57.5656
57.6892
57.7558
57.7652
57.7185
57.617
57.4627
57.2577
57.0049
56.7071
56.3671
55.9872
55.5696
55.1185
54.6357
54.1251
53.5906
53.0349
52.4654
51.8924
51.3246
50.7681
50.2324
49.7237
49.2437
48.8102
48.4423
48.1456
47.9103
47.7186
47.5813
47.469
36.4918
36.3829
36.1997
35.9936
35.7817
35.5667
35.3459
35.1112
34.8581
34.586
34.2976
33.994
33.6773
33.3495
33.0147
32.6761
32.338
32.0026
31.6729
31.3501
31.0357
30.7304
30.435
30.1498
29.8756
29.6126
29.3618
29.1234
28.8987
28.6883
28.4936
28.3156
28.1557
28.0151
27.8954
27.7977
27.7236
27.6745
27.6518
27.6567
27.6906
27.7546
27.8498
27.9772
28.1376
28.3319
28.5604
28.8236
29.1215
29.454
29.8205
30.2208
30.6535
31.1177
31.6117
32.1341
32.6823
33.2546
33.8483
34.4607
35.0891
35.7308
36.3827
37.0423
37.7062
38.3721
39.0367
39.698
40.3533
41.0006
41.6377
42.2628
42.874
43.4703
44.0507
44.6124
45.156
45.6814
46.185
46.6681
47.1305
47.57
47.9868
48.3806
48.7509
49.0965
49.4176
49.7143
49.9862
50.2332
50.4571
50.6589
50.8363
50.9909
51.125
51.2374
51.3296
51.4066
51.4683
51.5208
51.5512
51.567
51.5886
51.6153
51.6316
51.5772
51.3906
50.9917
50.0676
48.4932
46.3755
43.8872
41.2215
38.521
35.8775
33.3505
30.9945
28.875
27.0493
25.5764
24.5002
23.8735
23.7063
23.9983
24.7403
25.922
27.4985
29.4102
31.6136
34.0526
36.6818
39.434
42.1947
44.8108
47.1122
48.9551
50.3326
51.4597
52.4513
53.3303
54.1034
54.7778
55.3618
55.8631
56.2903
56.6504
56.9498
57.1916
57.3775
57.5062
57.5776
57.5914
57.5495
57.453
57.3041
57.1044
56.8569
56.5637
56.2277
55.8512
55.4366
54.986
54.5023
53.9907
53.4556
52.8975
52.3211
51.7374
51.1592
50.5932
50.0463
49.5239
49.029
48.5793
48.1962
47.8867
47.6421
47.441
47.2849
47.1564
36.5279
36.413
36.2285
36.0162
35.7854
35.5374
35.2748
34.9972
34.7049
34.3985
34.0806
33.7522
33.416
33.0746
32.7319
32.39
32.0521
31.7197
31.3947
31.0777
30.7701
30.4719
30.1841
29.9065
29.6399
29.3845
29.1409
28.9096
28.6916
28.4875
28.2987
28.1259
27.9706
27.834
27.7175
27.6224
27.5502
27.5023
27.48
27.4848
27.5179
27.5805
27.6739
27.799
27.9569
28.1483
28.3738
28.634
28.9288
29.2584
29.6222
30.0201
30.4506
30.9131
31.4058
31.9273
32.4752
33.0474
33.6414
34.2547
34.884
35.5269
36.1801
36.8409
37.5061
38.1731
38.839
39.5014
40.1575
40.8056
41.4434
42.0689
42.6802
43.2775
43.8583
44.42
44.9652
45.4917
45.9962
46.4811
46.9457
47.3876
47.8072
48.2048
48.5801
48.9319
49.2601
49.5647
49.844
50.1003
50.3349
50.547
50.7347
50.9007
51.0444
51.1675
51.2773
51.3617
51.4315
51.4952
51.5327
51.5612
51.6229
51.7011
51.7489
51.6897
51.464
50.8521
49.5834
47.7008
45.3668
42.7523
40.0239
37.2926
34.6429
32.1269
29.8011
27.7157
25.9272
24.4908
23.4555
22.8606
22.7276
23.0564
23.8336
25.0389
26.6348
28.56
30.7605
33.1873
35.7931
38.5145
41.2532
43.8829
46.2591
48.2404
49.7522
50.9627
52.0059
52.9273
53.7358
54.4412
55.0518
55.5769
56.0244
56.4021
56.7154
56.9684
57.1626
57.2984
57.3757
57.3955
57.3593
57.269
57.1261
56.9328
56.6911
56.4034
56.0718
55.6989
55.2867
54.8373
54.3532
53.8391
53.2999
52.7375
52.1547
51.5612
50.9702
50.3899
49.8271
49.2886
48.78
48.3161
47.9183
47.5946
47.3356
47.123
46.9518
46.8229
36.3619
36.2538
36.0833
35.8803
35.6512
35.3973
35.1231
34.8314
34.5253
34.207
33.8793
33.5437
33.2037
32.8613
32.5197
32.1806
31.8466
31.5185
31.1982
30.886
30.5831
30.2895
30.0059
29.7323
29.4696
29.2177
28.9774
28.7493
28.5342
28.3328
28.1464
27.9757
27.8223
27.6872
27.5719
27.4776
27.4057
27.3578
27.3351
27.339
27.3708
27.4319
27.5232
27.6462
27.8016
27.9904
28.2131
28.4706
28.7627
29.0897
29.4513
29.8471
30.276
30.7373
31.2292
31.7503
32.2981
32.8708
33.4655
34.0799
34.7106
35.3549
36.0096
36.6718
37.3383
38.0065
38.6735
39.3366
39.9933
40.6417
41.2797
41.9052
42.5166
43.1139
43.6944
44.2557
44.8007
45.3274
45.8317
46.3166
46.7828
47.2265
47.6477
48.0477
48.4259
48.7816
49.1148
49.4251
49.7119
49.9765
50.2209
50.4408
50.6381
50.8143
50.966
51.1006
51.2275
51.3215
51.399
51.4789
51.5379
51.587
51.6804
51.7991
51.8736
51.8113
51.511
50.6599
49.1224
47.0262
44.5332
41.8101
39.0062
36.2294
33.5489
31.0203
28.6951
26.6235
24.8545
23.4407
22.4323
21.8658
21.7622
22.1236
22.9402
24.187
25.8184
27.7717
29.9867
32.4139
35.0033
37.6884
40.3841
42.9917
45.3938
47.4528
49.0761
50.3804
51.4919
52.4664
53.3191
54.0615
54.7036
55.2558
55.7266
56.1238
56.4531
56.719
56.9235
57.0678
57.1526
57.1797
57.1504
57.0672
56.9312
56.745
56.5098
56.2282
55.9015
55.5321
55.1222
54.6742
54.1898
53.6727
53.1275
52.5581
51.9678
51.3639
50.7588
50.1612
49.5789
49.0213
48.4973
48.0195
47.6061
47.2662
46.989
46.7664
46.5932
46.4711
36.0859
35.994
35.8455
35.6614
35.4471
35.2043
34.9377
34.6514
34.3498
34.0359
33.713
33.383
33.0491
32.7131
32.3779
32.045
31.7166
31.3937
31.0777
30.7691
30.4691
30.1777
29.8959
29.6236
29.3617
29.1104
28.8706
28.6426
28.4277
28.2264
28.0399
27.8692
27.7157
27.5804
27.4648
27.3701
27.2977
27.2489
27.2252
27.2279
27.2582
27.3175
27.4069
27.5276
27.6806
27.8669
28.0871
28.342
28.6316
28.9564
29.3158
29.7099
30.1374
30.5975
31.0887
31.6094
32.1573
32.7303
33.3256
33.9408
34.5724
35.2176
35.8732
36.5364
37.2038
37.8728
38.5402
39.2036
39.8604
40.5089
41.1466
41.7714
42.3821
42.9785
43.5581
44.1188
44.6617
45.188
45.6931
46.1766
46.6427
47.0878
47.5107
47.9117
48.2911
48.6495
48.9871
49.301
49.5923
49.8638
50.1154
50.3421
50.5462
50.7312
50.8953
51.0393
51.169
51.2819
51.3833
51.4724
51.5489
51.6314
51.7381
51.8671
51.9532
51.9016
51.5136
50.4704
48.7593
46.5279
43.917
41.0951
38.2021
35.3603
32.6325
30.0759
27.7353
25.6632
23.9004
22.4985
21.5008
20.9506
20.867
21.2531
22.0991
23.382
25.0484
27.0309
29.2683
31.7042
34.2781
36.9235
39.5736
42.1515
44.5545
46.6469
48.3477
49.7401
50.9255
51.9582
52.8602
53.6436
54.321
54.9029
55.3992
55.8177
56.165
56.4451
56.6615
56.8156
56.9093
56.9444
56.9232
56.8474
56.7193
56.5403
56.3125
56.037
55.7157
55.3501
54.9427
54.4956
54.0107
53.4908
52.9397
52.3617
51.7616
51.1456
50.5242
49.9068
49.3029
48.7239
48.1811
47.6875
47.2574
46.9002
46.6077
46.3788
46.2084
46.085
35.798
35.723
35.597
35.4345
35.2403
35.0163
34.7672
34.4972
34.2111
33.9116
33.6019
33.2841
32.9613
32.6352
32.3087
31.9831
31.6608
31.3425
31.0299
30.7236
30.4247
30.1336
29.8513
29.578
29.3146
29.0617
28.82
28.5902
28.3734
28.1703
27.9822
27.8101
27.6553
27.5188
27.402
27.3063
27.2329
27.183
27.1582
27.1595
27.1884
27.246
27.3336
27.4524
27.6032
27.7872
28.0051
28.2575
28.5447
28.8671
29.2245
29.6166
30.0423
30.5009
30.991
31.5107
32.0579
32.6306
33.2259
33.8409
34.4726
35.1182
35.7741
36.4371
37.1047
37.7732
38.4401
39.1032
39.7592
40.4066
41.0428
41.6662
42.2758
42.8701
43.448
44.0078
44.5485
45.0726
45.5781
46.0596
46.5237
46.9696
47.3939
47.7962
48.1769
48.5372
48.8769
49.1938
49.4888
49.7652
50.0211
50.2534
50.4656
50.6605
50.8336
50.9865
51.1205
51.2402
51.3538
51.4511
51.5464
51.6519
51.7595
51.8906
52.0054
51.9699
51.4781
50.299
48.4922
46.1713
43.4714
40.5631
37.5998
34.6952
31.9205
29.3285
26.9667
24.8807
23.1136
21.71
20.7139
20.1663
20.0889
20.486
21.3503
22.6541
24.3422
26.3495
28.6097
31.0529
33.6098
36.2197
38.8279
41.3706
43.755
45.8541
47.6048
49.0707
50.3255
51.4169
52.3695
53.1962
53.9104
54.5238
55.0471
55.4882
55.8543
56.1501
56.3795
56.5446
56.6482
56.6924
56.6799
56.6124
56.4926
56.3214
56.1011
55.8322
55.5167
55.1555
54.7513
54.3055
53.82
53.2971
52.74
52.1522
51.5394
50.9077
50.2667
49.6265
48.998
48.3944
47.8284
47.3144
46.8653
46.4904
46.1862
45.9506
45.7797
45.6519
35.5661
35.5056
35.3988
35.2565
35.0829
34.88
34.6521
34.4028
34.1365
33.8553
33.5621
33.2588
32.9485
32.6331
32.3153
31.9966
31.6793
31.3644
31.0536
30.7477
30.4481
30.1553
29.8705
29.5941
29.3274
29.0708
28.8256
28.5924
28.3724
28.1664
27.9758
27.8014
27.6447
27.5067
27.3887
27.2919
27.2175
27.1668
27.141
27.1414
27.1691
27.2255
27.3115
27.4285
27.5773
27.7591
27.9745
28.2245
28.5092
28.829
29.1838
29.5732
29.9965
30.4531
30.9412
31.459
32.0047
32.576
33.17
33.784
34.4147
35.0592
35.7143
36.3763
37.0422
37.7094
38.375
39.0356
39.69
40.3348
40.9685
41.5896
42.1968
42.7878
43.3631
43.9212
44.4596
44.9803
45.4847
45.9658
46.4264
46.8702
47.2947
47.6986
48.0812
48.4431
48.7837
49.1024
49.4009
49.6809
49.941
50.1762
50.3938
50.5969
50.7712
50.9296
51.0791
51.2095
51.32
51.4234
51.5273
51.6375
51.7579
51.879
51.9922
51.9298
51.3496
50.121
48.2914
45.9315
43.1844
40.2246
37.2086
34.248
31.4255
28.7933
26.4035
24.2959
22.5155
21.1002
20.0973
19.541
19.4577
19.8545
20.723
22.0318
23.73
25.7535
28.0274
30.4701
33.0072
35.5833
38.1493
40.6506
43
45.089
46.8705
48.3935
49.7082
50.8549
51.8561
52.7259
53.4771
54.1228
54.6734
55.138
55.5234
55.8357
56.0785
56.2556
56.3693
56.4232
56.4197
56.3613
56.2499
56.0873
55.8745
55.6131
55.3038
54.9482
54.5476
54.1039
53.618
53.0919
52.5278
51.9286
51.2996
50.6476
49.9824
49.3148
48.6576
48.0251
47.4318
46.893
46.4229
46.0306
45.7162
45.4735
45.3013
45.1777
35.4356
35.3803
35.2871
35.1618
35.0068
34.8239
34.6169
34.3888
34.1429
33.8805
33.6039
33.3147
33.0161
32.7101
32.3995
32.0859
31.7717
31.458
31.1469
30.8392
30.5368
30.2402
29.951
29.6698
29.3982
29.1367
28.8868
28.6492
28.4253
28.216
28.0226
27.8461
27.6877
27.5485
27.4296
27.3322
27.2575
27.2065
27.1803
27.1802
27.2073
27.2627
27.3475
27.4629
27.6097
27.7892
28.0021
28.2492
28.5308
28.8475
29.1991
29.5855
30.0058
30.4592
30.9443
31.4594
32.0024
32.571
33.1623
33.7738
34.4019
35.0437
35.696
36.3556
37.0183
37.6825
38.3452
39.0017
39.6525
40.2936
40.9237
41.541
42.1438
42.7306
43.3019
43.8569
44.3923
44.9089
45.4104
45.8919
46.3509
46.7905
47.2128
47.6169
47.9995
48.3614
48.7039
49.025
49.3263
49.6083
49.8711
50.1075
50.3273
50.5341
50.7149
50.8772
51.0297
51.1688
51.2884
51.3901
51.4825
51.5861
51.6993
51.7941
51.8748
51.751
51.1366
49.9341
48.1372
45.7947
43.0451
40.065
37.0102
34.004
31.1342
28.4638
26.0423
23.9122
22.1124
20.6818
19.6635
19.0912
18.9935
19.3803
20.2403
21.5438
23.243
25.2704
27.5426
29.9724
32.485
35.0245
37.5447
39.9948
42.2971
44.3636
46.1619
47.7263
49.0905
50.2858
51.3319
52.2421
53.0291
53.7062
54.2838
54.7716
55.1765
55.5051
55.7618
55.9509
56.0753
56.139
56.145
56.0962
55.9939
55.8405
55.6362
55.383
55.0811
54.7321
54.3363
53.8952
53.4086
52.878
52.3045
51.6905
51.0411
50.3632
49.6678
48.967
48.276
47.6097
46.985
46.4179
45.9242
45.5136
45.1882
44.9394
44.7686
44.658
35.4193
35.3618
35.2758
35.1631
35.0239
34.8593
34.6718
34.4636
34.2369
33.992
33.7304
33.4536
33.1649
32.8662
32.5605
32.2496
31.936
31.6211
31.3073
30.9957
30.6884
30.3862
30.0911
29.8038
29.5262
29.259
29.004
28.7618
28.5341
28.3217
28.126
27.9479
27.7886
27.649
27.5302
27.4332
27.3591
27.3087
27.283
27.2832
27.3103
27.3653
27.4491
27.5631
27.7082
27.8854
28.0955
28.3395
28.6176
28.9306
29.2782
29.6605
30.0765
30.5257
31.0063
31.5172
32.0558
32.6199
33.2068
33.8138
34.4373
35.0745
35.7217
36.3764
37.0344
37.6933
38.3501
39.0018
39.6471
40.2825
40.9065
41.5183
42.1159
42.6979
43.264
43.8138
44.3447
44.8569
45.3528
45.8323
46.2917
46.7294
47.1473
47.548
47.9299
48.2918
48.6348
48.9583
49.2601
49.542
49.8066
50.0442
50.2659
50.4738
50.6582
50.8211
50.9727
51.1148
51.2369
51.3356
51.4277
51.5176
51.592
51.6435
51.6804
51.5096
50.8956
49.7564
48.0378
45.7548
43.0355
40.0594
36.9834
33.9448
31.0377
28.3361
25.8867
23.7358
21.9158
20.4686
19.4305
18.84
18.7234
19.092
19.9341
21.224
22.9127
24.9271
27.1794
29.5821
32.0608
34.5556
37.0217
39.4092
41.6538
43.6875
45.4903
47.0822
48.4851
49.7204
50.8056
51.752
52.5725
53.279
53.8828
54.3926
54.8166
55.1609
55.4314
55.632
55.7673
55.8403
55.856
55.8168
55.7247
55.5807
55.3864
55.1422
54.8494
54.5077
54.1176
53.6788
53.1907
52.6533
52.0674
51.4347
50.7602
50.0514
49.3207
48.5821
47.8529
47.1499
46.491
45.8948
45.3762
44.9474
44.6102
44.3574
44.1907
44.0974
35.4981
35.443
35.3598
35.2566
35.1318
34.9848
34.8167
34.6282
34.4201
34.1916
33.9435
33.6772
33.3959
33.1018
32.7981
32.4869
32.1709
31.8521
31.533
31.2151
30.9008
30.5915
30.2891
29.995
29.7109
29.4381
29.1781
28.9319
28.7012
28.4867
28.2899
28.1115
27.9526
27.814
27.6967
27.6013
27.5289
27.4801
27.4558
27.457
27.4845
27.5393
27.6225
27.7351
27.8782
28.0528
28.2597
28.5
28.774
29.0825
29.4253
29.8024
30.213
30.6566
31.1315
31.6362
32.1686
32.7264
33.3067
33.9068
34.5234
35.1534
35.7933
36.4402
37.0908
37.7419
38.3905
39.0349
39.6719
40.2995
40.9162
41.5209
42.1114
42.6864
43.246
43.7896
44.3158
44.8241
45.3134
45.7857
46.2432
46.6807
47.0959
47.4921
47.8722
48.232
48.574
48.8979
49.1963
49.4786
49.743
49.9842
50.208
50.4138
50.5954
50.76
50.9115
51.0464
51.1593
51.2599
51.3459
51.4117
51.4541
51.4625
51.4554
51.2819
50.6924
49.6083
47.9816
45.7856
43.1288
40.1847
37.119
34.0713
31.1484
28.4257
25.9577
23.7874
21.9503
20.4849
19.4284
18.8175
18.6792
19.0228
19.8401
21.106
22.7678
24.7496
26.963
29.3218
31.7503
34.1873
36.5861
38.9
41.0768
43.0695
44.8656
46.4738
47.904
49.1706
50.2878
51.2654
52.1153
52.8486
53.4762
54.0067
54.4487
54.8082
55.0918
55.3039
55.4496
55.5323
55.5575
55.5282
55.4467
55.3133
55.1299
54.8964
54.6135
54.2799
53.8952
53.458
52.9666
52.42
51.8189
51.1641
50.4613
49.7183
48.9492
48.1697
47.3991
46.6571
45.9625
45.3357
44.7917
44.3436
43.994
43.7376
43.5755
43.5002
35.6288
35.588
35.5136
35.4242
35.3177
35.192
35.0461
34.8791
34.6904
34.4778
34.2418
33.9837
33.7072
33.4147
33.1098
32.795
32.4738
32.1482
31.8215
31.4954
31.1729
30.8555
30.5456
30.2446
29.9546
29.6768
29.4131
29.1643
28.9321
28.7172
28.5209
28.3438
28.1869
28.0507
27.936
27.8434
27.7736
27.7271
27.7047
27.7072
27.7353
27.7901
27.8725
27.9836
28.1245
28.2962
28.4996
28.7357
29.005
29.3083
29.6452
30.0161
30.4201
30.8565
31.3239
31.8205
32.3445
32.8933
33.4644
34.0546
34.6613
35.2808
35.9104
36.5464
37.1865
37.8267
38.4648
39.0984
39.7251
40.3424
40.9505
41.5452
42.127
42.6933
43.2459
43.7814
44.3021
44.8047
45.2897
45.7554
46.2058
46.6394
47.057
47.4517
47.8269
48.1806
48.5187
48.8365
49.1342
49.4151
49.6795
49.9199
50.1415
50.3448
50.5248
50.6875
50.8335
50.9605
51.0631
51.1513
51.2271
51.2737
51.2842
51.2613
51.2193
51.0578
50.5191
49.4861
47.9431
45.8584
43.3031
40.4327
37.417
34.3943
31.4803
28.7523
26.2754
24.0908
22.2401
20.7578
19.6839
19.0507
18.8867
19.1997
19.9827
21.2088
22.8239
24.7522
26.9059
29.1997
31.5577
33.9196
36.2365
38.4668
40.5687
42.5139
44.294
45.9081
47.3545
48.6432
49.7843
50.7874
51.6619
52.4188
53.0674
53.6171
54.0753
54.4493
54.7449
54.968
55.1229
55.2152
55.2495
55.2302
55.159
55.0374
54.8655
54.6438
54.3712
54.0461
53.6663
53.2303
52.7348
52.1787
51.5616
50.8841
50.152
49.3737
48.5649
47.7428
46.9293
46.1457
45.4145
44.7554
44.186
43.718
43.357
43.097
42.94
42.8818
35.7574
35.7402
35.6933
35.634
35.5591
35.4643
35.3476
35.2065
35.0393
34.843
34.6182
34.3666
34.0924
33.7987
33.49
33.1692
32.8404
32.5063
32.1706
31.8356
31.5046
31.1792
30.8625
30.5557
30.2612
29.9802
29.7145
29.4649
29.2331
29.0195
28.8254
28.651
28.4974
28.3646
28.2536
28.1642
28.0975
28.0535
28.0331
28.0369
28.0658
28.1206
28.2022
28.3117
28.4502
28.6187
28.8182
29.0496
29.3135
29.6105
29.9405
30.3039
30.6994
31.1268
31.584
32.0705
32.5827
33.12
33.6781
34.2559
34.8485
35.4548
36.0697
36.6923
37.3176
37.9448
38.569
39.1897
39.8031
40.4096
41.0041
41.5895
42.1603
42.7188
43.2609
43.7891
44.3004
44.7973
45.276
45.7393
46.1819
46.6085
47.0185
47.4146
47.7896
48.1457
48.4782
48.7908
49.0838
49.361
49.6182
49.8536
50.0718
50.2682
50.4453
50.6033
50.7438
50.8639
50.9587
51.0306
51.084
51.1147
51.1044
51.0573
50.982
50.8098
50.3328
49.3856
47.9371
45.9836
43.5685
40.8169
37.8878
34.9234
32.0389
29.3228
26.8437
24.651
22.7873
21.2896
20.195
19.5366
19.3405
19.6143
20.3497
21.5188
23.0684
24.9229
26.996
29.2036
31.4717
33.7412
35.9648
38.105
40.1303
42.0246
43.7824
45.3926
46.8452
48.1463
49.3034
50.3252
51.2191
51.9951
52.6617
53.2278
53.7005
54.0873
54.3938
54.6266
54.7902
54.8913
54.9344
54.9247
54.8642
54.7545
54.5952
54.3859
54.1243
53.8081
53.434
53
52.5018
51.9373
51.3052
50.6054
49.8438
49.029
48.178
47.3099
46.449
45.6194
44.8467
44.1518
43.5539
43.0649
42.6919
42.4286
42.2773
42.2362
35.8376
35.8458
35.8478
35.8381
35.8074
35.7513
35.667
35.5518
35.4033
35.2192
35.0004
34.7503
34.4738
34.1754
33.86
33.5317
33.1949
32.8532
32.5105
32.1694
31.8332
31.5042
31.1847
30.8766
30.5818
30.3016
30.0376
29.7906
29.5619
29.352
29.1615
28.9913
28.8414
28.7125
28.6047
28.5186
28.4541
28.4121
28.3928
28.3969
28.4251
28.4784
28.5577
28.6642
28.7986
28.9625
29.1565
29.3819
29.6389
29.9284
30.2503
30.6047
30.9908
31.4077
31.8543
32.329
32.8296
33.3539
33.8994
34.4633
35.0426
35.6344
36.236
36.8439
37.4559
38.0686
38.6804
39.2878
39.8896
40.4838
41.0681
41.6418
42.2034
42.7518
43.2867
43.8063
44.3109
44.7996
45.2731
45.7298
46.1692
46.59
46.9928
47.3779
47.7479
48.1022
48.439
48.7548
49.05
49.3213
49.5707
49.8023
50.0149
50.2028
50.374
50.5271
50.6604
50.7706
50.8589
50.9222
50.9572
50.9644
50.9298
50.8559
50.7494
50.5523
50.1292
49.307
47.9864
46.1591
43.8784
41.253
38.422
35.5278
32.6842
29.9904
27.5166
25.3226
23.4503
21.9416
20.8293
20.1477
19.9196
20.1528
20.8378
21.9469
23.4263
25.2009
27.1861
29.2995
31.4711
33.6436
35.7739
37.8278
39.7824
41.6273
43.3588
44.9563
46.4057
47.7091
48.8739
49.9064
50.8136
51.6031
52.2832
52.8616
53.3457
53.742
54.0573
54.297
54.4676
54.5751
54.6257
54.6238
54.5731
54.4744
54.3275
54.1304
53.8804
53.5739
53.2073
52.7775
52.2792
51.7086
51.0628
50.3414
49.5483
48.6941
47.795
46.8746
45.9585
45.0762
44.2546
43.5189
42.8875
42.3755
41.9885
41.7223
41.5775
41.5552
35.8811
35.9059
35.9654
36.0128
36.0281
36.0092
35.9539
35.8596
35.7248
35.5487
35.3335
35.084
34.8056
34.504
34.1844
33.8516
33.5102
33.1645
32.8179
32.4739
32.1352
31.8046
31.484
31.1756
30.8809
30.6016
30.3387
30.0935
29.8667
29.6589
29.4711
29.303
29.1557
29.0289
28.9232
28.8384
28.7753
28.7337
28.7146
28.7181
28.7452
28.7967
28.8734
28.9766
29.1073
29.2667
29.4556
29.6752
29.926
30.2085
30.523
30.8691
31.2466
31.6546
32.0916
32.556
33.0461
33.5595
34.0936
34.646
35.2135
35.7935
36.383
36.9792
37.5792
38.1807
38.781
39.3779
39.9689
40.5533
41.1288
41.6937
42.2465
42.7871
43.3144
43.8277
44.3261
44.8093
45.2768
45.7287
46.1642
46.5831
46.9836
47.3652
47.728
48.0735
48.402
48.7152
49.0108
49.2841
49.5354
49.7674
49.9763
50.1615
50.3288
50.4763
50.6032
50.7055
50.7853
50.8386
50.8565
50.8401
50.7804
50.6743
50.5354
50.3152
49.9205
49.2139
48.0419
46.3501
44.191
41.6766
38.941
36.1187
33.3253
30.6615
28.2044
26.017
24.1459
22.6328
21.5109
20.8114
20.5563
20.7523
21.3892
22.4396
23.8484
25.5411
27.4364
29.4552
31.531
33.61
35.6519
37.6267
39.5169
41.3156
43.0171
44.5958
46.0348
47.3338
48.4996
49.5369
50.4517
51.2498
51.939
52.526
53.0182
53.4215
53.7429
53.9877
54.1634
54.276
54.3323
54.3368
54.2946
54.2062
54.0713
53.8866
53.6491
53.3538
52.9966
52.573
52.0764
51.5013
50.8416
50.0964
49.2677
48.3676
47.4123
46.4303
45.4496
44.5049
43.6258
42.8412
42.1703
41.6303
41.2264
40.9554
40.8178
40.8167
35.9186
35.9532
36.0754
36.186
36.2506
36.269
36.2396
36.1624
36.0379
35.8675
35.6551
35.4063
35.1274
34.8246
34.5034
34.1691
33.8265
33.4795
33.1325
32.788
32.4495
32.119
31.7991
31.4912
31.1977
30.9193
30.6578
30.4138
30.1885
29.9823
29.7957
29.6292
29.4831
29.3574
29.2524
29.1682
29.1051
29.0633
29.0432
29.0454
29.0706
29.1196
29.1934
29.2931
29.4196
29.5741
29.7578
29.9713
30.2155
30.4908
30.7974
31.1353
31.5038
31.9021
32.3291
32.7832
33.2623
33.7645
34.287
34.8276
35.3833
35.9514
36.5289
37.1133
37.7018
38.292
38.8814
39.4679
40.0493
40.6239
41.1899
41.7465
42.2918
42.8251
43.3453
43.8522
44.3447
44.8226
45.2848
45.7318
46.1627
46.5779
46.9762
47.3573
47.7195
48.0625
48.3854
48.6901
48.9774
49.2481
49.5006
49.7349
49.9455
50.131
50.2973
50.4411
50.5608
50.6578
50.7295
50.7731
50.7776
50.7409
50.657
50.5208
50.3432
50.0972
49.7201
49.1055
48.0861
46.5627
44.5566
42.1626
39.5254
36.7782
34.042
31.4152
28.9832
26.8082
24.9438
23.4287
22.2987
21.5807
21.2972
21.452
22.0353
23.0185
24.3467
25.9481
27.7452
29.6643
31.6414
33.6267
35.5813
37.48
39.3074
41.0595
42.7261
44.2809
45.704
46.9945
48.1566
49.1949
50.1129
50.9164
51.6112
52.2042
52.7016
53.1101
53.4352
53.6839
53.8627
53.9792
54.0394
54.05
54.0155
53.9381
53.8159
53.6457
53.4225
53.1411
52.7958
52.3812
51.8879
51.3087
50.634
49.8616
48.9922
48.0387
47.0197
45.9667
44.9136
43.8973
42.9541
42.1131
41.3983
40.8261
40.404
40.1276
39.999
40.0225
35.965
36.0122
36.1957
36.3663
36.478
36.529
36.5207
36.4566
36.3408
36.1766
35.9692
35.7242
35.4485
35.148
34.8288
34.4961
34.1547
33.809
33.4628
33.1192
32.7811
32.4511
32.1313
31.8238
31.5302
31.252
30.9905
30.7467
30.5215
30.3153
30.1287
29.9622
29.816
29.69
29.5846
29.4997
29.4355
29.3924
29.3708
29.371
29.3939
29.4402
29.5107
29.6066
29.7289
29.8787
30.0569
30.2645
30.5022
30.7703
31.0692
31.3986
31.7582
32.147
32.5638
33.0073
33.4755
33.9663
34.4773
35.0061
35.5499
36.106
36.6718
37.2446
37.8217
38.4008
38.9796
39.556
40.1279
40.6935
41.2511
41.7993
42.337
42.8632
43.377
43.8777
44.3646
44.8371
45.2946
45.737
46.1634
46.5739
46.9683
47.3463
47.707
48.0499
48.3733
48.6768
48.9603
49.2245
49.4697
49.6976
49.9068
50.0936
50.2589
50.4011
50.5171
50.6094
50.6741
50.709
50.708
50.659
50.5561
50.3942
50.1771
49.8992
49.5234
48.9705
48.0887
46.7499
44.9318
42.6931
40.172
37.511
34.8369
32.255
29.853
27.697
25.8418
24.3279
23.1891
22.452
22.1367
22.2452
22.7678
23.6753
24.9139
26.4159
28.1089
29.924
31.8007
33.6917
35.5607
37.385
39.1508
40.8544
42.4827
44.0093
45.4134
46.692
47.8471
48.8824
49.8001
50.6053
51.3025
51.8984
52.3987
52.8101
53.1376
53.3886
53.5697
53.6887
53.7523
53.7684
53.7423
53.6764
53.5683
53.4139
53.2072
52.9418
52.6107
52.2063
51.7169
51.1325
50.4406
49.6369
48.7215
47.7071
46.6163
45.4829
44.3478
43.2507
42.2346
41.3303
40.5655
39.9578
39.5156
39.2343
39.1158
39.1665
36.0226
36.09
36.3294
36.553
36.7047
36.7812
36.7905
36.7408
36.6378
36.4856
36.2887
36.0529
35.7843
35.4892
35.1737
34.8435
34.5034
34.1583
33.8118
33.4674
33.1282
32.7967
32.4754
32.1662
31.871
31.5912
31.3281
31.0828
30.8561
30.6486
30.4608
30.293
30.1454
30.0181
29.9112
29.8247
29.7588
29.7138
29.69
29.688
29.7082
29.7515
29.8188
29.9109
30.0291
30.1742
30.3472
30.5491
30.7804
31.0416
31.3328
31.654
32.0048
32.3842
32.7912
33.2243
33.6818
34.1614
34.6612
35.1784
35.7107
36.2553
36.8097
37.3713
37.9376
38.5061
39.0749
39.6415
40.2044
40.7614
41.311
41.8516
42.3823
42.9018
43.4096
43.9045
44.3863
44.8537
45.307
45.7449
46.1676
46.574
46.9646
47.3383
47.6958
48.036
48.3589
48.6627
48.9471
49.2102
49.4527
49.6741
49.8761
50.0572
50.2176
50.3561
50.4698
50.5571
50.6165
50.6422
50.6328
50.5759
50.4605
50.2811
50.0336
49.7179
49.3227
48.7991
48.026
46.8666
45.2506
43.2042
40.8358
38.2871
35.6894
33.1619
30.7953
28.6632
26.819
25.307
24.158
23.3994
23.048
23.1056
23.5611
24.386
25.5287
26.9264
28.5122
30.2211
31.9969
33.7938
35.5793
37.3306
39.0362
40.6903
42.2787
43.7745
45.1577
46.4215
47.5669
48.5958
49.5104
50.3138
51.0108
51.6067
52.1079
52.5197
52.8482
53.0993
53.281
53.4007
53.4673
53.4886
53.4716
53.4177
53.3252
53.1881
53.0002
52.7529
52.4386
52.0457
51.5614
50.9712
50.2612
49.4232
48.4574
47.3759
46.2049
44.9827
43.7556
42.5695
41.4718
40.4985
39.679
39.0342
38.5711
38.2868
38.1799
38.2604
36.0795
36.1681
36.4621
36.73
36.9147
37.0187
37.0554
37.0328
36.9546
36.8233
36.6425
36.4177
36.1557
35.8637
35.5485
35.2165
34.8735
34.5246
34.1739
33.8252
33.4817
33.1461
32.8208
32.5079
32.2092
31.9263
31.6602
31.4122
31.183
30.9731
30.7831
30.6131
30.4634
30.3341
30.2251
30.1366
30.0687
30.0216
29.9956
29.9911
30.0087
30.0492
30.1132
30.2019
30.3161
30.4567
30.6248
30.8212
31.0464
31.3009
31.5848
31.898
32.2402
32.6106
33.008
33.4311
33.8781
34.3471
34.836
35.3422
35.8634
36.3971
36.9407
37.4918
38.0478
38.6065
39.1658
39.7236
40.278
40.827
41.369
41.9026
42.4267
42.9403
43.4424
43.932
44.4088
44.8718
45.3208
45.7549
46.1739
46.5772
46.9645
47.3351
47.6892
48.026
48.3458
48.6476
48.931
49.1945
49.4375
49.6588
49.8583
50.0353
50.19
50.3216
50.4289
50.5089
50.5602
50.5767
50.5548
50.4861
50.3583
50.1629
49.8919
49.541
49.109
48.5764
47.8676
46.8615
45.4489
43.6166
41.4387
39.0407
36.5517
34.0969
31.7785
29.6761
27.8475
26.3375
25.1781
24.3958
24.0054
24.0085
24.393
25.1308
26.1744
27.4658
28.9433
30.5465
32.2224
33.9277
35.6317
37.3122
38.9592
40.565
42.1135
43.578
44.9387
46.1855
47.3186
48.3384
49.247
50.0459
50.7398
51.3332
51.8327
52.2431
52.5708
52.8211
53.0019
53.1217
53.1904
53.217
53.2087
53.1674
53.091
52.9731
52.8059
52.5794
52.2841
51.9049
51.427
50.8311
50.102
49.2267
48.2053
47.0494
45.788
44.4664
43.1357
41.8505
40.6627
39.6137
38.736
38.0519
37.5681
37.2814
37.1877
37.2993
36.0591
36.2009
36.5552
36.8912
37.1319
37.2907
37.3799
37.4005
37.3533
37.2408
37.0682
36.8435
36.5761
36.2755
35.9501
35.6075
35.2541
34.8953
34.5358
34.179
33.8283
33.4863
33.1553
32.8374
32.5341
32.2471
31.9774
31.726
31.4937
31.281
31.0883
30.9158
30.7638
30.6323
30.5213
30.4308
30.3609
30.3118
30.2837
30.2771
30.2924
30.3303
30.3916
30.4771
30.5877
30.7243
30.8878
31.0789
31.2982
31.5463
31.8231
32.1287
32.4626
32.8241
33.2123
33.6257
34.0628
34.5216
35.0001
35.4959
36.0067
36.5301
37.0637
37.6049
38.1515
38.7012
39.2518
39.8014
40.348
40.8898
41.4249
41.9522
42.4704
42.9785
43.4753
43.9603
44.4325
44.8915
45.3365
45.7673
46.1829
46.5834
46.9678
47.336
47.6873
48.0217
48.3382
48.6373
48.9179
49.18
49.4221
49.6439
49.8434
50.0206
50.1735
50.3021
50.404
50.4776
50.5198
50.5264
50.4915
50.4084
50.2655
50.0525
49.7586
49.3762
48.9026
48.3322
47.6331
46.723
45.4892
43.8731
41.9091
39.6954
37.3528
35.0005
32.752
30.6918
28.8863
27.3814
26.2132
25.4065
24.9765
24.9227
25.2338
25.8826
26.8265
28.0127
29.3838
30.8841
32.4629
34.0803
35.7061
37.3199
38.9111
40.4714
41.981
43.4146
44.7506
45.9789
47.0972
48.1064
49.0067
49.7995
50.4876
51.0764
51.5715
51.9788
52.3035
52.5515
52.7297
52.8484
52.9178
52.9488
52.9483
52.9201
52.861
52.7643
52.6201
52.4176
52.1444
51.7825
51.3139
50.7145
49.9662
49.0519
47.9699
46.7323
45.3713
43.9389
42.4945
41.1006
39.8165
38.6867
37.7493
37.0246
36.5207
36.2313
36.1518
36.2949
35.9965
36.1891
36.7272
37.1694
37.5038
37.7531
37.9032
37.9504
37.9047
37.7768
37.5792
37.3262
37.031
36.7047
36.3567
35.9944
35.6245
35.2517
34.8803
34.5135
34.1542
33.8049
33.4677
33.1444
32.8365
32.5453
32.2719
32.0172
31.7818
31.5664
31.3712
31.1966
31.0425
30.9092
30.7965
30.7044
30.6331
30.5825
30.553
30.5447
30.5582
30.5942
30.653
30.7357
30.843
30.9758
31.1349
31.3209
31.5346
31.7763
32.0462
32.3442
32.67
33.023
33.4021
33.8062
34.2337
34.6828
35.1514
35.6375
36.1386
36.6525
37.1768
37.7091
38.2471
38.7885
39.3313
39.8736
40.4132
40.9484
41.4774
41.9991
42.5119
43.0149
43.5071
43.9878
44.4559
44.911
45.3524
45.7798
46.1923
46.5899
46.9717
47.3377
47.6868
48.0191
48.3336
48.6305
48.9087
49.1685
49.4085
49.6288
49.8275
50.0041
50.1568
50.2845
50.3847
50.4552
50.4924
50.4921
50.4477
50.3528
50.1963
49.9675
49.654
49.245
48.7349
48.1202
47.3922
46.5092
45.3902
43.9593
42.2064
40.1928
38.022
35.8047
33.6524
31.6567
29.8884
28.399
27.2277
26.4
25.9322
25.8228
26.0604
26.6218
27.469
28.5535
29.8231
31.2255
32.7127
34.2472
35.7999
37.3519
38.892
40.4097
41.8823
43.285
44.595
45.8027
46.9049
47.9024
48.7931
49.5774
50.2575
50.839
51.3275
51.7291
52.0494
52.2933
52.4677
52.5831
52.6514
52.6846
52.6916
52.6765
52.6361
52.5625
52.4446
52.2699
52.0227
51.6825
51.2265
50.626
49.8586
48.9032
47.7554
46.4279
44.9569
43.4024
41.8333
40.3223
38.9352
37.7211
36.7218
35.9565
35.4316
35.1397
35.0739
35.2475
35.6169
36.7199
37.5168
37.9654
38.3626
38.658
38.7713
38.7327
38.595
38.385
38.1187
37.8103
37.471
37.1098
36.7339
36.3496
35.9616
35.5745
35.1913
34.8149
34.4477
34.0918
33.7491
33.421
33.1091
32.8144
32.538
32.2807
32.043
31.8256
31.6287
31.4525
31.2972
31.1628
31.0491
30.9563
30.8842
30.8328
30.8024
30.7931
30.8054
30.8396
30.8965
30.9766
31.0808
31.2098
31.3645
31.5455
31.7534
31.9887
32.2516
32.5421
32.8599
33.2045
33.575
33.9702
34.3887
34.8288
35.2884
35.7655
36.258
36.7635
37.2796
37.8041
38.3346
38.8689
39.4051
39.9409
40.4746
41.0041
41.5279
42.0445
42.5528
43.0513
43.5395
44.0161
44.4807
44.9323
45.3705
45.7947
46.2046
46.5993
46.979
47.3427
47.6902
48.0208
48.3344
48.6298
48.9071
49.1653
49.4042
49.6226
49.8203
49.9954
50.1474
50.2739
50.3733
50.4421
50.4772
50.4731
50.4237
50.3214
50.1566
49.9176
49.5921
49.1667
48.6318
47.9834
47.2181
46.3206
45.2446
43.9341
42.3546
40.5298
38.5347
36.4692
34.4333
32.5217
30.806
29.3445
28.1781
27.336
26.8339
26.672
26.8402
27.3196
28.0765
29.067
30.2432
31.5554
32.9587
34.4172
35.9039
37.3999
38.8947
40.3725
41.8107
43.1818
44.4647
45.6501
46.7365
47.7218
48.6023
49.376
50.046
50.6176
51.0972
51.4909
51.8044
52.0414
52.2093
52.3182
52.3825
52.4162
52.4303
52.4287
52.4088
52.3609
52.2732
52.131
51.9154
51.6028
51.1641
50.5668
49.7817
48.7847
47.5672
46.1434
44.5532
42.8676
41.1647
39.5305
38.0359
36.7366
35.6749
34.8699
34.3236
34.0289
33.9755
34.1774
37.6884
39.1418
39.7643
39.8064
39.8036
39.769
39.6335
39.4223
39.1678
38.8758
38.5492
38.1953
37.8212
37.4329
37.0359
36.6348
36.2338
35.8361
35.4445
35.0613
34.6886
34.3283
33.9819
33.6508
33.3364
33.0397
32.7616
32.5029
32.2642
32.0459
31.8484
31.6718
31.5163
31.3818
31.2682
31.1754
31.1034
31.052
31.0213
31.0115
31.0228
31.0558
31.1107
31.1884
31.2895
31.4149
31.5652
31.7413
31.9438
32.173
32.4294
32.713
33.0236
33.3607
33.7237
34.1113
34.5222
34.9547
35.407
35.8769
36.3624
36.8611
37.3709
37.8892
38.4139
38.9427
39.4737
40.0045
40.5335
41.0586
41.5783
42.091
42.5955
43.0906
43.5754
44.0489
44.5105
44.9593
45.395
45.8167
46.2244
46.6171
46.995
47.3571
47.7035
48.0331
48.3461
48.6412
48.9184
49.1763
49.4151
49.633
49.83
50.004
50.1547
50.2795
50.3769
50.443
50.4749
50.4665
50.4118
50.3029
50.1306
49.8836
49.5496
49.1145
48.5659
47.8974
47.1048
46.1834
45.1117
43.8577
42.3918
40.718
38.8814
36.9633
35.0521
33.2361
31.5875
30.1669
29.0172
28.1709
27.6444
27.4389
27.5484
27.9572
28.636
29.5454
30.6402
31.8733
33.2026
34.5941
36.0223
37.4694
38.9245
40.3651
41.7701
43.1094
44.3648
45.5301
46.6027
47.5758
48.4439
49.2048
49.862
50.4213
50.8894
51.2731
51.5771
51.8049
51.9631
52.0626
52.1202
52.1529
52.1729
52.1852
52.1863
52.1667
52.1131
52.0093
51.8321
51.5537
51.1377
50.5475
49.7468
48.7072
47.4164
45.8893
44.172
42.3465
40.5031
38.7404
37.1362
35.7514
34.6288
33.7845
33.2182
32.9202
32.8776
33.1038
38.477
39.2947
39.9142
40.1524
40.2606
40.261
40.1197
39.8785
39.5836
39.2521
38.8916
38.5096
38.1126
37.706
37.2941
36.8814
36.4708
36.0657
35.6681
35.2802
34.9038
34.5405
34.1917
33.8589
33.5431
33.2453
32.9664
32.7072
32.4681
32.2497
32.0523
31.8759
31.7207
31.5866
31.4735
31.3811
31.3094
31.2582
31.2275
31.2174
31.228
31.2597
31.313
31.3884
31.4866
31.6085
31.7548
31.9262
32.1234
32.3469
32.5971
32.8742
33.1781
33.5083
33.8641
34.2447
34.6485
35.0741
35.5195
35.9828
36.4619
36.9545
37.4583
37.9711
38.4905
39.0143
39.5404
40.0668
40.5913
41.1125
41.6282
42.1373
42.6383
43.1302
43.6119
44.0826
44.5413
44.9878
45.421
45.8408
46.2463
46.6376
47.0138
47.3749
47.72
48.0493
48.3616
48.6569
48.934
49.1927
49.4315
49.6501
49.8468
50.0211
50.1706
50.2943
50.3891
50.4526
50.48
50.4668
50.4055
50.2893
50.1087
49.8535
49.5117
49.0698
48.5147
47.8372
47.0321
46.0959
45.022
43.7945
42.3997
40.8355
39.1316
37.3465
35.558
33.842
32.2702
30.9005
29.7788
28.9376
28.3957
28.1557
28.2159
28.564
29.1746
30.0117
31.0329
32.1938
33.4554
34.7853
36.159
37.5619
38.9769
40.3806
41.7499
43.0583
44.2899
45.4393
46.4981
47.4573
48.3101
49.056
49.6983
50.2434
50.6983
51.0703
51.3623
51.578
51.7229
51.8098
51.858
51.8881
51.913
51.9386
51.9617
51.9733
51.9587
51.8995
51.7683
51.5312
51.1453
50.5671
49.7549
48.6733
47.308
45.6722
43.8226
41.8507
39.8635
37.97
36.2572
34.7891
33.6089
32.7273
32.1431
31.8412
31.8081
32.0539
38.89
39.3732
39.9158
40.2169
40.3568
40.3859
40.291
40.0915
39.8203
39.4986
39.1402
38.7559
38.3545
37.9429
37.5265
37.1094
36.6955
36.2876
35.8878
35.4983
35.1207
34.7566
34.4074
34.0743
33.7584
33.4607
33.1821
32.9231
32.6844
32.4664
32.2694
32.0935
31.9389
31.8053
31.6927
31.6008
31.5294
31.4785
31.4478
31.4374
31.4474
31.4782
31.5299
31.6032
31.6989
31.8175
31.96
32.1269
32.319
32.5369
32.781
33.0514
33.3483
33.6711
34.0194
34.3922
34.7882
35.2059
35.6435
36.0991
36.5707
37.056
37.5527
38.0586
38.5714
39.089
39.6091
40.1299
40.649
41.1651
41.676
42.1806
42.6773
43.1652
43.643
44.1101
44.5655
45.0088
45.4391
45.8562
46.2592
46.6483
47.0224
47.3818
47.7254
48.0534
48.3646
48.6591
48.9356
49.1939
49.4325
49.651
49.8474
50.021
50.1695
50.2914
50.3836
50.4434
50.4659
50.4464
50.3778
50.2533
50.0638
49.7998
49.4505
49.0036
48.4467
47.7695
46.9657
46.0316
44.9658
43.7635
42.4223
40.9445
39.352
37.6886
36.0183
34.4069
32.9199
31.6116
30.5282
29.7024
29.153
28.8866
28.9046
29.198
29.7453
30.5135
31.4627
32.5529
33.7476
35.0154
36.3338
37.6884
39.0573
40.4222
41.7563
43.0373
44.2495
45.3827
46.4244
47.3654
48.1997
48.9273
49.5521
50.0807
50.5209
50.879
51.1568
51.3566
51.4842
51.5542
51.5906
51.6158
51.6445
51.6828
51.7294
51.7754
51.8063
51.7992
51.7227
51.5346
51.1862
50.6256
49.8057
48.6831
47.2407
45.4915
43.503
41.3789
39.2438
37.2189
35.3988
33.8517
32.6175
31.7028
31.1037
30.7998
30.7754
31.0372
39.0641
39.3995
39.8105
40.0924
40.2451
40.3007
40.2538
40.1074
39.8809
39.5953
39.2655
38.9026
38.5171
38.1174
37.7099
37.2999
36.8914
36.488
36.0922
35.706
35.3315
34.9702
34.6235
34.2928
33.9791
33.6834
33.4065
33.1491
32.9118
32.6951
32.4991
32.3242
32.1703
32.0374
31.9253
31.8339
31.7629
31.7121
31.6814
31.6708
31.6804
31.7102
31.7609
31.8326
31.9261
32.0421
32.1812
32.3443
32.5318
32.7445
32.9828
33.2469
33.5367
33.8521
34.1925
34.5569
34.9444
35.3533
35.7821
36.2288
36.6916
37.1681
37.6564
38.1539
38.6587
39.1685
39.6813
40.1948
40.7074
41.2169
41.7219
42.2207
42.7123
43.195
43.6684
44.131
44.5825
45.0217
45.4487
45.8622
46.2625
46.6484
47.0203
47.3769
47.7186
48.0443
48.3539
48.6464
48.9216
49.1781
49.4156
49.6322
49.8274
49.9989
50.1455
50.2642
50.353
50.4077
50.4247
50.3979
50.3215
50.1878
49.9889
49.7158
49.3588
48.9072
48.3497
47.6775
46.8828
45.9632
44.917
43.747
42.4558
41.0537
39.5579
38.006
36.4476
34.9415
33.5429
32.3043
31.2677
30.4663
29.9184
29.6346
29.6185
29.8643
30.3531
31.055
31.9336
32.9533
34.0804
35.284
36.5446
37.8445
39.1668
40.4927
41.7958
43.0518
44.2434
45.3557
46.3767
47.2961
48.1097
48.817
49.4225
49.9328
50.3564
50.6981
50.9586
51.1391
51.2452
51.2949
51.3165
51.3338
51.3639
51.4141
51.4852
51.5692
51.6511
51.7046
51.6913
51.5618
51.2583
50.7237
49.9013
48.7429
47.2239
45.3606
43.2283
40.9484
38.6633
36.5089
34.585
32.9648
31.6811
30.7388
30.1281
29.8241
29.8077
30.0814
39.1483
39.3956
39.6863
39.9134
40.0526
40.1139
40.0931
39.9868
39.8054
39.5642
39.2741
38.9461
38.5907
38.2165
37.8305
37.4383
37.0452
36.6547
36.2698
35.8932
35.527
35.1731
34.833
34.5081
34.1995
33.9083
33.6354
33.3815
33.1471
32.9328
32.739
32.5657
32.4132
32.2814
32.1701
32.0792
32.0085
31.958
31.9273
31.9166
31.9257
31.9551
32.0048
32.0754
32.1673
32.2811
32.4175
32.5773
32.7609
32.969
33.2019
33.4598
33.7429
34.0509
34.3831
34.739
35.1174
35.5168
35.9359
36.3727
36.8254
37.292
37.7703
38.258
38.7533
39.2538
39.7577
40.2627
40.7671
41.269
41.7668
42.2588
42.7439
43.2208
43.6885
44.146
44.5926
45.0275
45.4501
45.8598
46.2564
46.639
47.0075
47.3612
47.6999
48.0229
48.3298
48.6196
48.8921
49.146
49.3806
49.5944
49.7863
49.9543
50.0969
50.211
50.2944
50.343
50.3526
50.3177
50.2322
50.0887
49.8799
49.5974
49.2323
48.7757
48.2181
47.5518
46.7701
45.8708
44.8532
43.7222
42.4845
41.1539
39.7482
38.2996
36.8493
35.4469
34.1402
32.9769
31.9959
31.2277
30.6915
30.4002
30.3594
30.5655
31.0014
31.6403
32.4504
33.3996
34.4571
35.5955
36.7966
38.0425
39.3207
40.6089
41.8809
43.1096
44.2759
45.3628
46.3587
47.2536
48.0437
48.7288
49.3128
49.8027
50.2062
50.5281
50.7678
50.9255
51.0067
51.0333
51.0362
51.0427
51.0718
51.1337
51.2301
51.3558
51.4939
51.6157
51.6745
51.6129
51.3633
50.8625
50.0449
48.8567
47.2647
45.2855
43.0046
40.5633
38.1267
35.844
33.8227
32.1354
30.8093
29.8456
29.2287
28.9271
28.9198
29.2035
39.1735
39.354
39.5543
39.7222
39.8334
39.884
39.8695
39.7863
39.6396
39.4378
39.1883
38.9003
38.5822
38.2415
37.8851
37.5197
37.1499
36.7798
36.413
36.0523
35.7001
35.3585
35.0294
34.7141
34.4141
34.1304
33.8641
33.6158
33.3864
33.1763
32.9859
32.8155
32.6653
32.5352
32.4253
32.3355
32.2656
32.2156
32.1852
32.1746
32.1838
32.2128
32.262
32.3318
32.4224
32.5346
32.6688
32.8256
33.0057
33.2094
33.4371
33.6892
33.9654
34.2657
34.5896
34.9364
35.305
35.6942
36.1025
36.5284
36.9699
37.4252
37.8921
38.3687
38.8529
39.3429
39.8363
40.3315
40.8264
41.3193
41.8085
42.2926
42.7701
43.2401
43.7012
44.1527
44.5936
45.0233
45.4409
45.8462
46.2383
46.617
46.9814
47.3317
47.6666
47.9863
48.2896
48.5763
48.8451
49.0957
49.3263
49.5365
49.724
49.8877
50.0249
50.1339
50.2108
50.2527
50.2545
50.2115
50.1172
49.965
49.7474
49.457
49.086
48.6262
48.0706
47.4119
46.6463
45.7706
44.7871
43.6997
42.5191
41.2582
39.9384
38.5863
37.2387
35.9358
34.721
33.6345
32.7133
31.9844
31.4678
31.177
31.1196
31.2922
31.6798
32.2591
33.0032
33.8831
34.8709
35.9452
37.0872
38.2834
39.5184
40.7707
42.0101
43.2087
44.3438
45.4005
46.3661
47.2331
47.9975
48.6594
49.2208
49.688
50.0681
50.3667
50.5818
50.7131
50.7663
50.7667
50.7477
50.741
50.7685
50.8425
50.9666
51.1369
51.3374
51.5343
51.6753
51.6912
51.5071
51.0496
50.2488
49.0405
47.3807
45.281
42.8424
40.231
37.6412
35.2334
33.1239
31.3781
30.0186
29.0406
28.423
28.1268
28.1304
28.4222
39.1543
39.2824
39.4169
39.5319
39.6094
39.6413
39.6226
39.5501
39.4254
39.2529
39.038
38.7873
38.5068
38.2026
37.8809
37.5472
37.2061
36.862
36.5186
36.179
35.8457
35.521
35.207
34.9052
34.6172
34.3442
34.0872
33.8471
33.6248
33.4209
33.2357
33.0698
32.9233
32.7963
32.6888
32.6009
32.5326
32.4837
32.4543
32.4443
32.4538
32.4831
32.5321
32.6012
32.6909
32.8015
32.9336
33.0876
33.264
33.4633
33.6858
33.9315
34.2007
34.493
34.808
35.145
35.5031
35.8812
36.278
36.6919
37.1211
37.564
38.0184
38.4827
38.9548
39.4328
39.9147
40.3988
40.883
41.3658
41.8454
42.3205
42.7895
43.2515
43.7052
44.1498
44.5842
45.0078
45.4198
45.8197
46.2069
46.5808
46.9408
47.2867
47.6177
47.9332
48.2325
48.5152
48.7802
49.0265
49.253
49.4586
49.6415
49.8001
49.9319
50.0347
50.1052
50.14
50.1343
50.0834
49.9811
49.8213
49.5969
49.3008
48.9263
48.4665
47.9153
47.2673
46.5197
45.6711
44.724
43.6838
42.5614
41.3708
40.1329
38.8726
37.6219
36.4145
35.2888
34.2797
33.4199
32.7349
32.2436
31.96
31.8923
32.0377
32.3829
32.9086
33.5912
34.406
35.3275
36.3386
37.4234
38.5714
39.7656
40.9824
42.1886
43.354
44.4548
45.4764
46.4069
47.241
47.9763
48.6117
49.1478
49.5887
49.942
50.2131
50.3994
50.4999
50.5223
50.4941
50.4521
50.4316
50.4584
50.5459
50.7004
50.9189
51.1873
51.4668
51.6983
51.8014
51.6927
51.2887
50.5169
49.3004
47.5719
45.3379
42.7219
39.93
37.1859
34.6623
32.4768
30.6858
29.3043
28.3211
27.7088
27.4225
27.4401
27.7403
39.1103
39.2027
39.2947
39.3714
39.4207
39.4346
39.4083
39.3386
39.226
39.0723
38.8813
38.6573
38.4054
38.1303
37.8375
37.5314
37.2162
36.8964
36.5752
36.2562
35.9417
35.6344
35.3362
35.0489
34.774
34.5129
34.2666
34.0363
33.8225
33.6263
33.4478
33.2877
33.1462
33.0236
32.9198
32.835
32.7692
32.7225
32.6948
32.6863
32.6968
32.7266
32.776
32.8451
32.9341
33.0437
33.1741
33.3259
33.4994
33.695
33.9129
34.1536
34.4165
34.7018
35.009
35.3375
35.6865
36.0548
36.4413
36.8444
37.2627
37.6942
38.1375
38.5903
39.0513
39.5182
39.9896
40.4632
40.9375
41.4105
41.8811
42.3474
42.8085
43.2626
43.7092
44.1469
44.5751
44.9926
45.3992
45.7938
46.1762
46.5452
46.901
47.2424
47.5694
47.8806
48.1762
48.4547
48.7158
48.9576
49.18
49.3808
49.559
49.712
49.8382
49.9345
49.9983
50.0255
50.0122
49.9531
49.843
49.6756
49.4446
49.1436
48.7663
48.3073
47.761
47.1244
46.3944
45.5724
44.6603
43.6661
42.5989
41.4752
40.3126
39.137
37.9744
36.8561
35.8133
34.8787
34.0798
33.4415
32.9808
32.7117
32.6412
32.7673
33.0796
33.5612
34.1917
34.9486
35.8112
36.7638
37.7974
38.9001
40.0561
41.2368
42.409
43.5392
44.6056
45.5906
46.4843
47.2822
47.9843
48.5884
49.0949
49.5059
49.8282
50.0665
50.2185
50.2831
50.2705
50.2113
50.1455
50.1116
50.1379
50.2415
50.4291
50.7016
51.0437
51.4144
51.7449
51.9463
51.9216
51.5814
50.8506
49.6339
47.8213
45.4219
42.5993
39.6148
36.7187
34.0938
31.8484
30.0277
28.6373
27.6587
27.057
26.7852
26.8186
27.1279
39.0525
39.1173
39.1781
39.2259
39.2519
39.2494
39.2139
39.1429
39.0358
38.8937
38.7191
38.5154
38.286
38.0354
37.7676
37.4863
37.1959
36.8996
36.601
36.3028
36.0079
35.7184
35.4369
35.1647
34.9038
34.6553
34.4207
34.2006
33.9965
33.8085
33.6375
33.484
33.3483
33.2306
33.1311
33.0499
32.9872
32.943
32.9175
32.9105
32.9223
32.9531
33.0029
33.072
33.1607
33.2693
33.3983
33.5481
33.719
33.9113
34.1254
34.361
34.6186
34.8976
35.198
35.5188
35.8595
36.2189
36.5961
36.9894
37.3976
37.8188
38.2516
38.694
39.1444
39.601
40.0621
40.5259
40.9905
41.4544
41.916
42.374
42.8269
43.2736
43.713
44.1441
44.5659
44.9776
45.3786
45.7681
46.1454
46.5099
46.8611
47.1984
47.521
47.8282
48.1196
48.3941
48.6508
48.8885
49.1062
49.3023
49.4753
49.6228
49.7428
49.8325
49.8891
49.9087
49.8872
49.82
49.7018
49.527
49.2897
48.984
48.6047
48.1469
47.6066
46.9814
46.2697
45.4734
44.5964
43.6459
42.6328
41.5719
40.4811
39.3841
38.3043
37.2687
36.3052
35.4418
34.7037
34.1138
33.6883
33.4399
33.3739
33.4886
33.7758
34.2217
34.809
35.5173
36.3291
37.2313
38.2181
39.2786
40.3955
41.5378
42.6711
43.7633
44.794
45.7457
46.6062
47.3691
48.0342
48.6018
49.0734
49.4502
49.7366
49.9366
50.0491
50.0723
50.0205
49.9272
49.8364
49.7885
49.8144
49.9345
50.1572
50.4869
50.9083
51.376
51.8124
52.1187
52.1835
51.9118
51.2334
50.0097
48.0766
45.4667
42.4148
39.2397
36.2126
33.514
31.2349
29.4066
28.0242
27.0613
26.4789
26.2278
26.28
26.5991
38.9769
39.0163
39.0498
39.0718
39.0763
39.0579
39.013
38.9391
38.8356
38.703
38.5428
38.3573
38.1493
37.9221
37.6788
37.4231
37.1578
36.8866
36.612
36.3371
36.064
35.7952
35.5326
35.2781
35.0333
34.7998
34.5786
34.3711
34.178
34
33.8381
33.6924
33.5637
33.452
33.3579
33.2812
33.2225
33.1816
33.1587
33.1539
33.1675
33.1994
33.2499
33.3191
33.4074
33.5152
33.6426
33.7901
33.958
34.1467
34.356
34.5867
34.8378
35.1101
35.4024
35.7149
36.046
36.3958
36.762
37.1448
37.5411
37.9511
38.3718
38.8024
39.2408
39.6858
40.1352
40.5877
41.0412
41.4945
41.9459
42.3941
42.8377
43.2757
43.7067
44.13
44.5443
44.9491
45.3435
45.7268
46.0982
46.4571
46.803
47.1351
47.4526
47.7551
48.0416
48.3113
48.563
48.7959
49.0083
49.1994
49.3667
49.5086
49.6222
49.7055
49.755
49.7676
49.7388
49.6648
49.5403
49.3603
49.1193
48.8122
48.4346
47.9823
47.4527
46.8434
46.155
45.3889
44.551
43.6474
42.6905
41.6932
40.6746
39.6539
38.6545
37.6983
36.8113
36.0167
35.3387
34.7968
34.4078
34.1822
34.1242
34.2311
34.4965
34.9103
35.458
36.1243
36.8913
37.7503
38.694
39.7141
40.7888
41.8882
42.9755
44.0233
45.0138
45.9341
46.7674
47.5011
48.131
48.6611
49.0937
49.4306
49.6779
49.8372
49.9074
49.886
49.7922
49.6627
49.5449
49.4804
49.5049
49.6389
49.8958
50.281
50.7831
51.3488
51.8916
52.2991
52.4483
52.2388
51.6073
50.3384
48.2329
45.387
42.1223
38.7947
35.6836
32.9517
30.6693
28.8568
27.4968
26.5591
26.0044
25.7768
25.8486
26.1768
38.8829
38.8997
38.9097
38.9096
38.895
38.8623
38.8083
38.7314
38.6304
38.5059
38.3582
38.1895
38.0013
37.7964
37.5771
37.3464
37.1066
36.861
36.6114
36.3609
36.1112
35.8649
35.6234
35.3889
35.1624
34.946
34.7403
34.5472
34.3667
34.2007
34.0489
33.9128
33.7921
33.6879
33.5999
33.529
33.4748
33.4381
33.4185
33.4166
33.4322
33.4657
33.5172
33.5868
33.6749
33.7817
33.9077
34.0528
34.2178
34.4023
34.6072
34.8316
35.0765
35.3406
35.625
35.9273
36.2489
36.5868
36.9422
37.3117
37.6962
38.0923
38.5001
38.9169
39.342
39.7734
40.2098
40.6491
41.0901
41.531
41.9709
42.4076
42.8407
43.2682
43.6897
44.1036
44.5095
44.9058
45.2927
45.6684
46.033
46.385
46.7247
47.0503
47.3621
47.6583
47.9394
48.2028
48.4491
48.6754
48.8827
49.067
49.2282
49.3636
49.4705
49.5466
49.5892
49.5946
49.5593
49.4791
49.3497
49.1662
48.924
48.6185
48.246
47.8034
47.2886
46.7007
46.0398
45.3095
44.5144
43.6627
42.7644
41.8339
40.8878
39.9444
39.0239
38.1465
37.3341
36.6088
35.991
35.4987
35.1471
34.9462
34.8992
35.0031
35.2517
35.6371
36.1484
36.7755
37.5039
38.3251
39.2314
40.2117
41.243
42.2942
43.3315
44.3285
45.2721
46.1553
46.9626
47.6724
48.2747
48.7696
49.1585
49.4476
49.652
49.7713
49.7988
49.7329
49.5958
49.4303
49.2825
49.1974
49.2154
49.3564
49.6388
50.0711
50.6472
51.306
51.9451
52.4391
52.6539
52.4879
51.8606
50.4781
48.161
45.1079
41.6955
38.2854
35.1506
32.425
30.1655
28.3854
27.0542
26.1498
25.6272
25.4227
25.5133
25.8501
38.7709
38.768
38.7585
38.7397
38.7094
38.6642
38.6028
38.5228
38.4242
38.3063
38.1703
38.0165
37.847
37.6629
37.4669
37.2603
37.0461
36.8257
36.6021
36.3764
36.1515
35.9285
35.7099
35.4964
35.2906
35.0927
34.9049
34.7275
34.5622
34.4091
34.2697
34.144
34.0333
33.9373
33.8571
33.7925
33.7442
33.712
33.6966
33.6978
33.7161
33.7514
33.804
33.8743
33.9622
34.0683
34.1926
34.3354
34.4969
34.6775
34.8768
35.0955
35.3328
35.5892
35.8636
36.1564
36.4661
36.7927
37.1345
37.4913
37.8609
38.2433
38.6358
39.038
39.4478
39.8646
40.2858
40.711
41.1374
41.5651
41.991
42.4155
42.8357
43.2522
43.662
44.066
44.4612
44.8489
45.2259
45.5938
45.9494
46.2946
46.6259
46.9451
47.2489
47.5393
47.8123
48.0701
48.3082
48.5291
48.7281
48.9055
49.0599
49.188
49.2877
49.3563
49.3915
49.3899
49.3484
49.263
49.1297
48.9444
48.7029
48.4017
48.0375
47.6085
47.1127
46.5501
45.9212
45.2308
44.4835
43.6874
42.8512
41.9895
41.1171
40.2524
39.4113
38.6125
37.8745
37.2188
36.6628
36.2223
35.9097
35.7344
35.7004
35.8056
36.0441
36.4058
36.8847
37.474
38.1676
38.955
39.828
40.7689
41.7546
42.753
43.7364
44.6795
45.571
46.4083
47.1848
47.8741
48.4553
48.9172
49.2605
49.4988
49.654
49.7341
49.7216
49.6171
49.44
49.2415
49.0619
48.9545
48.9578
49.0945
49.3873
49.8502
50.4817
51.2158
51.9268
52.4758
52.7241
52.5629
51.8524
50.3005
47.8023
44.6401
41.1802
37.7698
34.6679
31.9782
29.7593
28.0158
26.7158
25.8466
25.3514
25.1671
25.2716
25.6136
38.6428
38.6236
38.5981
38.5648
38.5217
38.4671
38.3995
38.3178
38.2215
38.1104
37.9846
37.845
37.6925
37.5284
37.354
37.1711
36.9812
36.7863
36.5879
36.3878
36.1878
35.9893
35.794
35.6034
35.4187
35.2412
35.0722
34.9126
34.7634
34.6254
34.4995
34.3862
34.2864
34.2005
34.1289
34.072
34.0301
34.0036
33.9928
33.9977
34.0189
34.0563
34.1103
34.1812
34.2689
34.374
34.4964
34.6366
34.7943
34.9702
35.1639
35.3758
35.6052
35.8527
36.1171
36.3988
36.6963
37.01
37.3378
37.6799
38.0347
38.401
38.7779
39.1635
39.5575
39.9575
40.363
40.7716
41.183
41.5947
42.0065
42.416
42.8233
43.2258
43.6238
44.015
44.3997
44.7757
45.1434
45.5005
45.8478
46.183
46.5067
46.8166
47.1135
47.3948
47.6613
47.9101
48.1418
48.3538
48.5451
48.7155
48.8621
48.9829
49.0752
49.1364
49.1647
49.157
49.1104
49.021
48.8858
48.7006
48.4626
48.1683
47.8162
47.4044
46.9317
46.3984
45.8058
45.1599
44.4635
43.7259
42.9539
42.1634
41.3658
40.5791
39.8183
39.0978
38.4343
37.8479
37.3551
36.9689
36.6977
36.5498
36.5299
36.6394
36.8726
37.2201
37.6737
38.2301
38.8892
39.6457
40.4856
41.3866
42.3205
43.2591
44.1802
45.0669
45.9055
46.6978
47.4435
48.1127
48.6719
49.1014
49.4023
49.5953
49.6966
49.7311
49.6802
49.5439
49.335
49.1057
48.8966
48.7659
48.7475
48.8613
49.1439
49.6066
50.2531
51.0109
51.7445
52.3124
52.5592
52.3221
51.4428
49.7582
47.2079
44.0742
40.6694
37.3312
34.2988
31.6641
29.488
27.7711
26.4973
25.6527
25.1723
25.0019
25.1153
25.4579
38.5021
38.4701
38.4322
38.3881
38.3357
38.2746
38.203
38.1212
38.0277
37.9234
37.8075
37.6814
37.5447
37.3994
37.2454
37.085
36.9185
36.7482
36.5744
36.3997
36.2244
36.0508
35.8792
35.7121
35.5494
35.3934
35.2441
35.1036
34.9717
34.8502
34.739
34.6396
34.5519
34.4772
34.4151
34.3669
34.3323
34.3122
34.3065
34.3158
34.3402
34.3799
34.4355
34.5067
34.5943
34.6979
34.8183
34.9549
35.1087
35.2789
35.4665
35.6704
35.8916
36.1287
36.3828
36.6518
36.937
37.2359
37.5495
37.8757
38.2144
38.5641
38.9238
39.2923
39.6685
40.0511
40.4388
40.8303
41.2243
41.6196
42.0149
42.4089
42.8007
43.189
43.5727
43.9508
44.3224
44.6865
45.0423
45.3887
45.7251
46.0505
46.3641
46.665
46.9524
47.2253
47.4827
47.7233
47.9463
48.15
48.3337
48.496
48.6348
48.7488
48.833
48.8882
48.9099
48.8978
48.847
48.7563
48.6209
48.439
48.2072
47.9235
47.587
47.1949
46.7498
46.2494
45.6996
45.0993
44.4597
43.7805
43.0781
42.3572
41.6364
40.9281
40.2471
39.6048
39.016
38.4982
38.0691
37.7394
37.5138
37.3972
37.3955
37.5102
37.7406
38.0798
38.5177
39.0497
39.6752
40.3977
41.2002
42.0574
42.9336
43.8057
44.6589
45.4847
46.2727
47.0291
47.7486
48.3917
48.9251
49.3244
49.5892
49.7462
49.7987
49.7797
49.6873
49.5247
49.2937
49.0383
48.8017
48.6469
48.5991
48.6654
48.9019
49.3212
49.9355
50.6416
51.3244
51.8679
52.0559
51.6495
50.6497
48.9852
46.5463
43.5522
40.2771
37.0541
34.0994
31.5226
29.3759
27.6668
26.3983
25.5569
25.0779
24.9171
25.0353
25.3761
38.3543
38.3124
38.266
38.2142
38.1563
38.091
38.0184
37.9376
37.8486
37.7511
37.6455
37.5317
37.4106
37.2823
37.1481
37.0084
36.8646
36.7172
36.5679
36.4171
36.2666
36.1169
35.9697
35.8255
35.6858
35.5512
35.423
35.3018
35.1886
35.084
34.989
34.9039
34.8297
34.7666
34.7154
34.6763
34.65
34.6367
34.6369
34.6508
34.6788
34.7211
34.778
34.8498
34.9366
35.0387
35.1561
35.2892
35.4378
35.6022
35.7823
35.9782
36.1895
36.4163
36.6581
36.9147
37.1855
37.4701
37.7676
38.0775
38.399
38.731
39.0724
39.4224
39.7799
40.1437
40.5125
40.8853
41.2609
41.6381
42.0157
42.3926
42.7678
43.14
43.5084
43.8717
44.2292
44.5798
44.9226
45.2567
45.5814
45.8954
46.1982
46.4887
46.7661
47.0292
47.2772
47.5086
47.7227
47.9178
48.0933
48.2471
48.3791
48.4843
48.5629
48.6112
48.6291
48.6128
48.5609
48.4697
48.3375
48.1613
47.9396
47.6704
47.352
46.9852
46.5699
46.1087
45.6007
45.0535
44.47
43.8578
43.222
42.5755
41.9299
41.3019
40.7009
40.1373
39.6222
39.1738
38.8064
38.5335
38.3555
38.2773
38.3003
38.4269
38.6556
38.9855
39.4134
39.9285
40.5241
41.2006
41.9539
42.7622
43.5843
44.3942
45.1871
45.9594
46.7025
47.4179
48.0973
48.7024
49.2055
49.5777
49.8131
49.9376
49.9523
49.8887
49.752
49.5644
49.3176
49.0443
48.7702
48.5709
48.4641
48.4685
48.6277
48.9741
49.5291
50.0927
50.6292
51.0931
51.1437
50.6717
49.7574
48.2249
45.9902
43.1921
40.0817
36.9787
34.0927
31.5538
29.4162
27.6979
26.4094
25.5456
25.0547
24.8921
25.0084
25.34
38.2066
38.1582
38.1064
38.0503
37.9895
37.9232
37.8514
37.7735
37.6899
37.6
37.5044
37.4029
37.2963
37.1844
37.0684
36.9484
36.8256
36.7002
36.5736
36.4461
36.3191
36.1929
36.0689
35.9476
35.8302
35.7171
35.6096
35.508
35.4135
35.3262
35.2474
35.1773
35.1168
35.0662
35.0261
34.997
34.9794
34.9735
34.98
34.9989
35.0308
35.0758
35.1343
35.2065
35.2925
35.3928
35.5072
35.6361
35.7793
35.9372
36.1095
36.2965
36.4977
36.7133
36.9426
37.1857
37.4418
37.7109
37.9918
38.2845
38.5878
38.9011
39.2233
39.5539
39.8914
40.2353
40.5841
40.9372
41.2931
41.651
42.0097
42.3682
42.7254
43.0804
43.4319
43.7792
44.1213
44.457
44.7857
45.1062
45.4179
45.7195
46.0104
46.2894
46.5558
46.8082
47.0461
47.2677
47.4725
47.6586
47.8255
47.9715
48.0949
48.1937
48.2662
48.3105
48.3248
48.307
48.2549
48.1665
48.0392
47.8721
47.6633
47.4119
47.1169
46.7794
46.399
45.977
45.5163
45.0231
44.5013
43.9542
43.3904
42.8154
42.2496
41.6983
41.1807
40.693
40.2551
39.8728
39.5692
39.3495
39.2229
39.1849
39.2402
39.3897
39.6268
39.9533
40.3697
40.8681
41.4344
42.0561
42.7446
43.4965
44.2664
45.0252
45.7706
46.509
47.2243
47.8911
48.5035
49.047
49.5069
49.8508
50.0697
50.1703
50.1588
50.0646
49.8791
49.6502
49.3798
49.0804
48.751
48.4693
48.2668
48.2251
48.3081
48.5811
49.0514
49.393
49.7698
50.135
50.0699
49.6447
48.8975
47.5846
45.6026
43.0504
40.1269
37.1297
34.2971
31.7644
29.6073
27.8608
26.5325
25.6218
25.1002
24.9227
25.0275
25.3371
38.07
38.0177
37.9632
37.9055
37.8445
37.7792
37.7102
37.6367
37.5594
37.4777
37.3922
37.3026
37.2097
37.1131
37.0139
36.9121
36.8085
36.7034
36.5977
36.4916
36.3863
36.2819
36.1797
36.0798
35.9833
35.8906
35.8027
35.7199
35.6433
35.573
35.51
35.4547
35.4077
35.3695
35.3407
35.3216
35.3127
35.3144
35.3272
35.3513
35.3871
35.435
35.495
35.5677
35.653
35.7513
35.8626
35.9872
36.1249
36.2762
36.4406
36.6186
36.8094
37.0135
37.2301
37.4596
37.7008
37.9541
38.2182
38.4933
38.7781
39.0725
39.375
39.6857
40.0029
40.3264
40.6547
40.9873
41.3228
41.6608
41.9997
42.3389
42.6772
43.0138
43.3475
43.6776
44.0029
44.3227
44.636
44.9417
45.2391
45.527
45.8049
46.0714
46.3258
46.5667
46.7938
47.005
47.2002
47.3769
47.5354
47.673
47.7896
47.8819
47.9504
47.9912
48.0046
47.9863
47.937
47.8533
47.7349
47.579
47.3858
47.1551
46.8861
46.5815
46.2379
45.8613
45.4505
45.0166
44.5528
44.0747
43.5748
43.0812
42.586
42.1202
41.6739
41.2706
40.904
40.5966
40.3532
40.1931
40.1157
40.1229
40.2134
40.3918
40.6546
40.9905
41.4014
41.8843
42.4221
42.99
43.6008
44.2712
44.9784
45.6927
46.3955
47.0958
47.7774
48.4139
48.9807
49.4621
49.8636
50.1647
50.3777
50.4786
50.4574
50.3018
50.0351
49.7488
49.3988
49.0469
48.655
48.2725
47.9596
47.9004
47.9664
48.2105
48.597
48.7239
49.013
49.225
49.145
48.802
48.1921
47.1202
45.4241
43.1449
40.4459
37.5768
34.7803
32.215
29.9826
28.1478
26.7295
25.7422
25.1749
24.972
25.0403
25.291
37.9678
37.9136
37.8582
37.8004
37.7405
37.6774
37.6118
37.5429
37.4717
37.3974
37.3208
37.2413
37.16
37.0761
36.991
36.904
36.8164
36.7277
36.6393
36.5508
36.4635
36.3771
36.293
36.2109
36.1322
36.0567
35.9857
35.9191
35.858
35.8024
35.7534
35.711
35.6762
35.649
35.6302
35.6201
35.6192
35.6278
35.6464
35.6753
35.7146
35.7651
35.8265
35.8996
35.984
36.0807
36.1889
36.3097
36.4421
36.5874
36.7442
36.914
37.095
37.289
37.4935
37.7108
37.9379
38.1773
38.4254
38.6851
38.9522
39.23
39.5137
39.8069
40.1043
40.4099
40.7179
41.0326
41.3477
41.668
41.9868
42.3089
42.6276
42.9479
43.2626
43.5774
43.8847
44.1902
44.4863
44.7789
45.0602
45.3361
45.599
45.8546
46.0951
46.3263
46.5404
46.7431
46.9267
47.0967
47.2451
47.3779
47.4869
47.5764
47.6384
47.6788
47.6907
47.676
47.6289
47.5525
47.4448
47.3043
47.1309
46.9193
46.6774
46.4018
46.0987
45.7617
45.4092
45.0274
44.6301
44.2057
43.7808
43.3463
42.9337
42.5349
42.1723
41.84
41.5529
41.3137
41.1375
41.0341
41.0126
41.0701
41.202
41.411
41.6973
42.0552
42.4649
42.939
43.4481
43.9798
44.5214
45.0973
45.7332
46.3936
47.0377
47.6522
48.2647
48.8975
49.4817
49.9668
50.3504
50.6244
50.8093
50.8948
50.8714
50.6242
50.2142
49.8502
49.4069
48.9488
48.516
48.0473
47.6586
47.5581
47.6623
47.9624
48.2263
48.4455
48.6414
48.7324
48.5994
48.28
47.7677
46.9586
45.5752
43.5858
41.1324
38.4285
35.6788
33.0556
30.6907
28.6779
27.0816
25.9499
25.2971
25.0461
25.0729
25.2528
37.9082
37.8533
37.7971
37.7401
37.681
37.6202
37.557
37.4923
37.4253
37.3569
37.2864
37.2148
37.1413
37.067
36.9913
36.9154
36.8386
36.7621
36.6855
36.61
36.5351
36.4622
36.3908
36.3221
36.256
36.1935
36.1346
36.0803
36.0304
35.9862
35.9474
35.915
35.8892
35.8706
35.8595
35.8564
35.8616
35.8755
35.8987
35.9311
35.9735
36.0257
36.0886
36.1616
36.2459
36.3406
36.447
36.564
36.693
36.8326
36.9844
37.1466
37.3211
37.5055
37.7022
37.9081
38.1259
38.3522
38.5899
38.8349
39.0906
39.3524
39.624
39.9001
40.185
40.4728
40.7681
41.0646
41.3672
41.6691
41.9756
42.2795
42.5863
42.8886
43.1921
43.4894
43.7862
44.0748
44.3613
44.6379
44.9104
45.1714
45.4262
45.6677
45.9012
46.1194
46.3274
46.5179
46.6964
46.8554
46.9999
47.1225
47.2305
47.3146
47.3771
47.414
47.4282
47.4141
47.3726
47.3011
47.2015
47.0769
46.9221
46.7339
46.5107
46.2674
45.9937
45.6951
45.377
45.0496
44.7034
44.3407
43.9641
43.5919
43.2325
42.9013
42.6005
42.3385
42.1183
41.946
41.8289
41.779
41.8061
41.9113
42.0869
42.3278
42.6446
43.0192
43.4376
43.8931
44.3494
44.871
45.4221
45.9375
46.451
47.0032
47.5862
48.1222
48.65
49.2602
49.8854
50.4795
50.9259
51.2116
51.3521
51.3858
51.2981
50.9642
50.2879
49.8033
49.425
48.9165
48.3954
47.8853
47.5524
47.3788
47.4711
47.7847
48.0411
48.3539
48.6058
48.698
48.5146
48.1761
47.7195
47.09
46.0181
44.3399
42.1455
39.6314
36.9761
34.3454
31.8696
29.6694
27.8574
26.5252
25.7275
25.3696
25.2887
25.3429
37.8797
37.8235
37.7672
37.7101
37.6521
37.5923
37.5314
37.4688
37.4054
37.3404
37.2747
37.2077
37.1402
37.0717
37.0031
36.934
36.8652
36.7963
36.7285
36.6611
36.5954
36.531
36.4689
36.4088
36.3519
36.2979
36.2478
36.2016
36.16
36.1232
36.092
36.0664
36.0471
36.0343
36.0287
36.0305
36.04
36.0578
36.084
36.1192
36.1634
36.2172
36.2805
36.354
36.4373
36.5313
36.6353
36.7505
36.8757
37.0123
37.159
37.3171
37.4849
37.6642
37.8528
38.0526
38.2611
38.4803
38.7074
38.9446
39.1886
39.442
39.701
39.9683
40.2398
40.5185
40.8
41.0873
41.3759
41.6688
41.9613
42.2565
42.5493
42.843
43.1328
43.4218
43.7052
43.9862
44.2598
44.5291
44.7898
45.0443
45.2882
45.5238
45.7465
45.9598
46.1583
46.3452
46.5149
46.6708
46.8075
46.9276
47.0281
47.1114
47.1736
47.2116
47.2249
47.2132
47.1768
47.1143
47.0214
46.9043
46.765
46.5961
46.3923
46.1658
45.9278
45.6602
45.3673
45.0687
44.7658
44.4502
44.122
43.7947
43.4816
43.1937
42.9405
42.7286
42.5658
42.4555
42.3968
42.3906
42.4508
42.5922
42.8114
43.0952
43.4464
43.8371
44.2733
44.7202
45.1224
45.5696
46.1259
46.6277
47.0045
47.4348
47.9547
48.4663
48.9955
49.6103
50.2638
50.867
51.2762
51.5473
51.6817
51.7268
51.5568
51.0771
50.2778
49.6257
49.4102
48.9898
48.4165
47.8644
47.5233
47.4131
47.5604
47.7878
48.0674
48.4736
48.7735
48.8324
48.6175
48.2248
47.7826
47.2031
46.3534
44.9746
43.0532
40.7264
38.1735
35.5523
32.9973
30.6489
28.6562
27.1517
26.2165
25.7578
25.5624
25.4784
37.8678
37.811
37.7541
37.6973
37.6395
37.5808
37.521
37.4604
37.3989
37.3367
37.2738
37.2104
37.1465
37.0825
37.0183
36.9543
36.8905
36.8274
36.765
36.7037
36.6439
36.5858
36.5297
36.476
36.4251
36.3773
36.3331
36.2928
36.2567
36.2254
36.1992
36.1784
36.1636
36.1551
36.1532
36.1584
36.171
36.1914
36.2199
36.2567
36.3023
36.3569
36.4208
36.4941
36.5771
36.67
36.7728
36.8858
37.009
37.1424
37.2861
37.4401
37.6041
37.7783
37.9622
38.1561
38.3591
38.5716
38.7924
39.0221
39.2592
39.5043
39.7559
40.0146
40.2783
40.5481
40.8215
41.0998
41.3801
41.6639
41.9486
42.2344
42.5195
42.804
43.0862
43.3662
43.6421
43.9144
44.1809
44.442
44.6958
44.9424
45.1807
45.4092
45.6273
45.8335
46.0278
46.2075
46.3736
46.5243
46.6603
46.7792
46.8772
46.9553
47.0137
47.0529
47.069
47.0611
47.0295
46.9736
46.8895
46.7788
46.6507
46.4972
46.3083
46.0973
45.8782
45.6374
45.3709
45.0971
44.8214
44.5369
44.2483
43.9607
43.6838
43.4301
43.208
43.0333
42.9195
42.8641
42.8571
42.8942
42.9879
43.1573
43.4095
43.7412
44.133
44.5198
44.9712
45.4354
45.8301
46.1506
46.609
47.0657
47.3968
47.7334
48.1764
48.7089
49.2986
49.9357
50.5604
51.0832
51.3959
51.6193
51.7488
51.793
51.6113
51.1042
50.3782
49.7443
49.4252
49.0341
48.4464
47.8541
47.4916
47.4596
47.6557
47.899
48.2487
48.7212
49.033
49.0824
48.8737
48.4401
47.9495
47.3554
46.6088
45.4887
43.8514
41.745
39.3227
36.7297
34.1056
31.6131
29.4413
27.7704
26.7015
26.1556
25.8664
25.6592
37.8645
37.8073
37.7501
37.6934
37.6358
37.5779
37.5188
37.4595
37.3993
37.3391
37.278
37.2172
37.1558
37.0948
37.0336
36.9732
36.9128
36.8536
36.795
36.7381
36.6822
36.6285
36.5766
36.5274
36.4806
36.4372
36.3969
36.3608
36.3285
36.3011
36.2783
36.261
36.2492
36.2436
36.2443
36.2519
36.2665
36.2887
36.3187
36.3566
36.4032
36.4582
36.5225
36.5955
36.6783
36.7701
36.8722
36.9833
37.1051
37.2359
37.3776
37.5282
37.6896
37.8597
38.0406
38.2294
38.429
38.6359
38.8527
39.0761
39.3088
39.5471
39.794
40.0452
40.3042
40.5663
40.835
41.1054
41.381
41.6574
41.9365
42.215
42.4941
42.7715
43.0482
43.3213
43.5916
43.8571
44.1186
44.3735
44.6221
44.8629
45.0958
45.3197
45.534
45.7366
45.9269
46.1034
46.2643
46.4105
46.5426
46.6619
46.7624
46.8402
46.8974
46.9326
46.9476
46.9429
46.9165
46.8656
46.7896
46.6897
46.5674
46.4211
46.25
46.0521
45.8444
45.6205
45.3775
45.1282
44.8746
44.6068
44.3438
44.0907
43.8485
43.6264
43.4367
43.2856
43.1954
43.1748
43.2146
43.3015
43.4359
43.625
43.8884
44.2464
44.6945
45.1089
45.5558
46.0181
46.4079
46.6798
46.9757
47.3138
47.6318
47.9762
48.4053
48.9176
49.4705
50.0473
50.6266
51.0867
51.3732
51.5678
51.7057
51.7652
51.7019
51.2953
50.6068
49.998
49.6172
49.1454
48.5262
47.911
47.5788
47.586
47.8087
48.1156
48.5341
49.023
49.3731
49.425
49.1851
48.7114
48.1608
47.5299
46.7884
45.8327
44.4646
42.61
40.3507
37.8231
35.1493
32.5284
30.1748
28.3499
27.1485
26.54
26.1823
25.8838
37.8648
37.807
37.7502
37.6934
37.6366
37.5787
37.5207
37.4618
37.403
37.3436
37.2844
37.2248
37.1657
37.1063
37.0477
36.9892
36.9318
36.8748
36.8194
36.7648
36.7123
36.6611
36.6125
36.566
36.5225
36.4817
36.4446
36.4109
36.3816
36.3565
36.3363
36.3211
36.3116
36.3078
36.3104
36.3195
36.3355
36.3589
36.3897
36.4286
36.4755
36.5311
36.5951
36.6684
36.7504
36.842
36.9427
37.0533
37.173
37.3029
37.4419
37.5912
37.7493
37.9178
38.0947
38.2816
38.4769
38.6814
38.8936
39.1141
39.3417
39.5769
39.8183
40.0664
40.3195
40.5783
40.841
41.108
41.3777
41.6505
41.9248
42.1991
42.4726
42.7452
43.0165
43.2855
43.551
43.8118
44.0684
44.3199
44.5641
44.8012
45.0298
45.2489
45.4599
45.66
45.849
46.0254
46.1821
46.3206
46.4495
46.5699
46.675
46.7561
46.8103
46.8421
46.8551
46.8518
46.8304
46.7866
46.7182
46.6239
46.5041
46.3652
46.2085
46.0278
45.8246
45.6129
45.3853
45.1493
44.9146
44.6696
44.423
44.1953
43.9817
43.7901
43.6233
43.487
43.4121
43.4175
43.5023
43.6356
43.8105
44.0144
44.2927
44.6534
45.1377
45.6244
46.0546
46.4617
46.8063
47.0589
47.2863
47.5527
47.8475
48.1748
48.552
48.9858
49.4753
49.9914
50.5586
51.0248
51.3289
51.5673
51.6933
51.7675
51.7122
51.4089
50.8986
50.3321
49.8774
49.3306
48.6687
48.0354
47.7222
47.7525
48.0145
48.3749
48.847
49.3684
49.7411
49.7777
49.5074
49.0132
48.4123
47.7119
46.9543
46.0538
44.8978
43.306
41.2483
38.8262
36.1302
33.391
30.8559
28.8774
27.5497
26.8934
26.4994
26.1449
37.8649
37.8078
37.7511
37.6951
37.6383
37.5813
37.5235
37.4655
37.4071
37.3488
37.2904
37.2323
37.1741
37.1166
37.0592
37.0027
36.9467
36.892
36.8381
36.7858
36.7349
36.6861
36.6393
36.595
36.5533
36.5147
36.4794
36.4478
36.4201
36.3969
36.3782
36.3646
36.3564
36.354
36.3576
36.3678
36.3847
36.4087
36.4402
36.4794
36.5268
36.5823
36.6466
36.7194
36.8014
36.8923
36.9925
37.102
37.221
37.3493
37.4872
37.6344
37.7913
37.9572
38.1325
38.3168
38.51
38.7117
38.9214
39.1388
39.3636
39.5956
39.8342
40.0789
40.329
40.5843
40.844
41.1073
41.3735
41.6423
41.9134
42.1848
42.4554
42.7245
42.9911
43.2558
43.5185
43.776
44.0288
44.2776
44.5192
44.7525
44.9777
45.1936
45.4023
45.6029
45.7898
45.9642
46.1183
46.2532
46.3794
46.4995
46.6063
46.6899
46.7458
46.7758
46.7879
46.7849
46.7657
46.7259
46.664
46.5773
46.4617
46.3256
46.1769
46.0077
45.8132
45.6104
45.3978
45.1707
44.946
44.7269
44.5017
44.2826
44.0727
43.8968
43.7494
43.641
43.6061
43.6349
43.7417
43.8896
44.0953
44.3394
44.6424
45.0014
45.4694
46.008
46.4617
46.8319
47.1365
47.3734
47.5807
47.7936
48.0189
48.2795
48.578
48.9491
49.4344
49.9468
50.46
50.9312
51.2524
51.5213
51.6788
51.7659
51.7526
51.497
51.0894
50.5756
50.0918
49.5038
48.8148
48.1613
47.8584
47.92
48.228
48.6232
49.158
49.7084
50.0826
50.1124
49.8146
49.2937
48.6568
47.9189
47.1174
46.2274
45.1638
43.8154
41.9703
39.7134
37.018
34.1958
31.4656
29.3571
27.8957
27.2156
26.8119
26.4413
37.8637
37.8074
37.7518
37.6963
37.6403
37.5836
37.5263
37.4685
37.4106
37.3528
37.2952
37.2379
37.1809
37.1244
37.0684
37.013
36.9584
36.9049
36.8524
36.8015
36.752
36.7046
36.6592
36.6162
36.5759
36.5386
36.5046
36.4743
36.4478
36.4256
36.408
36.3954
36.388
36.3863
36.3907
36.4015
36.4189
36.4434
36.4752
36.5147
36.5621
36.6177
36.6818
36.7546
36.8362
36.9267
37.0264
37.1352
37.2534
37.3809
37.5177
37.6638
37.8191
37.9837
38.1574
38.3402
38.5317
38.7315
38.9391
39.1544
39.377
39.6067
39.843
40.0856
40.3336
40.5866
40.844
41.1051
41.3689
41.6349
41.9026
42.1713
42.4404
42.708
42.9715
43.2321
43.4916
43.7477
43.9981
44.2445
44.4849
44.7144
44.9357
45.1503
45.359
45.5581
45.7435
45.9164
46.0714
46.2067
46.3282
46.4439
46.5504
46.638
46.697
46.7296
46.7427
46.7395
46.7193
46.6801
46.6213
46.5406
46.434
46.3031
46.154
45.9931
45.8086
45.6096
45.4071
45.1961
44.9769
44.7635
44.5576
44.3549
44.1442
43.9744
43.8394
43.7541
43.7544
43.813
43.9257
44.0779
44.3004
44.5826
44.9084
45.2885
45.7455
46.29
46.771
47.1643
47.4773
47.6758
47.8313
47.9766
48.1392
48.3472
48.5973
48.9121
49.3568
49.8743
50.3857
50.8308
51.1729
51.4715
51.6562
51.7316
51.7614
51.5441
51.2025
50.7389
50.2339
49.6273
48.9247
48.252
47.9622
48.049
48.4041
48.8541
49.431
50.0127
50.3864
50.4052
50.0805
49.5493
48.8761
48.1183
47.299
46.4134
45.3645
44.1657
42.5131
40.4622
37.8108
34.9386
32.013
29.7899
28.1946
27.5046
27.1163
26.7787
37.8599
37.8048
37.7508
37.6966
37.6415
37.5855
37.5285
37.4709
37.413
37.3555
37.2983
37.2416
37.1853
37.1297
37.0746
37.0203
36.9667
36.9142
36.8628
36.8128
36.7645
36.718
36.6737
36.6316
36.5923
36.5558
36.5227
36.4931
36.4675
36.4459
36.429
36.4169
36.41
36.4088
36.4135
36.4246
36.4423
36.467
36.4989
36.5385
36.586
36.6416
36.7056
36.7782
36.8595
36.9497
37.0489
37.1573
37.2748
37.4016
37.5377
37.6829
37.8372
38.0006
38.1732
38.3547
38.5451
38.7435
38.9498
39.1637
39.3846
39.6124
39.8468
40.0877
40.3345
40.5862
40.8417
41.101
41.3633
41.6281
41.8934
42.1595
42.427
42.6941
42.9566
43.2146
43.4707
43.725
43.9738
44.2184
44.4588
44.6878
44.9059
45.1179
45.3244
45.5213
45.7072
45.8814
46.0385
46.1747
46.2925
46.403
46.5076
46.5969
46.6606
46.6975
46.7126
46.7102
46.6873
46.6466
46.5903
46.513
46.4125
46.29
46.1427
45.9803
45.808
45.6168
45.4169
45.2142
44.9947
44.7868
44.5988
44.4212
44.2218
44.0481
43.9077
43.8246
43.8457
43.9268
44.0553
44.232
44.4643
44.7584
45.0964
45.4803
45.9433
46.5248
47.0477
47.4676
47.7824
47.9407
48.0233
48.1137
48.23
48.4033
48.6177
48.9024
49.3156
49.793
50.3004
50.7405
51.1059
51.4223
51.6336
51.7107
51.7426
51.5598
51.2465
50.827
50.3108
49.6884
48.9818
48.3123
48.0166
48.1369
48.5186
49.0411
49.6536
50.2591
50.6222
50.6566
50.2764
49.766
49.0514
48.3063
47.4467
46.6161
45.5419
44.4452
42.8756
41.046
38.4745
35.6024
32.4866
30.1734
28.4477
27.7611
27.408
27.1505
37.856
37.8002
37.7461
37.6925
37.6384
37.5832
37.5267
37.4694
37.4124
37.3557
37.2995
37.2435
37.1879
37.1326
37.0781
37.0242
36.9712
36.9193
36.8685
36.8192
36.7715
36.7258
36.6821
36.6408
36.602
36.5662
36.5336
36.5045
36.4793
36.4582
36.4416
36.4298
36.4232
36.4222
36.427
36.4382
36.4559
36.4805
36.5123
36.5518
36.5992
36.6547
36.7187
36.7911
36.8724
36.9624
37.0613
37.1694
37.2865
37.4128
37.5483
37.6929
37.8465
38.0091
38.1807
38.3614
38.5507
38.7483
38.9534
39.167
39.3867
39.6141
39.8466
40.0865
40.3319
40.5842
40.8384
41.0969
41.3571
41.6216
41.8857
42.1499
42.4158
42.6814
42.9433
43.2002
43.4544
43.7067
43.9551
44.1987
44.4368
44.6671
44.8848
45.0943
45.2978
45.4944
45.6793
45.8538
46.0119
46.1489
46.2661
46.3755
46.4775
46.5664
46.6313
46.6727
46.691
46.6906
46.6664
46.6238
46.5708
46.4961
46.3963
46.2788
46.1385
45.9795
45.8045
45.6187
45.422
45.233
45.0155
44.8146
44.6254
44.4562
44.2669
44.1112
43.9658
43.8814
43.8998
43.9912
44.1458
44.343
44.5728
44.8644
45.2226
45.6283
46.1163
46.7143
47.2633
47.693
48.0073
48.1403
48.1762
48.2184
48.3
48.4413
48.6357
48.8856
49.2905
49.7389
50.2417
50.6952
51.0698
51.4007
51.617
51.6995
51.7122
51.5422
51.2618
50.8536
50.3403
49.7087
49.001
48.34
48.0542
48.1831
48.5955
49.1648
49.815
50.44
50.7887
50.8418
50.4314
49.922
49.1697
48.4418
47.5689
46.7826
45.7035
44.6827
43.1338
41.4609
38.976
36.1772
32.8736
30.5136
28.6593
27.9893
27.6751
27.5485
37.8617
37.8107
37.7567
37.6995
37.6434
37.587
37.5271
37.4661
37.4071
37.3504
37.2957
37.2418
37.1883
37.1349
37.0819
37.0292
36.9774
36.9263
36.8763
36.8276
36.7807
36.7356
36.6925
36.6517
36.6134
36.5781
36.5458
36.5171
36.4921
36.4712
36.4547
36.443
36.4366
36.4356
36.4406
36.4519
36.4698
36.4943
36.5259
36.565
36.6118
36.6669
36.7303
36.8024
36.8832
36.9728
37.0715
37.1793
37.2961
37.4221
37.5572
37.7015
37.8548
38.017
38.1882
38.3682
38.5569
38.753
38.9578
39.1699
39.3898
39.6158
39.8487
40.0866
40.332
40.5831
40.8387
41.0958
41.3556
41.6187
41.8826
42.1458
42.41
42.6736
42.9342
43.1909
43.4445
43.6965
43.9443
44.1845
44.4193
44.6509
44.8712
45.0791
45.2812
45.4769
45.663
45.8359
45.9915
46.1279
46.2488
46.36
46.4609
46.5472
46.612
46.6554
46.6765
46.6792
46.6559
46.6119
46.5595
46.4874
46.3896
46.2734
46.1368
45.9801
45.8064
45.6206
45.4298
45.2516
45.0474
44.842
44.6492
44.4757
44.2949
44.1479
44.0118
43.9341
43.9369
44.0258
44.197
44.4104
44.6418
44.9323
45.3117
45.7484
46.2533
46.8485
47.4058
47.8468
48.1361
48.2472
48.2548
48.264
48.3141
48.4491
48.6343
48.8775
49.2755
49.7197
50.2105
50.6762
51.0568
51.3958
51.614
51.6945
51.6895
51.5112
51.2567
50.8545
50.3405
49.7074
49.0125
48.3472
48.0689
48.2066
48.6327
49.2217
49.9195
50.538
50.9067
50.9398
50.5243
50.0072
49.2364
48.4866
47.6517
46.8603
45.8052
44.8343
43.3248
41.7122
39.3201
36.5909
33.1959
30.7733
28.8473
28.174
27.9222
27.9585
37.7898
37.7516
37.7127
37.664
37.6164
37.5712
37.5184
37.4599
37.3992
37.3389
37.2805
37.2241
37.1691
37.1151
37.0618
37.0093
36.9577
36.907
36.8575
36.8094
36.7631
36.7186
36.6763
36.6362
36.5986
36.5638
36.5322
36.504
36.4795
36.459
36.4428
36.4313
36.4248
36.4237
36.4285
36.4397
36.4577
36.4829
36.5155
36.5556
36.6035
36.6594
36.7235
36.796
36.8772
36.967
37.0658
37.1735
37.2903
37.4161
37.5509
37.6947
37.8475
38.0093
38.18
38.3593
38.5467
38.7419
38.9452
39.1563
39.3748
39.6003
39.8324
40.0702
40.3149
40.5661
40.822
41.0794
41.3384
41.6004
41.8642
42.1277
42.3912
42.6536
42.9134
43.1703
43.4241
43.6757
43.9229
44.1629
44.3983
44.6303
44.8522
45.0612
45.2629
45.4601
45.6477
45.8201
45.974
46.1122
46.2368
46.3499
46.4493
46.5343
46.6001
46.646
46.6696
46.6735
46.6511
46.6083
46.5547
46.4835
46.3883
46.2729
46.1373
45.9827
45.8113
45.6276
45.4378
45.2598
45.0647
44.8622
44.6653
44.486
44.3095
44.1674
44.0395
43.9586
43.9479
44.0327
44.207
44.4363
44.684
44.972
45.3538
45.8057
46.3165
46.9061
47.4741
47.9219
48.1795
48.2707
48.2763
48.2656
48.3019
48.4398
48.6336
48.879
49.2764
49.7204
50.2071
50.6696
51.0642
51.4004
51.6316
51.7084
51.6942
51.5007
51.2482
50.8565
50.3379
49.7034
49.013
48.3502
48.0667
48.2086
48.6435
49.2316
49.9617
50.5704
50.9586
50.9768
50.5643
50.0283
49.2657
48.4787
47.6756
46.8657
45.8356
44.8829
43.4223
41.8274
39.4971
36.8153
33.4154
30.9565
29.0031
28.3367
28.1455
28.3755
37.8974
37.8231
37.7457
37.678
37.6111
37.5454
37.4922
37.4475
37.4042
37.3591
37.3111
37.2608
37.2094
37.1577
37.1058
37.054
37.0025
36.9517
36.9019
36.8534
36.8065
36.7615
36.7186
36.6779
36.6398
36.6045
36.5723
36.5436
36.5186
36.4975
36.4807
36.4684
36.4607
36.4577
36.4596
36.467
36.4808
36.5019
36.5311
36.5686
36.6148
36.6697
36.7334
36.8058
36.8872
36.9775
37.0767
37.1851
37.3025
37.4289
37.5641
37.7083
37.8615
38.0237
38.1948
38.3741
38.5613
38.7563
38.959
39.1692
39.3866
39.6111
39.8421
40.0793
40.3233
40.5746
40.8308
41.0888
41.348
41.6097
41.8733
42.1367
42.3992
42.6598
42.9178
43.1733
43.426
43.6755
43.9207
44.1605
44.3951
44.6239
44.8436
45.0525
45.2547
45.4529
45.6409
45.8127
45.9665
46.106
46.2321
46.3448
46.4434
46.5284
46.5958
46.6437
46.6693
46.6723
46.6518
46.6113
46.5567
46.4855
46.3924
46.2782
46.1419
45.9854
45.8136
45.631
45.4442
45.2657
45.0742
44.8701
44.6681
44.4855
44.3151
44.1738
44.0491
43.9661
43.9507
44.0322
44.2024
44.4304
44.6854
44.9773
45.3566
45.8107
46.317
46.8978
47.4696
47.9225
48.177
48.2716
48.287
48.2736
48.3049
48.4388
48.6336
48.8835
49.28
49.7274
50.2113
50.6751
51.077
51.4117
51.6528
51.7298
51.7109
51.5161
51.2498
50.8615
50.3398
49.7004
48.9993
48.3326
48.0402
48.1822
48.6211
49.2145
49.9532
50.5637
50.9644
50.9775
50.5719
50.0179
49.262
48.454
47.6653
46.8345
45.8215
44.8605
43.4359
41.8401
39.5549
36.8799
33.5203
31.0416
29.1025
28.4474
28.3135
28.6774
48.9143
48.7314
48.3553
47.9665
47.6221
47.3378
47.1191
46.9837
46.9461
47.0154
47.1733
47.3849
47.6202
47.8417
48.0205
48.1209
48.0867
47.8506
47.3395
46.4162
44.8952
42.022
37.8252
27.0825
20.3518
48.8053
48.6276
48.272
47.8983
47.5664
47.2924
47.0843
46.962
46.9338
47.0119
47.1788
47.3959
47.6338
47.859
48.0364
48.1308
48.0895
47.8439
47.322
46.3889
44.849
41.9569
38.0134
25.2148
21.5373
48.5696
48.4277
48.1171
47.7721
47.4643
47.2095
47.0224
46.9248
46.9159
47.0105
47.1871
47.4095
47.6542
47.8839
48.0637
48.1504
48.1041
47.8523
47.3233
46.3808
44.826
41.9166
37.8645
27.4527
19.5076
48.3202
48.2116
47.9317
47.6129
47.3336
47.1107
46.9553
46.8841
46.8974
47.0107
47.1975
47.4275
47.6848
47.9258
48.1087
48.1903
48.1378
47.8838
47.3501
46.3994
44.8346
41.9457
37.4962
28.2694
15.296
48.0713
47.9629
47.7026
47.4203
47.1844
47.0066
46.8877
46.842
46.8797
47.0108
47.209
47.4509
47.7233
47.9807
48.1616
48.2414
48.1837
47.9308
47.3966
46.441
44.8661
41.9775
37.56
26.6451
19.5324
47.8034
47.6771
47.4436
47.2075
47.0215
46.8911
46.8106
46.7927
46.8581
47.0093
47.2227
47.4794
47.7719
48.0442
48.2234
48.3031
48.2443
47.995
47.462
46.5065
44.9234
42.0422
37.7324
26.5802
21.6747
47.5115
47.3832
47.1788
46.9855
46.8445
46.7599
46.7177
46.733
46.8298
47.0043
47.2367
47.5092
47.8243
48.1109
48.2925
48.3724
48.3159
48.072
47.5408
46.5911
45.0046
42.1401
37.8163
27.3796
19.6602
47.1981
47.0816
46.8991
46.7458
46.65
46.6099
46.6061
46.6586
46.7918
46.9956
47.2501
47.5409
47.8822
48.1846
48.3713
48.4529
48.4019
48.1643
47.6363
46.6975
45.1139
42.2748
37.9115
27.7289
18.9004
46.8681
46.762
46.5955
46.486
46.4384
46.4423
46.4791
46.5702
46.7437
46.9812
47.2604
47.5728
47.9433
48.2618
48.4561
48.5433
48.4991
48.2687
47.7457
46.8219
45.2445
42.4389
38.0488
27.8545
19.7681
46.5039
46.4075
46.2667
46.2063
46.2057
46.251
46.3366
46.4682
46.6866
46.9583
47.2686
47.6107
48.0123
48.3439
48.5498
48.6495
48.6122
48.3904
47.8735
46.9687
45.403
42.642
38.2577
28.2033
20.4451
46.1011
46.0245
45.9256
45.9117
45.9555
46.0424
46.1768
46.3561
46.6189
46.9287
47.2777
47.6587
48.0835
48.4288
48.6507
48.7679
48.7388
48.526
48.0165
47.1321
45.5815
42.8726
38.5045
28.7355
20.5734
45.6654
45.6141
45.5623
45.5893
45.6759
45.8121
45.9973
46.2334
46.5434
46.8978
47.2919
47.7168
48.1594
48.5227
48.7667
48.9034
48.8848
48.6803
48.1804
47.3183
45.7878
43.1442
38.8067
29.3484
20.6643
45.2003
45.1764
45.1695
45.2364
45.3728
45.5636
45.8047
46.1035
46.4629
46.8677
47.3089
47.7772
48.2391
48.6255
48.8963
49.0518
49.0453
48.8483
48.3581
47.5211
46.0148
43.4453
39.1399
30.0019
20.844
44.6933
44.6976
44.7339
44.8481
45.0396
45.2904
45.5944
45.9587
46.374
46.8368
47.3295
47.8409
48.3297
48.7448
49.0439
49.2187
49.2249
49.0367
48.5556
47.748
46.2728
43.79
39.5283
30.7277
21.0429
44.147
44.1824
44.2641
44.4321
44.6823
44.9978
45.3693
45.8016
46.2808
46.8053
47.3513
47.9073
48.4288
48.8764
49.203
49.3977
49.4159
49.2386
48.7686
47.9917
46.552
44.1629
39.9512
31.516
21.1242
43.5654
43.6337
43.7624
43.9864
44.2977
44.682
45.1254
45.6316
46.182
46.7724
47.3748
47.9805
48.5406
49.0232
49.3785
49.5932
49.6241
49.4594
49.004
48.2602
46.861
44.5784
40.4321
32.3845
21.1405
42.9652
43.0681
43.2444
43.5253
43.9002
44.3545
44.8729
45.4557
46.0804
46.7397
47.4007
48.0587
48.6606
49.1795
49.5644
49.7977
49.8427
49.6911
49.2528
48.5436
47.1883
45.0177
40.9605
33.3194
21.0748
42.3408
42.4801
42.7052
43.0447
43.4857
44.0131
44.6093
45.2724
45.9747
46.7086
47.432
48.1458
48.7928
49.3505
49.7655
50.0176
50.0788
49.941
49.5224
48.8511
47.5471
45.4932
41.5617
34.3247
20.9644
41.6851
41.8647
42.143
42.5455
43.0572
43.6611
44.3389
45.085
45.8687
46.6802
47.4704
48.2428
48.9387
49.5373
49.9831
50.256
50.335
50.2129
49.8177
49.1906
47.9476
46.0302
42.2467
35.4375
20.6872
40.9765
41.2019
41.5398
42.0114
42.6012
43.2878
44.0543
44.8887
45.7609
46.6548
47.5191
48.3547
49.1043
49.7469
50.2259
50.5233
50.6213
50.5193
50.1514
49.5781
48.4068
46.6532
43.0552
36.6919
20.3687
40.2168
40.4949
40.8998
41.4486
42.1234
42.9004
43.7608
44.6889
45.6529
46.6323
47.5737
48.4752
49.2805
49.9675
50.4797
50.8012
50.9167
50.8363
50.4962
49.9802
48.8839
47.3027
43.9206
37.968
19.9552
39.3993
39.7356
40.2134
40.8465
41.6133
42.4896
43.4511
44.4815
45.5431
46.6139
47.6367
48.6081
49.4717
50.2046
50.7507
51.0962
51.2295
51.1724
50.8615
50.406
49.3887
47.9856
44.8561
39.262
19.4425
38.5346
38.9336
39.4902
40.213
41.0791
42.0609
43.1314
44.2694
45.4341
46.5993
47.7073
48.7506
49.6743
50.4521
51.0309
51.3984
51.5498
51.5162
51.235
50.8417
49.9045
48.692
45.8323
40.5703
18.8304
37.6183
38.0838
38.724
39.5417
40.514
41.6088
42.7973
44.0505
45.3261
46.5906
47.7884
48.9065
49.8917
50.7147
51.3256
51.7152
51.8855
51.8761
51.6265
51.2965
50.4423
49.4272
46.8589
41.8952
18.1438
36.6612
37.1965
37.9239
38.842
39.9256
41.1409
42.4535
43.829
45.2198
46.5883
47.8789
49.0736
50.12
50.9862
51.6266
52.0367
52.2252
52.2396
52.0224
51.7557
50.9841
50.1795
47.8995
43.2313
17.3874
35.6637
36.27
37.0871
38.1098
39.3105
40.6534
42.0983
43.6036
45.1169
46.5941
47.9818
49.2544
50.362
51.2702
51.9393
52.37
52.5769
52.6154
52.4316
52.2272
51.5403
50.9518
48.9589
44.5804
16.5612
34.644
35.3202
36.228
37.3571
38.6797
40.1549
41.7384
43.3786
45.0196
46.6094
48.0965
49.4474
50.6143
51.5612
52.256
52.705
52.9294
52.9908
52.8393
52.6953
52.0898
51.7328
49.9915
45.9522
15.6823
33.62
34.3626
35.3581
36.5937
38.0396
39.651
41.3769
43.1574
44.929
46.6352
48.2214
49.6499
50.8731
51.8566
52.5752
53.042
53.2827
53.3659
53.2441
53.1569
52.6275
52.4929
50.976
47.3009
14.7871
32.6163
33.4193
34.4968
35.8363
37.4038
39.1524
41.0217
42.9448
44.8491
46.6726
48.3566
49.8599
51.1352
52.1509
52.8894
53.3712
53.626
53.7277
53.6327
53.5967
53.1383
53.2212
51.8751
48.597
13.9006
31.6424
32.4971
33.6494
35.0874
36.7749
38.6606
40.6759
42.7434
44.7837
46.7247
48.506
50.0818
51.4066
52.4529
53.2109
53.7075
53.9755
54.0944
54.0248
54.0373
53.6492
53.9482
52.7315
49.9186
13.0061
30.7237
31.6192
32.8357
34.3636
36.1664
38.1862
40.3474
42.5602
44.7369
46.7946
48.6702
50.3146
51.6852
52.7588
53.5339
54.0427
54.3217
54.4548
54.4077
54.4653
54.1438
54.6645
53.5139
51.2824
12.1361
29.8768
30.8013
32.0685
33.6765
35.5867
37.737
40.0406
42.3982
44.7083
46.8806
48.8466
50.5564
51.9701
53.0703
53.8621
54.383
54.6716
54.8174
54.7898
54.8893
54.632
55.3659
54.2351
52.6849
11.2853
29.1206
30.0618
31.3649
33.0412
35.0493
37.3234
39.7656
42.2645
44.7041
46.9861
49.0369
50.807
52.2604
53.3846
54.1904
54.7206
55.0162
55.1711
55.1591
55.2955
55.0983
56.043
54.8643
54.1313
10.4923
28.4607
29.407
30.7336
32.4654
34.5623
36.9512
39.5261
42.1586
44.7215
47.1067
49.2367
51.0633
52.5544
53.7019
54.5215
55.0604
55.3618
55.5236
55.524
55.6922
55.5526
56.6882
55.4169
55.6011
9.76109
27.8672
28.8125
30.1548
31.9361
34.1178
36.6199
39.3265
42.0911
44.7736
47.2574
49.462
51.3412
52.8672
54.0351
54.8654
55.4089
55.7126
55.8761
55.8841
56.0772
55.9899
57.314
55.8854
57.1843
9.18499
27.3546
28.2959
29.6482
31.4749
33.7357
36.3469
39.1784
42.0681
44.8619
47.437
49.7106
51.6391
53.1979
54.3847
55.2238
55.7701
56.0725
56.2348
56.2441
56.4564
56.4146
57.9099
56.279
58.847
8.69177
26.9445
27.8808
29.2395
31.1034
33.4331
36.1418
39.0861
42.0873
44.9791
47.6343
49.9682
51.9403
53.5284
54.7311
55.5765
56.1224
56.4204
56.5771
56.5815
56.8063
56.7989
58.4556
56.5498
60.571
8.37553
26.6258
27.5631
28.9312
30.827
33.2169
36.0093
39.0503
42.1445
45.1189
47.8421
50.2283
52.2396
53.8551
55.0723
55.9234
56.4683
56.7601
56.9091
56.9031
57.1331
57.1502
58.9391
56.7132
62.297
8.20477
26.3914
27.3383
28.7242
30.6514
33.0938
35.9593
39.0795
42.2483
45.2886
48.0663
50.4946
52.5384
54.1774
55.4058
56.26
56.8006
57.0844
57.2212
57.1996
57.425
57.4518
59.3662
56.7371
64.0479
8.24157
26.2268
27.1936
28.6085
30.5695
33.0608
35.988
39.1683
42.3913
45.4806
48.2999
50.7614
52.8325
54.4924
55.7296
56.5854
57.1215
57.3964
57.5199
57.4776
57.6905
57.7122
59.7246
56.6401
65.7327
8.50382
26.1246
27.1206
28.5728
30.5724
33.1141
36.0933
39.3158
42.5759
45.6992
48.5459
51.0309
53.1223
54.7994
56.0405
56.8957
57.4235
57.6902
57.7963
57.7299
57.9199
57.9159
60.0272
56.3938
67.4039
9.18472
26.0694
27.1025
28.5972
30.6413
33.2371
36.2588
39.5068
42.7899
45.9337
48.796
51.2967
53.4033
55.0951
56.3362
57.189
57.7081
57.9663
58.0551
57.9631
58.1237
58.0777
60.2622
56.0152
68.9991
10.7329
26.0568
27.1131
28.6537
30.7573
33.4129
36.4726
39.7385
43.0334
46.1861
49.05
51.5574
53.6727
55.3775
56.6137
57.4617
57.9683
58.2194
58.2862
58.1693
58.2923
58.184
60.4608
55.5006
70.6469
14.0831
26.0055
27.0897
28.705
30.8917
33.6118
36.7077
39.9983
43.2987
46.4457
49.2983
51.8052
53.9253
55.6432
56.8709
57.7153
58.208
58.4514
58.4956
58.3543
58.4329
58.2589
60.5994
54.9446
72.0362
19.6327
25.9597
27.0852
28.7815
31.0518
33.8396
36.9753
40.2947
43.5957
46.7312
49.5562
52.0577
54.175
55.9078
57.1173
57.9657
58.4366
58.6762
58.6896
58.5278
58.5435
58.2882
60.7487
54.1768
72.9812
24.4815
25.9915
27.1286
28.8812
31.2051
34.0336
37.2057
40.5576
43.878
47.0099
49.803
52.2954
54.4036
56.1497
57.3357
58.1876
58.6378
58.8751
58.8593
58.6771
58.6227
58.2778
60.9096
53.2035
72.7964
24.0355
26.0443
27.1697
28.9499
31.3121
34.166
37.3603
40.7403
44.0744
47.2235
49.9933
52.487
54.5808
56.347
57.4977
58.3594
58.7824
59.0248
58.9819
58.7861
58.6635
58.22
61.0791
52.3388
71.8828
19.1044
26.1231
27.2171
28.9814
31.3564
34.2289
37.4457
40.8523
44.1974
47.3716
50.135
52.6412
54.719
56.505
57.6199
58.5037
58.8787
59.1312
59.0749
58.8722
58.6798
58.164
61.2171
51.7717
70.6492
11.3517
26.2283
27.272
28.9984
31.3561
34.2443
37.4641
40.913
44.2642
47.4799
50.228
52.7584
54.8152
56.6288
57.7019
58.6145
58.9336
59.2148
59.1393
58.942
58.6724
58.0792
61.3925
51.3768
68.7864
1.13683
26.3515
27.3217
28.9973
31.3247
34.2154
37.4333
40.921
44.2872
47.5509
50.2804
52.846
54.8815
56.7276
57.7548
58.698
58.9666
59.2826
59.1866
58.9978
58.6543
58.0129
61.5506
51.2846
65.1518
-10.4654
26.488
27.3663
28.9918
31.2717
34.1732
37.3625
40.902
44.2623
47.5976
50.2946
52.9112
54.9165
56.8043
57.78
58.7641
58.9795
59.3392
59.2131
59.0412
58.6286
57.9192
61.7464
51.2869
61.7326
-22.5884
26.6322
27.4074
28.9715
31.2047
34.1157
37.2712
40.8638
44.205
47.6252
50.2807
52.9562
54.927
56.8582
57.7902
58.8158
58.9806
59.3828
59.2295
59.0737
58.6049
57.8401
61.9263
51.376
61.0107
-35.4915
26.7789
27.4464
28.9434
31.1282
34.0503
37.1658
40.8147
44.1284
47.6348
50.2531
52.9785
54.9248
56.8885
57.7997
58.8503
58.9762
59.4141
59.2402
59.0947
58.5836
57.7891
62.0984
51.5285
59.6783
-52.5449
26.9258
27.4736
28.9206
31.033
33.9969
37.0372
40.784
44.0235
47.6534
50.1948
52.9987
54.898
56.9103
57.8007
58.8735
58.9621
59.4406
59.2424
59.1184
58.5561
57.6779
62.4057
51.3737
56.4142
-83.4187
27.074
27.4961
28.887
30.9534
33.9324
36.933
40.7372
43.9337
47.6468
50.1435
53.0006
54.8702
56.917
57.8049
58.8832
58.9574
59.458
59.2441
59.1352
58.5447
57.6994
62.5098
51.8703
55.6621
-129.121
27.2145
27.5162
28.8532
30.8923
33.8634
36.8583
40.6764
43.8692
47.6131
50.107
52.9852
54.8476
56.9101
57.805
58.8835
58.9616
59.4648
59.2465
59.1419
58.5473
57.6989
62.4384
52.1453
55.6756
-125.667
27.2674
27.4973
28.7963
30.8297
33.7811
36.7917
40.6007
43.8162
47.5578
50.0776
52.957
54.8319
56.8945
57.8024
58.8772
58.9668
59.4678
59.2509
59.1444
58.5567
57.7132
62.4549
52.2015
56.4839
-3.4681
)
;

boundaryField
{
    inlet
    {
        type            zeroGradient;
    }
    outlet
    {
        type            fixedValue;
        value           uniform 0;
    }
    upperWall
    {
        type            zeroGradient;
    }
    lowerWall
    {
        type            zeroGradient;
    }
    frontAndBack
    {
        type            empty;
    }
}


// ************************************************************************* //
