/*--------------------------------*- C++ -*----------------------------------*\
  =========                 |
  \\      /  F ield         | OpenFOAM: The Open Source CFD Toolbox
   \\    /   O peration     | Website:  https://openfoam.org
    \\  /    A nd           | Version:  8
     \\/     M anipulation  |
\*---------------------------------------------------------------------------*/
FoamFile
{
    version     2.0;
    format      ascii;
    class       volVectorField;
    location    "3700";
    object      wallShearStress;
}
// * * * * * * * * * * * * * * * * * * * * * * * * * * * * * * * * * * * * * //

dimensions      [0 2 -2 0 0 0 0];

internalField   uniform (0 0 0);

boundaryField
{
    inlet
    {
        type            calculated;
        value           uniform (0 0 0);
    }
    outlet
    {
        type            calculated;
        value           uniform (0 0 0);
    }
    upperWall
    {
        type            calculated;
        value           nonuniform List<vector> 
223
(
(-0.582193 -0.392359 0)
(-0.977814 -0.219377 0)
(-0.939335 -0.0567745 0)
(-0.81071 -0.00585779 0)
(-0.734594 0.00331375 0)
(-0.695452 0.00231547 0)
(-0.67094 0.000424267 0)
(-0.653507 -0.00144872 0)
(-0.640532 -0.00256272 0)
(-0.629821 -0.00218432 0)
(-0.620056 -0.00129919 0)
(-0.610959 -0.00107186 0)
(-0.602983 -0.0013665 0)
(-0.596121 -0.00127213 0)
(-0.590124 -0.0010144 0)
(-0.584899 -0.000687222 0)
(-0.580179 0.000239626 0)
(-0.575346 0.00261789 0)
(-0.570844 0.00383366 0)
(-0.567387 0.00403779 4.30835e-22)
(-0.564073 0.00323792 0)
(-0.561326 0.00140201 0)
(-0.559292 0.00145107 0)
(-0.556605 0.00313516 4.48904e-22)
(-0.55334 0.00392406 0)
(-0.550096 0.00396676 0)
(-0.547026 0.00348128 0)
(-0.544204 0.00296334 -9.30227e-22)
(-0.54143 0.00284761 9.41207e-22)
(-0.538602 0.00265107 9.51992e-22)
(-0.535846 0.00228769 0)
(-0.533186 0.00199343 -9.73859e-22)
(-0.530549 0.00177027 0)
(-0.527908 0.00160298 9.97437e-22)
(-0.525258 0.00146793 1.00981e-21)
(-0.522595 0.00136334 -1.02257e-21)
(-0.519917 0.00127884 0)
(-0.517226 0.0012104 0)
(-0.514518 0.00115679 0)
(-0.511787 0.00111554 0)
(-0.50903 0.00108399 -1.08856e-21)
(-0.506245 0.00106042 0)
(-0.503429 0.00104354 0)
(-0.500579 0.00103237 1.12941e-21)
(-0.497691 0.00102612 0)
(-0.494763 0.00102412 1.15636e-21)
(-0.491791 0.00102562 -1.16957e-21)
(-0.488771 0.00102997 1.18253e-21)
(-0.4857 0.00103684 0)
(-0.482575 0.00104548 0)
(-0.479395 0.00105466 0)
(-0.476161 0.0010632 1.23067e-21)
(-0.472879 0.00107002 -1.24141e-21)
(-0.469563 0.00107561 0)
(-0.466224 0.00108094 0)
(-0.462879 0.00108633 0)
(-0.459539 0.00109114 0)
(-0.456208 0.00109409 0)
(-0.452887 0.00109439 0)
(-0.449572 0.00109223 0)
(-0.446254 0.00108833 0)
(-0.442924 0.00108347 1.29203e-21)
(-0.439571 0.00107885 -1.2918e-21)
(-0.436184 0.00107554 0)
(-0.432752 0.00107402 0)
(-0.429263 0.00107449 0)
(-0.425709 0.00107699 -1.27849e-21)
(-0.422083 0.00108149 0)
(-0.418376 0.00108764 0)
(-0.414583 0.00109496 0)
(-0.410701 0.00110325 0)
(-0.406725 0.00111202 0)
(-0.402653 0.00112062 -2.43476e-21)
(-0.398485 0.0011286 0)
(-0.394222 0.00113541 0)
(-0.389868 0.00114055 0)
(-0.385426 0.00114384 0)
(-0.380907 0.00114509 0)
(-0.376322 0.00114419 0)
(-0.371682 0.00114091 0)
(-0.367001 0.00113497 2.09563e-21)
(-0.362288 0.00112621 0)
(-0.357551 0.00111472 0)
(-0.352795 0.00110085 0)
(-0.348022 0.00108502 -1.83991e-21)
(-0.343232 0.0010679 0)
(-0.338423 0.00105013 -1.69045e-21)
(-0.333591 0.00103225 0)
(-0.328732 0.00101517 0)
(-0.323837 0.000999707 0)
(-0.319025 0.0009919 -1.35119e-21)
(-0.316384 0.00100103 0)
(-0.31366 0.00101497 1.18067e-21)
(-0.310855 0.00102966 1.08996e-21)
(-0.307975 0.00104282 0)
(-0.30503 0.00105373 8.96223e-22)
(-0.302033 0.00106261 0)
(-0.298996 0.00106973 0)
(-0.295934 0.00107768 0)
(-0.292862 0.00108326 -4.54646e-22)
(-0.28979 0.00109755 0)
(-0.28674 0.00109678 -2.05115e-22)
(-0.283711 0.00110396 7.31217e-23)
(-0.280731 0.00112332 0)
(-0.277796 0.00110284 0)
(-0.274916 0.001117 0)
(-0.272101 0.00113141 0)
(-0.269357 0.00101329 0)
(-0.266682 0.000927619 0)
(-0.264088 0.00108578 0)
(-0.261603 0.00119155 1.14817e-21)
(-0.259116 0.00113991 0)
(-0.2568 0.000909243 0)
(-0.254519 0.0013289 0)
(-0.252462 0.00124614 0)
(-0.250147 0.000387908 0)
(-0.248099 0.000377216 0)
(-0.245967 0.000517906 0)
(-0.243988 0.000644505 0)
(-0.242065 0.000763934 0)
(-0.240501 0.000728689 0)
(-0.238709 0.00115829 0)
(-0.236999 0.00113451 0)
(-0.235116 0.000428038 7.18586e-21)
(-0.233143 0.000395642 0)
(-0.231585 0.000639375 0)
(-0.229978 0.000655502 0)
(-0.228525 0.000783113 -8.79908e-21)
(-0.227015 0.000809356 0)
(-0.225431 0.000993483 0)
(-0.22428 0.00130945 -9.9899e-21)
(-0.223183 0.00120961 0)
(-0.222038 0.000529978 1.08217e-20)
(-0.220395 -0.000157328 0)
(-0.218757 -1.93268e-05 0)
(-0.217573 0.000190176 0)
(-0.216266 0.000315281 -1.2628e-20)
(-0.214928 0.000285415 0)
(-0.213958 0.000427998 1.34448e-20)
(-0.212791 0.000564446 0)
(-0.211607 0.000440904 0)
(-0.210688 0.000813385 0)
(-0.209755 0.00110068 0)
(-0.209005 0.000984004 0)
(-0.208289 0.000333566 0)
(-0.207064 -0.000275252 0)
(-0.205891 -8.2468e-05 0)
(-0.205281 0.000206251 0)
(-0.204388 0.000329064 0)
(-0.203599 0.00032137 0)
(-0.202979 0.000670989 1.84286e-20)
(-0.202252 0.00089329 -1.88684e-20)
(-0.201585 0.000778058 0)
(-0.201263 0.00060851 0)
(-0.201151 0.000487016 0)
(-0.200241 0.000578195 0)
(-0.199948 -2.33231e-05 -2.07825e-20)
(-0.19897 -0.000555179 2.14489e-20)
(-0.198018 -0.000243745 -2.18978e-20)
(-0.197513 -1.67004e-05 0)
(-0.196677 9.05969e-05 -2.27055e-20)
(-0.196152 0.000102804 -4.61044e-20)
(-0.195721 8.37366e-05 0)
(-0.195345 6.28335e-05 -4.76041e-20)
(-0.195195 0.00012412 4.83111e-20)
(-0.194675 0.000232372 0)
(-0.194147 0.000281166 0)
(-0.19334 0.000167771 0)
(-0.19333 0.000217756 0)
(-0.192879 0.000314935 0)
(-0.192838 0.000435687 -5.31994e-20)
(-0.192097 0.000791658 0)
(-0.192004 0.000846678 -5.48933e-20)
(-0.191924 0.000241506 0)
(-0.190892 -0.000176726 0)
(-0.190193 -1.53843e-05 0)
(-0.18988 7.77533e-05 0)
(-0.189284 0.00010023 0)
(-0.188863 0.000183942 6.06768e-20)
(-0.187752 0.000237225 0)
(-0.187339 0.000210528 0)
(-0.186994 0.000270175 -6.38086e-20)
(-0.185986 0.000382035 0)
(-0.184999 0.000472455 0)
(-0.184101 0.000320005 0)
(-0.182922 0.000242629 6.89225e-20)
(-0.181582 0.000442864 0)
(-0.180231 0.000510642 0)
(-0.178851 0.000712384 0)
(-0.177394 0.000911208 0)
(-0.175627 0.000515208 -7.67693e-20)
(-0.172838 0.000272972 0)
(-0.169601 0.000517255 0)
(-0.166094 0.000754127 0)
(-0.161293 0.00100719 8.87537e-20)
(-0.154151 0.00132469 0)
(-0.147271 0.00223449 0)
(-0.122874 0.00227672 -1.0786e-19)
(-0.140663 0.0068546 -6.01853e-36)
(-0.16925 0.0134487 1.24645e-17)
(-0.187149 0.017274 2.34356e-17)
(-0.193331 0.0190111 2.27136e-17)
(-0.197128 0.019796 2.19175e-17)
(-0.200932 0.0203676 2.1177e-17)
(-0.205416 0.0210456 -2.02281e-17)
(-0.209665 0.0215484 -1.95199e-17)
(-0.213865 0.0218891 -6.01853e-36)
(-0.218104 0.0220291 -3.66509e-17)
(-0.22024 0.0221895 -1.80728e-17)
(-0.224705 0.0227281 6.68057e-34)
(-0.227511 0.0229096 -1.20371e-35)
(-0.231083 0.0233654 -3.22653e-17)
(-0.235466 0.0239503 -3.06522e-17)
(-0.242448 0.0247979 -2.84611e-17)
(-0.249627 0.025457 -4.81482e-35)
(-0.256938 0.026071 4.9398e-17)
(-0.263941 0.0266573 2.26547e-17)
(-0.271723 0.0273472 2.40741e-35)
(-0.281089 0.0281725 -3.51275e-17)
(-0.290394 0.0289022 -1.52849e-20)
(-0.300213 0.0295029 0)
(-0.305089 0.030495 1.34158e-17)
(-0.332332 0.0321459 -7.64393e-18)
)
;
    }
    lowerWall
    {
        type            calculated;
        value           nonuniform List<vector> 
250
(
(-0.653909 0.466638 0)
(-1.14095 0.204678 0)
(-1.03492 0.0379587 0)
(-0.869573 -0.000935968 0)
(-0.786941 -0.00419159 0)
(-0.746063 -0.00160779 0)
(-0.719879 0.000416221 0)
(-0.700646 -0.000651775 0)
(-0.685088 -0.00405595 0)
(-0.671317 -0.00471224 0)
(-0.658932 -0.00298835 0)
(-0.647719 -0.000864401 0)
(-0.637516 0.00142591 0)
(-0.628189 0.00210373 0)
(-0.619321 0.00136775 0)
(-0.611522 0.00135745 0)
(-0.604583 0.0016953 0)
(-0.605064 0.00194574 0)
(-0.0042344 -0.0228275 0)
(-0.00275821 -0.017642 0)
(-0.000680288 -0.0144903 0)
(0.00193711 -0.0137988 9.02551e-20)
(0.00525423 -0.015213 -7.86559e-20)
(0.00894942 -0.0208279 6.28538e-20)
(0.0127318 -0.0200723 -4.84758e-20)
(0.025648 -0.0632959 0)
(-0.0839925 -0.144719 0)
(0.000872436 -0.00384038 0)
(-0.00766538 0.009547 0)
(-0.00851614 0.0328218 0)
(-0.0025495 0.0448558 0)
(0.00295326 0.0442618 1.82224e-20)
(0.00618262 0.0360636 -1.89658e-20)
(0.00818712 0.0241616 0)
(0.0094604 0.0101612 -5.42285e-20)
(0.00943163 -0.00404186 6.1144e-20)
(0.00793323 -0.0174219 0)
(0.00614114 -0.0291944 0)
(0.00438164 -0.0385618 0)
(0.00268697 -0.0451386 0)
(0.000986044 -0.0488771 0)
(-0.000886857 -0.0495125 0)
(-0.002819 -0.0463955 0)
(-0.00439763 -0.0399066 0)
(-0.00491331 -0.0307459 0)
(0.00132869 -0.00151202 0)
(0.00133798 0.00652733 0)
(-0.00450925 0.00961876 0)
(-0.00959725 0.00975661 0)
(-0.0133832 0.00829961 0)
(-0.0158895 0.00623529 0)
(-0.0172645 0.00409769 1.49573e-21)
(-0.0177831 0.00200615 -1.52733e-21)
(-0.0173316 -6.97819e-06 0)
(-0.016054 -0.00168623 -1.65308e-21)
(-0.0141886 -0.00283754 0)
(-0.0120505 -0.00329644 0)
(-0.0100508 -0.00303586 -0)
(-0.00855319 -0.00228025 2.5703e-21)
(-0.00761652 -0.00142301 0)
(-0.00693824 -0.000815805 0)
(-0.00612074 -0.000623373 -3.37821e-21)
(-0.00499312 -0.00100039 0)
(-0.00340875 -0.00238581 0)
(-0.000488937 -0.00505747 0)
(0.00436043 -0.00740361 3.03319e-21)
(0.00994539 -0.00889512 0)
(0.0158464 -0.00984999 1.46917e-21)
(0.0218919 -0.0106169 0)
(0.0280977 -0.011269 -0)
(0.0344081 -0.0115143 8.4471e-22)
(0.0405405 -0.0113547 0)
(0.0491484 -0.0116033 -7.54049e-22)
(0.0589386 -0.0117553 -0)
(0.0686327 -0.0115827 7.70711e-22)
(0.0780417 -0.011169 0)
(0.0870147 -0.0105842 0)
(0.0954592 -0.00989019 0)
(0.103317 -0.00913662 -0)
(0.110564 -0.00836075 0)
(0.117197 -0.00758966 -8.11168e-22)
(0.12323 -0.00684048 -0)
(0.128686 -0.00612268 1.63311e-21)
(0.133591 -0.0054405 0)
(0.137974 -0.0047942 -1.63499e-21)
(0.141859 -0.00418213 -0)
(0.145272 -0.00360153 -0)
(0.148233 -0.00304953 1.62108e-21)
(0.150758 -0.00252413 0)
(0.152864 -0.00202414 1.60087e-21)
(0.154562 -0.00155032 -1.58755e-21)
(0.155864 -0.00110635 -0)
(0.156783 -0.000698917 -1.55494e-21)
(0.157329 -0.000337892 -1.5359e-21)
(0.157515 -3.98525e-05 -0)
(0.157409 0.000194776 0)
(0.157078 0.000391497 0)
(0.156524 0.000568211 0)
(0.155762 0.000731122 -0)
(0.154802 0.000884177 1.37584e-21)
(0.15365 0.0010283 0)
(0.152313 0.00116399 -1.30706e-21)
(0.1508 0.00129165 -0)
(0.149117 0.00141124 -0)
(0.147273 0.00152287 1.19061e-21)
(0.145273 0.00162647 0)
(0.143127 0.00172191 -1.10492e-21)
(0.140843 0.00180928 -0)
(0.13843 0.00188862 0)
(0.135896 0.00195989 -0)
(0.133251 0.00202311 9.16896e-22)
(0.130502 0.00207846 0)
(0.12766 0.00212599 -0)
(0.124734 0.00216588 7.63855e-22)
(0.121733 0.00219836 0)
(0.118666 0.0022236 6.57322e-22)
(0.115543 0.00224185 0)
(0.112371 0.0022533 0)
(0.109161 0.00225817 0)
(0.10592 0.00225696 -4.36244e-22)
(0.102657 0.00224985 -0)
(0.0993808 0.00223713 0)
(0.096098 0.00221917 -2.65642e-22)
(0.0928168 0.00219628 -2.08192e-22)
(0.0895438 0.00216881 -0)
(0.0862863 0.00213714 -9.27244e-23)
(0.0830502 0.0021016 -0)
(0.0798419 0.00206258 4.64647e-23)
(0.0766666 0.00202047 -0)
(0.0735297 0.00197573 2.78883e-22)
(0.0704355 0.0019288 0)
(0.0673888 0.00188024 -5.11564e-22)
(0.064393 0.00183086 -0)
(0.0614515 0.00178161 0)
(0.0585668 0.00173384 -0)
(0.0557408 0.00168927 9.78324e-22)
(0.0529748 0.00164993 0)
(0.0502696 0.00161809 -1.21376e-21)
(0.0476234 0.00159486 0)
(0.0457845 0.00160349 1.47551e-21)
(0.0442421 0.00162103 1.63402e-21)
(0.0427031 0.00162594 1.79893e-21)
(0.0411757 0.00161303 0)
(0.0396654 0.00158974 0)
(0.0381716 0.00156406 0)
(0.0366933 0.00153823 0)
(0.0352304 0.00151251 0)
(0.0337833 0.00148691 0)
(0.0323523 0.00146142 0)
(0.0309383 0.0014362 0)
(0.0295412 0.00141141 -3.69168e-21)
(0.0281618 0.00138718 -3.96732e-21)
(0.0268002 0.00136374 0)
(0.0254563 0.00134076 0)
(0.0241308 0.0013167 0)
(0.0228251 0.00129182 -5.26724e-21)
(0.0215388 0.00126761 0)
(0.0202723 0.00124395 0)
(0.0190252 0.00122089 0)
(0.0177978 0.00119845 0)
(0.0165902 0.00117672 7.53582e-21)
(0.0154023 0.00115576 0)
(0.0142342 0.00113567 0)
(0.0130856 0.00111655 -9.45461e-21)
(0.0119565 0.00109844 1.02321e-20)
(0.010847 0.00108142 0)
(0.00975683 0.0010658 1.20684e-20)
(0.00868601 0.00105221 0)
(0.00763416 0.00104183 -1.44068e-20)
(0.00660059 0.00103493 0)
(0.00558499 0.00103053 0)
(0.00458728 0.00102831 0)
(0.00360706 0.00102859 0)
(0.00264385 0.00103162 0)
(0.00169815 0.00103734 5.57092e-20)
(0.00077143 0.00104292 6.42193e-20)
(-0.000138342 0.00103021 0)
(-0.00103559 0.000987382 0)
(-0.00191737 0.000934993 0)
(-0.00278366 0.000885499 -5.28891e-20)
(-0.00363433 0.000840576 0)
(-0.00446918 0.000799829 0)
(-0.00528863 0.000762763 0)
(-0.00609322 0.000728885 -4.04163e-20)
(-0.00688354 0.00069774 3.83663e-20)
(-0.00766006 0.000668943 0)
(-0.00842327 0.000642194 0)
(-0.0091736 0.000617248 3.36188e-20)
(-0.00991151 0.000593906 3.23785e-20)
(-0.0106374 0.000572 0)
(-0.0113518 0.000551391 0)
(-0.0120549 0.00053198 -2.93536e-20)
(-0.0127474 0.000513661 2.85258e-20)
(-0.0134295 0.000496354 0)
(-0.0141018 0.00047999 0)
(-0.0147646 0.000464504 2.64363e-20)
(-0.0154184 0.000449853 0)
(-0.0160636 0.000435982 0)
(-0.0167008 0.000422848 2.4791e-20)
(-0.0173302 0.000410421 0)
(-0.0179525 0.000398665 2.38751e-20)
(-0.0185681 0.000387544 0)
(-0.0191774 0.000377029 0)
(-0.0197809 0.000367095 0)
(-0.0203791 0.000357708 -2.23595e-20)
(-0.0209724 0.000348831 0)
(-0.0215612 0.000340417 0)
(-0.0221459 0.000332424 0)
(-0.0227268 0.00032478 0)
(-0.0233039 0.00031742 0)
(-0.0238778 0.000310231 0)
(-0.0244479 0.000303037 -2.03863e-20)
(-0.0250139 0.00029566 -2.01559e-20)
(-0.0255749 0.000287823 0)
(-0.0261295 0.000279177 0)
(-0.0266759 0.000269147 0)
(-0.0272101 0.000256999 1.93611e-20)
(-0.0277275 0.000241528 0)
(-0.0282192 0.000221292 -3.81363e-20)
(-0.0286761 0.000192244 3.79298e-20)
(-0.0290691 0.000152623 3.78207e-20)
(-0.0294003 7.78962e-05 -3.78593e-20)
(-0.029482 -3.93701e-05 3.80465e-20)
(-0.0295068 -0.000356525 -3.83987e-20)
(-0.0279721 -0.000616845 0)
(-0.0293449 -0.00051616 -2.43322e-18)
(-0.0327684 -0.00134231 -2.2698e-18)
(-0.0364119 -0.00203327 0)
(-0.0395325 -0.00257594 -4.06093e-18)
(-0.0424825 -0.00301845 -7.75791e-18)
(-0.0455549 -0.00342168 -3.71967e-18)
(-0.0487777 -0.00381903 3.56804e-18)
(-0.0521088 -0.00429629 -6.01853e-35)
(-0.0556016 -0.00470573 0)
(-0.0592979 -0.00507068 3.15294e-18)
(-0.0632408 -0.00546575 3.02189e-18)
(-0.0674367 -0.0058229 -3.00927e-36)
(-0.0719218 -0.00624201 0)
(-0.076735 -0.00670542 0)
(-0.081925 -0.00720186 8.99018e-35)
(-0.0875433 -0.007745 4.61264e-35)
(-0.0936601 -0.00834629 1.11343e-34)
(-0.100329 -0.00900972 -4.15817e-18)
(-0.107692 -0.00973038 -3.81237e-18)
(-0.116752 -0.0106233 1.20371e-35)
(-0.127569 -0.0116266 6.13697e-18)
(-0.138424 -0.0127334 1.03497e-17)
(-0.153649 -0.0139266 6.01853e-36)
(-0.162848 -0.0152936 -5.09829e-18)
(-0.191963 -0.0169814 -1.80556e-35)
)
;
    }
    frontAndBack
    {
        type            empty;
    }
}


// ************************************************************************* //
