/*--------------------------------*- C++ -*----------------------------------*\
  =========                 |
  \\      /  F ield         | OpenFOAM: The Open Source CFD Toolbox
   \\    /   O peration     | Website:  https://openfoam.org
    \\  /    A nd           | Version:  8
     \\/     M anipulation  |
\*---------------------------------------------------------------------------*/
FoamFile
{
    version     2.0;
    format      ascii;
    class       volVectorField;
    location    "500";
    object      wallShearStress;
}
// * * * * * * * * * * * * * * * * * * * * * * * * * * * * * * * * * * * * * //

dimensions      [0 2 -2 0 0 0 0];

internalField   uniform (0 0 0);

boundaryField
{
    inlet
    {
        type            calculated;
        value           uniform (0 0 0);
    }
    outlet
    {
        type            calculated;
        value           uniform (0 0 0);
    }
    upperWall
    {
        type            calculated;
        value           nonuniform List<vector> 
223
(
(-0.440807 -0.0468361 0)
(-0.491832 -0.0459644 0)
(-0.534451 -0.0346316 0)
(-0.541617 -0.0225422 0)
(-0.537868 -0.0137299 0)
(-0.528496 -0.00805652 0)
(-0.517855 -0.00449552 0)
(-0.507243 -0.00227469 0)
(-0.496489 -0.000892363 0)
(-0.486466 -4.5485e-05 0)
(-0.477292 0.000468645 0)
(-0.468965 0.000773588 0)
(-0.461452 0.000946728 0)
(-0.454677 0.00103779 0)
(-0.448571 0.00107781 0)
(-0.443055 0.00109083 0)
(-0.43804 0.00109011 0)
(-0.433486 0.00112789 0)
(-0.429809 0.00119745 0)
(-0.426865 0.00125607 5.4445e-22)
(-0.423967 0.00127238 0)
(-0.421131 0.00126186 0)
(-0.418356 0.00123377 0)
(-0.415646 0.00119462 5.55678e-22)
(-0.413006 0.00114849 0)
(-0.41044 0.0010989 0)
(-0.407946 0.00104768 0)
(-0.405524 0.000996631 -1.1317e-21)
(-0.403174 0.000946378 1.13667e-21)
(-0.400894 0.000897794 1.14163e-21)
(-0.398682 0.000851284 0)
(-0.396536 0.000807186 -1.1515e-21)
(-0.394454 0.000765496 0)
(-0.392434 0.000726589 1.16135e-21)
(-0.390471 0.00069029 1.16628e-21)
(-0.388565 0.000656683 -1.17122e-21)
(-0.386711 0.000625552 0)
(-0.384909 0.00059684 0)
(-0.383153 0.000570488 0)
(-0.381443 0.000546265 0)
(-0.379775 0.000524166 -1.19606e-21)
(-0.378149 0.000503998 0)
(-0.37656 0.000485573 0)
(-0.375007 0.000468772 1.21114e-21)
(-0.373488 0.000453484 0)
(-0.372002 0.00043961 1.22127e-21)
(-0.370544 0.00042701 -1.22635e-21)
(-0.369117 0.000415617 1.23143e-21)
(-0.367716 0.000405334 0)
(-0.366341 0.000396125 0)
(-0.364989 0.000387889 0)
(-0.363659 0.000380632 1.25183e-21)
(-0.36235 0.000374249 -1.25693e-21)
(-0.36106 0.000368775 0)
(-0.359787 0.000364092 0)
(-0.35853 0.000360116 0)
(-0.357288 0.000356904 0)
(-0.356057 0.000354401 0)
(-0.354839 0.000352474 0)
(-0.353629 0.000351106 0)
(-0.352429 0.000350272 0)
(-0.351235 0.000349914 1.30186e-21)
(-0.350047 0.000350037 -1.30664e-21)
(-0.348862 0.000350454 0)
(-0.347683 0.000351228 0)
(-0.346504 0.000352394 0)
(-0.345326 0.000353808 -1.32498e-21)
(-0.344147 0.000355503 0)
(-0.342967 0.000357387 0)
(-0.341785 0.000359474 0)
(-0.340599 0.000361757 0)
(-0.339408 0.000364273 0)
(-0.338211 0.000366825 -2.69806e-21)
(-0.337008 0.000369705 0)
(-0.335796 0.000372791 0)
(-0.334575 0.000375938 0)
(-0.333346 0.000379407 0)
(-0.332101 0.000383088 0)
(-0.330849 0.000387429 0)
(-0.329575 0.000391674 0)
(-0.328291 0.000396163 2.7434e-21)
(-0.326993 0.000400781 0)
(-0.325653 0.000410152 0)
(-0.324336 0.000413795 0)
(-0.32294 0.000421282 -2.75599e-21)
(-0.321527 0.000537682 0)
(-0.319959 0.000496369 -2.75948e-21)
(-0.318233 -0.000261823 0)
(-0.317584 -0.000680813 0)
(-0.316828 -0.000163607 0)
(-0.314497 0.000253129 -2.79287e-21)
(-0.313144 0.000572408 0)
(-0.315284 0.000984589 2.86135e-21)
(-0.310664 0.00106314 2.83691e-21)
(-0.316384 0.000653077 0)
(-0.308958 0.000399979 2.84952e-21)
(-0.440793 0.00267039 0)
(-0.396982 0.00184298 0)
(-0.364505 0.00125393 0)
(-0.341607 0.00211765 -3.11912e-21)
(-0.324602 0.00119118 0)
(-0.313788 -0.000102691 -2.83264e-21)
(-0.396472 0.00225307 3.59869e-21)
(-0.361618 0.00942654 0)
(-0.369473 0.0131787 0)
(-0.340432 0.00865289 0)
(-0.358014 0.00307772 0)
(-0.324351 0.0023676 0)
(-0.317752 0.000253389 0)
(-0.322222 -0.00402544 0)
(-0.330941 -0.00433805 -2.89705e-21)
(-0.294488 -0.0046721 0)
(-0.393266 -0.00301686 0)
(-0.355387 0.003882 0)
(-0.308629 0.001587 0)
(-0.305236 -0.00299406 0)
(-0.299537 -0.0024751 0)
(-0.284746 -0.00139624 0)
(-0.282666 -0.00149766 0)
(-0.355589 -0.0022191 0)
(-0.399979 -0.0031288 0)
(-0.399823 -0.000422223 0)
(-0.344146 0.0036826 0)
(-0.299334 0.00363618 -4.80353e-21)
(-0.279213 0.00316077 0)
(-0.274872 0.00338068 0)
(-0.271777 0.000860993 0)
(-0.269403 -0.00231999 4.04326e-21)
(-0.304806 -0.00287072 0)
(-0.336524 0.000177848 0)
(-0.298065 0.00332629 4.16371e-21)
(-0.261897 0.00235281 0)
(-0.259959 0.00203224 -3.36462e-21)
(-0.257997 0.00221862 0)
(-0.255803 -0.000201234 0)
(-0.253334 -0.00253593 0)
(-0.265623 -0.00269671 2.92668e-21)
(-0.292309 -0.00243681 0)
(-0.29182 -0.00178656 -2.75229e-21)
(-0.274734 -0.000927772 0)
(-0.26879 0.00299068 0)
(-0.241802 0.00439914 0)
(-0.240868 0.00112097 0)
(-0.239976 -0.00140615 0)
(-0.256249 0.00153367 0)
(-0.236796 0.00370869 0)
(-0.234752 0.000160877 0)
(-0.269624 -0.00288298 0)
(-0.260252 -0.00228526 0)
(-0.225779 0.00109246 0)
(-0.225333 0.00253165 1.07902e-21)
(-0.224247 0.000250311 -1.44977e-21)
(-0.221767 0.00075193 0)
(-0.221392 0.00366824 0)
(-0.221021 0.00552762 0)
(-0.22089 0.0055003 0)
(-0.219739 0.00221366 -3.02392e-21)
(-0.218138 -0.00288328 3.54847e-21)
(-0.22897 -0.00511975 -4.67066e-21)
(-0.210394 -0.0011529 0)
(-0.209137 -0.000119329 -5.1297e-21)
(-0.215016 0.000574109 -1.18905e-20)
(-0.204609 0.000139659 0)
(-0.19996 -0.00116813 -1.39998e-20)
(-0.210393 -0.000524842 1.55219e-20)
(-0.201645 0.00107395 0)
(-0.194623 0.000599396 0)
(-0.19046 -0.00265646 0)
(-0.18733 -0.00164334 0)
(-0.182567 0.00205927 0)
(-0.183424 0.00268854 -2.08408e-20)
(-0.181748 -0.000943351 0)
(-0.177724 -0.000374162 -2.50599e-20)
(-0.178286 0.00215924 0)
(-0.190542 0.0020263 0)
(-0.187523 0.0017304 0)
(-0.176972 0.000973357 0)
(-0.173903 -0.000442168 0)
(-0.170687 -0.000103561 3.3106e-20)
(-0.169567 0.0010594 0)
(-0.169752 0.00118388 0)
(-0.168631 0.000478579 -3.61786e-20)
(-0.165795 -0.000215364 0)
(-0.161851 -0.000468342 0)
(-0.157095 -0.000362698 0)
(-0.151565 -0.00014648 4.77446e-20)
(-0.144904 0.000128481 0)
(-0.136675 0.000461895 0)
(-0.127149 0.000832439 0)
(-0.11718 0.0011043 0)
(-0.107836 0.00117997 -7.75136e-20)
(-0.0998775 0.00105631 0)
(-0.0934432 0.000890759 0)
(-0.087874 0.000803729 0)
(-0.0827832 0.000891817 1.06339e-19)
(-0.0752088 0.00113307 0)
(-0.0707009 0.00185528 0)
(-0.0420542 0.00160202 -1.48772e-19)
(-0.0728708 0.0010365 6.01853e-36)
(-0.106964 0.0063504 1.28849e-17)
(-0.1302 0.0106986 2.32293e-17)
(-0.142597 0.0132542 2.18993e-17)
(-0.150073 0.014687 2.10853e-17)
(-0.155807 0.0155784 2.04167e-17)
(-0.160394 0.0162064 -1.98423e-17)
(-0.163978 0.0166691 -1.93111e-17)
(-0.167017 0.017022 0)
(-0.169897 0.0173221 -3.66661e-17)
(-0.172907 0.0176062 -1.78401e-17)
(-0.176123 0.0179042 6.68057e-34)
(-0.179741 0.0182263 -1.20371e-35)
(-0.183774 0.0185961 -3.22478e-17)
(-0.188374 0.0190087 -3.08731e-17)
(-0.193495 0.0194823 -2.93147e-17)
(-0.199327 0.0200088 -2.40741e-35)
(-0.205796 0.0206077 5.1295e-17)
(-0.213232 0.0212835 2.34769e-17)
(-0.221264 0.02203 1.20371e-35)
(-0.231176 0.0229283 -3.64474e-17)
(-0.240304 0.0238037 -1.20619e-20)
(-0.256206 0.025175 0)
(-0.260731 0.0259785 1.36245e-17)
(-0.291395 0.0278885 -7.67629e-18)
)
;
    }
    lowerWall
    {
        type            calculated;
        value           nonuniform List<vector> 
250
(
(-0.964868 0.100944 0)
(-0.757156 0.0668553 0)
(-0.69945 0.0487069 0)
(-0.634819 0.0292228 0)
(-0.580032 0.0148816 0)
(-0.549534 0.00808145 0)
(-0.539865 0.00531228 0)
(-0.512945 0.00275101 0)
(-0.649139 0.00260614 0)
(-0.683945 0.00198826 0)
(-0.773839 -0.00148442 0)
(-0.658383 -0.000982695 0)
(-0.579968 -0.000845945 0)
(-0.526663 -0.00229696 0)
(-0.506662 -0.00126226 0)
(-0.465707 0.000733349 0)
(-0.643776 0.00219498 0)
(-0.66173 -0.000212611 0)
(0.00294741 -0.00707753 0)
(0.00303128 -0.010989 0)
(0.00310797 -0.0147413 0)
(0.00315039 -0.0183094 6.87285e-20)
(0.00313019 -0.0214186 -6.09669e-20)
(0.0035013 -0.0241221 5.46578e-20)
(0.004987 -0.0239261 -4.93683e-20)
(0.0113966 -0.0437792 0)
(-0.0697 -0.164887 0)
(0.000211822 -0.000255108 0)
(7.08245e-05 -0.000755257 0)
(1.73002e-05 -0.000885577 0)
(6.68702e-05 -0.000939184 0)
(-3.69321e-06 -0.000764994 1.54791e-19)
(-0.000327084 0.000141066 -1.37223e-19)
(-0.000988728 0.00235928 0)
(-0.00162436 0.00595485 -1.43302e-19)
(-0.00177575 0.00983544 1.1302e-19)
(-0.00142166 0.0129633 0)
(-0.000809049 0.0148243 0)
(-0.000165621 0.0152861 0)
(0.000375272 0.01445 0)
(0.000854642 0.0127007 0)
(0.00134529 0.0100341 0)
(0.00186321 0.00652696 0)
(0.00241422 0.00231405 0)
(0.00282337 -0.00248728 0)
(-0.000132422 -0.000259906 0)
(0.0001604 -0.000417711 0)
(0.000449007 -0.000461406 0)
(0.000736202 -0.000388696 0)
(0.000945401 -0.000172078 -0)
(0.000952634 0.000164427 -0)
(0.00070392 0.000545867 1.54899e-20)
(0.000234835 0.000872728 -1.7597e-20)
(-0.000374736 0.00107048 -0)
(-0.00103383 0.00111765 -1.09538e-20)
(-0.00167156 0.00103153 -0)
(-0.00222773 0.000842529 0)
(-0.00266239 0.000586434 -0)
(-0.00295389 0.000294728 6.46444e-21)
(-0.00309463 -1.14878e-05 0)
(-0.00307503 -0.000308393 0)
(-0.00290014 -0.000563181 -6.55953e-21)
(-0.00259438 -0.000746269 -0)
(-0.00219131 -0.000835304 0)
(-0.00173495 -0.000817677 -0)
(-0.00127836 -0.000697349 1.0204e-20)
(-0.000875026 -0.000499391 0)
(-0.000565043 -0.000264565 1.47456e-20)
(-0.000366804 -3.2391e-05 0)
(-0.000282223 0.000183599 0)
(-0.000325141 0.00036721 1.91713e-20)
(-0.000476112 0.000517254 0)
(-0.000732201 0.000647364 -1.39511e-20)
(-0.00108826 0.000732468 0)
(-0.00148402 0.000719978 9.97533e-21)
(-0.00181934 0.000609408 0)
(-0.00203695 0.000467078 0)
(-0.00212402 0.000379261 0)
(-0.0021486 0.00042527 0)
(-0.00216983 0.000546432 0)
(-0.00216159 0.000573422 -7.98801e-21)
(-0.0019409 0.00025225 0)
(-0.00129571 -0.000452093 2.0388e-20)
(2.76705e-05 -0.00121081 0)
(0.00171917 -0.00200055 -9.26783e-21)
(0.003696 -0.00283886 0)
(0.00606866 -0.00351841 0)
(0.00863738 -0.0037609 4.03822e-21)
(0.0111667 -0.00388836 0)
(0.0140076 -0.00419536 2.9295e-21)
(0.016188 -0.00430336 -2.50665e-21)
(0.019731 -0.00433114 -0)
(0.0212049 -0.00388112 -2.14118e-21)
(0.024336 -0.00371676 -2.11045e-21)
(0.0250836 -0.00314348 -0)
(0.0268274 -0.00292829 0)
(0.028709 -0.00264703 0)
(0.0314886 -0.00243615 0)
(0.0325311 -0.00213691 -0)
(0.0331712 -0.00201933 1.58558e-21)
(0.0344952 -0.00183797 0)
(0.0362727 -0.00153314 -1.58417e-21)
(0.0376341 -0.00140973 -0)
(0.0388911 -0.00130861 -0)
(0.0401765 -0.00121189 1.55283e-21)
(0.0413424 -0.00113028 0)
(0.0424835 -0.00105913 -1.53677e-21)
(0.0435815 -0.000997738 -0)
(0.04464 -0.000944391 0)
(0.0456701 -0.000897595 -0)
(0.046673 -0.000856538 1.51168e-21)
(0.0476499 -0.000819871 0)
(0.0486084 -0.000786962 -0)
(0.049544 -0.000756977 1.49439e-21)
(0.0504647 -0.000729416 0)
(0.0513664 -0.000703621 1.48271e-21)
(0.0522539 -0.000679323 0)
(0.0531249 -0.000656041 0)
(0.0539817 -0.000633482 0)
(0.0548227 -0.000611375 -1.45751e-21)
(0.0556491 -0.00058953 -0)
(0.0564595 -0.000567759 0)
(0.0572545 -0.000545796 -1.43618e-21)
(0.058032 -0.000523648 -1.42847e-21)
(0.0587932 -0.000501045 -0)
(0.059535 -0.000477951 -1.41204e-21)
(0.0602585 -0.000454241 0)
(0.0609609 -0.00042975 -2.78818e-21)
(0.0616423 -0.000404359 -0)
(0.0623003 -0.000378067 -2.74885e-21)
(0.0629347 -0.000350536 -0)
(0.0635429 -0.000321681 2.7056e-21)
(0.0641242 -0.000291221 0)
(0.0646761 -0.000259048 0)
(0.0651975 -0.000225053 0)
(0.0656863 -0.000189239 -2.60635e-21)
(0.066141 -0.000151731 -0)
(0.0665605 -0.000113306 2.55054e-21)
(0.0669447 -7.57312e-05 0)
(0.0672953 -4.25376e-05 -2.49049e-21)
(0.0676134 -1.46664e-05 -2.4581e-21)
(0.0679015 1.10242e-05 -2.42422e-21)
(0.0681601 3.63296e-05 0)
(0.0683886 6.16308e-05 0)
(0.0685862 8.69582e-05 0)
(0.0687527 0.000112523 0)
(0.0688867 0.000138029 0)
(0.0689888 0.000163676 0)
(0.0690573 0.000189317 0)
(0.0690923 0.000215115 0)
(0.0690927 0.000240747 2.04284e-21)
(0.0690588 0.000266556 1.99124e-21)
(0.0689889 0.000292257 0)
(0.0688834 0.000318046 0)
(0.0687411 0.000343732 0)
(0.068562 0.000369566 1.7648e-21)
(0.0683449 0.000395251 0)
(0.0680902 0.000421065 0)
(0.0677963 0.000446886 0)
(0.0674632 0.000472776 0)
(0.0670902 0.000498686 -1.43368e-21)
(0.0666767 0.000524703 0)
(0.0662221 0.000550755 0)
(0.0657259 0.000576832 1.20668e-21)
(0.0651877 0.00060302 -1.12581e-21)
(0.0646067 0.000629205 0)
(0.0639827 0.000655487 -9.55669e-22)
(0.063315 0.000681621 0)
(0.0626038 0.000707846 7.735e-22)
(0.0618482 0.000733848 0)
(0.0610486 0.000759944 0)
(0.0602037 0.000785643 0)
(0.0593148 0.000811322 0)
(0.0583802 0.000836675 0)
(0.0574003 0.000862023 -2.86131e-22)
(0.0563748 0.000886826 -4.78629e-23)
(0.0553163 0.000911283 0)
(0.0542176 0.000934923 0)
(0.0530805 0.00095841 0)
(0.0518929 0.000980789 -1.00005e-21)
(0.0506786 0.00100327 0)
(0.0494063 0.00102443 0)
(0.0481097 0.0010447 0)
(0.0467717 0.00106433 -2.22496e-21)
(0.0454037 0.00108266 2.56319e-21)
(0.0440038 0.00110024 0)
(0.0425757 0.00111702 0)
(0.0411195 0.0011327 3.66696e-21)
(0.0396362 0.00114724 4.06756e-21)
(0.0381301 0.00116085 0)
(0.0366024 0.00117339 0)
(0.0350558 0.00118504 -5.38255e-21)
(0.0334917 0.00119561 5.86288e-21)
(0.0319125 0.00120512 0)
(0.03032 0.00121351 0)
(0.0287166 0.00122082 7.45371e-21)
(0.0271042 0.0012271 0)
(0.0254853 0.0012325 0)
(0.0238614 0.00123712 9.31729e-21)
(0.0222344 0.00124108 0)
(0.020606 0.00124448 1.07518e-20)
(0.0189782 0.00124749 0)
(0.0173524 0.00125019 0)
(0.0157302 0.00125277 0)
(0.0141125 0.00125537 -1.42519e-20)
(0.0125004 0.00125813 0)
(0.0108951 0.00126127 0)
(0.00929693 0.00126492 0)
(0.00770684 0.00126949 0)
(0.00612503 0.0012762 0)
(0.00455131 0.00128542 0)
(0.00298564 0.00129615 -2.39875e-20)
(0.00142852 0.00130652 -2.60468e-20)
(-0.000119878 0.00130275 0)
(-0.00165902 0.00127342 0)
(-0.00318659 0.00123253 0)
(-0.00470113 0.00119156 2.41438e-20)
(-0.00620056 0.00115096 0)
(-0.00768031 0.0011091 -4.43921e-20)
(-0.00913367 0.00106247 4.27623e-20)
(-0.0105419 0.00100749 4.13258e-20)
(-0.0118983 0.000927481 -4.00928e-20)
(-0.0130587 0.000822383 3.91005e-20)
(-0.0142897 0.000602699 -3.84644e-20)
(-0.0138215 0.000106676 0)
(-0.0161921 0.000316705 -2.38038e-18)
(-0.0198717 -0.000143477 -2.21718e-18)
(-0.0235378 -0.000623673 3.00927e-36)
(-0.0270063 -0.00104248 -3.92296e-18)
(-0.0305446 -0.00144642 -7.41814e-18)
(-0.0342533 -0.00185194 -3.51439e-18)
(-0.0381459 -0.00226403 3.33377e-18)
(-0.0422406 -0.00269007 2.40741e-35)
(-0.0465881 -0.00313733 0)
(-0.0512128 -0.00361047 2.85974e-18)
(-0.0561403 -0.0041136 2.71794e-18)
(-0.0614049 -0.00465111 0)
(-0.0670414 -0.00522669 0)
(-0.0730893 -0.00584521 0)
(-0.079616 -0.00651179 1.36357e-35)
(-0.0866128 -0.00723032 -5.35555e-35)
(-0.0943144 -0.00801279 8.12502e-35)
(-0.10243 -0.00885391 -3.56865e-18)
(-0.111815 -0.00978479 -3.28194e-18)
(-0.121158 -0.010788 -6.01853e-36)
(-0.133172 -0.0118818 5.25592e-18)
(-0.143679 -0.0131713 8.87284e-18)
(-0.161222 -0.0143811 6.01853e-36)
(-0.169524 -0.0162001 -4.37516e-18)
(-0.205643 -0.0172196 -2.70834e-35)
)
;
    }
    frontAndBack
    {
        type            empty;
    }
}


// ************************************************************************* //
