/*--------------------------------*- C++ -*----------------------------------*\
  =========                 |
  \\      /  F ield         | OpenFOAM: The Open Source CFD Toolbox
   \\    /   O peration     | Website:  https://openfoam.org
    \\  /    A nd           | Version:  8
     \\/     M anipulation  |
\*---------------------------------------------------------------------------*/
FoamFile
{
    version     2.0;
    format      ascii;
    class       volVectorField;
    location    "1300";
    object      wallShearStress;
}
// * * * * * * * * * * * * * * * * * * * * * * * * * * * * * * * * * * * * * //

dimensions      [0 2 -2 0 0 0 0];

internalField   uniform (0 0 0);

boundaryField
{
    inlet
    {
        type            calculated;
        value           uniform (0 0 0);
    }
    outlet
    {
        type            calculated;
        value           uniform (0 0 0);
    }
    upperWall
    {
        type            calculated;
        value           nonuniform List<vector> 
223
(
(-0.451326 -0.0381756 0)
(-0.517289 -0.0447618 0)
(-0.547917 -0.0329296 0)
(-0.545918 -0.0204478 0)
(-0.540455 -0.0121298 0)
(-0.529521 -0.00674468 0)
(-0.519019 -0.00342786 0)
(-0.507671 -0.00140463 0)
(-0.496689 -0.000188995 0)
(-0.486481 0.000531673 0)
(-0.47717 0.000944108 0)
(-0.46874 0.00116531 0)
(-0.461153 0.00126828 0)
(-0.454325 0.00130082 0)
(-0.448184 0.00129301 0)
(-0.442644 0.0012669 0)
(-0.437616 0.00123367 0)
(-0.433057 0.00124414 0)
(-0.429366 0.00129633 0)
(-0.42642 0.00133518 5.4037e-22)
(-0.423524 0.00133757 0)
(-0.420695 0.00131525 0)
(-0.41793 0.00127673 0)
(-0.415233 0.00122895 5.50978e-22)
(-0.412609 0.00117495 0)
(-0.41006 0.00111938 0)
(-0.407585 0.00106276 0)
(-0.405183 0.00100775 -1.1198e-21)
(-0.402853 0.000953773 1.12412e-21)
(-0.400593 0.000902641 1.12845e-21)
(-0.398401 0.000853693 0)
(-0.396275 0.000808197 -1.13715e-21)
(-0.394211 0.00076522 0)
(-0.392207 0.000725532 1.14598e-21)
(-0.390261 0.0006886 1.15046e-21)
(-0.38837 0.000654706 -1.15499e-21)
(-0.38653 0.000623402 0)
(-0.38474 0.000594554 0)
(-0.382997 0.000568047 0)
(-0.381299 0.000543909 0)
(-0.379641 0.000521866 -1.17828e-21)
(-0.378024 0.000501702 0)
(-0.376444 0.000483354 0)
(-0.3749 0.000466524 1.19278e-21)
(-0.37339 0.000451286 0)
(-0.371912 0.000437485 1.20262e-21)
(-0.370463 0.000424987 -1.20759e-21)
(-0.369043 0.000413723 1.21257e-21)
(-0.367649 0.000403544 0)
(-0.36628 0.000394503 0)
(-0.364935 0.000386414 0)
(-0.363612 0.000379373 1.23268e-21)
(-0.362308 0.000373278 -1.23773e-21)
(-0.361023 0.000368029 0)
(-0.359754 0.000363576 0)
(-0.358501 0.000359808 0)
(-0.357261 0.000356738 0)
(-0.356034 0.000354344 0)
(-0.354817 0.000352543 0)
(-0.353611 0.00035122 0)
(-0.352412 0.000350338 0)
(-0.351222 0.000350006 1.28257e-21)
(-0.350035 0.000350041 -1.28735e-21)
(-0.348855 0.000350336 0)
(-0.347676 0.000351002 0)
(-0.346501 0.000351984 0)
(-0.345325 0.000353163 -1.30569e-21)
(-0.344152 0.000354661 0)
(-0.342974 0.000356359 0)
(-0.341799 0.000358262 0)
(-0.340615 0.00036042 0)
(-0.339432 0.000362721 0)
(-0.338239 0.000365195 -2.65893e-21)
(-0.337043 0.000367918 0)
(-0.335837 0.000370778 0)
(-0.334624 0.000373895 0)
(-0.333398 0.000377314 0)
(-0.332169 0.000380834 0)
(-0.330908 0.00038496 0)
(-0.32967 0.000388662 0)
(-0.328356 0.00039548 2.70189e-21)
(-0.327106 0.000403233 0)
(-0.325729 0.000403833 0)
(-0.324466 0.000398467 0)
(-0.323005 0.000432857 -2.71222e-21)
(-0.321502 0.000420509 0)
(-0.320147 -0.000286162 -2.7088e-21)
(-0.31851 -0.000686229 0)
(-0.320697 -7.38621e-05 0)
(-0.319826 0.000426819 0)
(-0.318028 0.00179347 -2.7513e-21)
(-0.334463 0.00286338 0)
(-0.324727 0.00164949 2.82977e-21)
(-0.330326 0.000588131 2.89393e-21)
(-0.319171 0.000180458 0)
(-0.312996 0.000298944 2.80477e-21)
(-0.308521 6.09703e-05 0)
(-0.372662 -0.000480012 0)
(-0.389332 -0.000222241 0)
(-0.465786 0.00249368 -4.32878e-21)
(-0.412032 0.00183901 0)
(-0.372269 0.000205586 -3.42191e-21)
(-0.336607 0.00111185 3.09584e-21)
(-0.309367 0.00177239 0)
(-0.301208 0.000412612 0)
(-0.347463 -0.00148629 0)
(-0.386134 -0.000708005 0)
(-0.393633 -0.000139541 0)
(-0.380905 -0.000136805 0)
(-0.430809 0.00196798 0)
(-0.376379 0.00162079 -3.45561e-21)
(-0.339899 0.000935219 0)
(-0.298142 0.00237986 0)
(-0.287801 -9.25858e-05 0)
(-0.302785 0.00354378 0)
(-0.291671 0.00525649 0)
(-0.304049 2.66017e-05 0)
(-0.283106 -0.00042413 0)
(-0.332561 -0.000540104 0)
(-0.395091 -0.00233155 0)
(-0.375661 0.00408846 0)
(-0.325427 0.00565599 0)
(-0.292546 0.00294487 0)
(-0.286077 0.00506895 -4.33367e-21)
(-0.275222 0.0051277 0)
(-0.273849 0.00419474 0)
(-0.271963 0.00184826 0)
(-0.269958 0.00160276 3.80256e-21)
(-0.267673 0.00247332 0)
(-0.265201 0.00174985 0)
(-0.262653 0.000487184 3.48746e-21)
(-0.260464 -6.37907e-06 0)
(-0.258295 0.000659586 -3.2645e-21)
(-0.255651 0.000384501 0)
(-0.253615 -0.000361757 0)
(-0.251567 -0.000393718 0)
(-0.249355 6.12061e-05 2.71046e-21)
(-0.24711 -0.000862731 0)
(-0.244978 -0.00293258 -2.36384e-21)
(-0.262068 -0.00405742 0)
(-0.27237 -0.00297324 0)
(-0.272868 0.000376659 0)
(-0.238901 0.00212558 0)
(-0.238038 0.00185117 0)
(-0.237003 0.00146098 0)
(-0.235162 0.000127305 0)
(-0.233445 -0.00147712 0)
(-0.238752 -0.00257835 0)
(-0.24829 -0.000676315 0)
(-0.227344 -0.000463447 0)
(-0.233777 -0.00171068 1.22451e-21)
(-0.221671 0.00119043 -1.53562e-21)
(-0.221808 0.00139826 0)
(-0.227364 0.000644585 0)
(-0.219355 0.000428338 0)
(-0.218861 0.000999524 0)
(-0.21661 0.00109363 -3.321e-21)
(-0.212869 0.000350375 4.03505e-21)
(-0.245174 0.00119835 -5.01451e-21)
(-0.25203 4.95273e-05 0)
(-0.252136 -0.000494518 -6.5217e-21)
(-0.22786 0.00176738 -1.34045e-20)
(-0.202469 0.00114016 0)
(-0.198415 0.000906624 -1.43814e-20)
(-0.199206 0.00353154 1.41457e-20)
(-0.198191 0.00236223 0)
(-0.196108 0.000662155 0)
(-0.20732 -0.00109343 0)
(-0.198754 -0.00215138 0)
(-0.185381 -0.001657 0)
(-0.181187 -0.000980524 -2.32619e-20)
(-0.177137 -0.000680532 0)
(-0.173666 -0.000335026 -2.64847e-20)
(-0.169739 -0.000272149 0)
(-0.166779 -0.000379939 0)
(-0.164376 -0.000553864 0)
(-0.161792 0.000975869 0)
(-0.163869 0.00331386 0)
(-0.175044 0.00340354 3.3488e-20)
(-0.170658 0.00211811 0)
(-0.171211 0.000981974 0)
(-0.169108 7.85594e-05 -3.65706e-20)
(-0.165509 -0.000309053 0)
(-0.162219 -0.000230046 0)
(-0.158931 -5.32067e-05 0)
(-0.154955 5.65116e-05 4.63079e-20)
(-0.149438 0.000115153 0)
(-0.141627 0.000332187 0)
(-0.131638 0.000717415 0)
(-0.120581 0.00109812 0)
(-0.109805 0.00128007 -7.68985e-20)
(-0.100683 0.00117264 0)
(-0.0934179 0.000985709 0)
(-0.0874659 0.00082603 0)
(-0.082316 0.000874217 1.07145e-19)
(-0.0747821 0.00108932 0)
(-0.0704184 0.00180239 0)
(-0.0419572 0.00156646 -1.49152e-19)
(-0.0728958 0.00100177 6.01853e-36)
(-0.107109 0.00632922 1.29156e-17)
(-0.130425 0.0106956 2.32836e-17)
(-0.142861 0.0132628 2.19512e-17)
(-0.150334 0.0147013 2.11341e-17)
(-0.156103 0.015592 2.04576e-17)
(-0.160696 0.0162254 -1.98768e-17)
(-0.164354 0.0166906 -1.93378e-17)
(-0.167384 0.0170546 -1.20371e-35)
(-0.170301 0.0173543 -3.66945e-17)
(-0.173282 0.0176423 -1.78461e-17)
(-0.176567 0.0179383 9.14817e-34)
(-0.180137 0.0182676 0)
(-0.184203 0.0186328 -3.22386e-17)
(-0.188726 0.0190462 -3.08466e-17)
(-0.193886 0.019514 -2.92952e-17)
(-0.199641 0.020042 0)
(-0.206118 0.0206351 5.12386e-17)
(-0.213478 0.02131 2.34333e-17)
(-0.221499 0.0220512 2.40741e-35)
(-0.231337 0.0229461 -3.63665e-17)
(-0.240428 0.0238167 -1.19977e-20)
(-0.25626 0.0251823 -6.01853e-36)
(-0.260744 0.0259831 1.35937e-17)
(-0.291218 0.0278786 -7.6483e-18)
)
;
    }
    lowerWall
    {
        type            calculated;
        value           nonuniform List<vector> 
250
(
(-0.620282 0.0537612 0)
(-0.6227 0.0605114 0)
(-0.627411 0.0369574 0)
(-0.585093 0.0200455 0)
(-0.616794 0.011498 0)
(-0.538851 0.00524277 0)
(-0.802417 -0.00623806 0)
(-0.670823 -0.00692784 0)
(-0.602995 -0.000504391 0)
(-0.541546 2.04709e-05 0)
(-0.505016 0.0027423 0)
(-0.482495 0.00318694 0)
(-0.560959 5.84643e-05 0)
(-0.598514 -0.0026204 0)
(-0.519389 -0.00118729 0)
(-0.482133 -0.00112681 0)
(-0.45701 -0.000953894 0)
(-0.582014 0.000829482 0)
(0.00290048 -0.00728903 0)
(0.00300372 -0.0111895 0)
(0.00309926 -0.0149463 0)
(0.00318292 -0.0185056 6.80502e-20)
(0.00322922 -0.0216871 -6.03677e-20)
(0.00355338 -0.0246006 5.42746e-20)
(0.00431037 -0.0247642 -4.97427e-20)
(0.00882026 -0.0428367 0)
(-0.0646853 -0.154296 0)
(0.000210047 -0.000252493 0)
(7.6515e-05 -0.000749026 0)
(2.02591e-05 -0.000884665 0)
(5.65676e-05 -0.000936932 0)
(-2.37209e-05 -0.00073199 1.54397e-19)
(-0.000353555 0.000209889 -1.35425e-19)
(-0.00101101 0.00248396 0)
(-0.00162169 0.00608695 -1.4117e-19)
(-0.00175046 0.00991304 1.11911e-19)
(-0.00138859 0.012958 0)
(-0.000777966 0.0147338 0)
(-0.000141648 0.015121 0)
(0.000392457 0.0142408 0)
(0.000866051 0.0124557 0)
(0.00134687 0.00976954 0)
(0.00185235 0.00626214 0)
(0.00238829 0.00206379 0)
(0.00278054 -0.00272801 0)
(-0.000131282 -0.00025805 0)
(0.000159944 -0.000414758 0)
(0.000446938 -0.000456093 0)
(0.000727135 -0.000379586 0)
(0.000922986 -0.000158966 -0)
(0.000912426 0.000177603 -0)
(0.000651662 0.000557851 1.58731e-20)
(0.000172191 0.000881683 -1.73279e-20)
(-0.000443968 0.00107387 -0)
(-0.001107 0.001115 -1.04701e-20)
(-0.00174385 0.0010234 -0)
(-0.00229627 0.000830864 0)
(-0.00272606 0.00057307 -0)
(-0.00301238 0.00028066 6.287e-21)
(-0.0031482 -2.6275e-05 0)
(-0.0031229 -0.000324082 0)
(-0.0029423 -0.000580499 -6.38967e-21)
(-0.00262974 -0.000766693 -0)
(-0.00221844 -0.000860444 0)
(-0.00175087 -0.000848215 -0)
(-0.00127943 -0.000731658 9.98275e-21)
(-0.000858508 -0.000532798 0)
(-0.00053163 -0.000291738 1.46263e-20)
(-0.000319815 -5.09736e-05 0)
(-0.000224835 0.00016975 0)
(-0.000253581 0.000356586 2.01427e-20)
(-0.000391387 0.00050628 0)
(-0.000628306 0.000637358 -1.47681e-20)
(-0.000969148 0.000736371 0)
(-0.001368 0.000748041 1.03635e-20)
(-0.0017252 0.000657044 0)
(-0.00197366 0.000522052 0)
(-0.00209317 0.000429619 0)
(-0.00214652 0.000463241 0)
(-0.00218859 0.000579305 0)
(-0.00221119 0.000631747 -7.83905e-21)
(-0.00205275 0.000366775 0)
(-0.00146089 -0.000303558 1.91861e-20)
(-0.000256144 -0.00100732 0)
(0.00138734 -0.00171456 -1.06096e-20)
(0.00329013 -0.00253225 0)
(0.00556766 -0.00322092 0)
(0.00805908 -0.00363625 3.99721e-21)
(0.0105834 -0.00395997 0)
(0.0131283 -0.00422803 2.81519e-21)
(0.0157079 -0.00436816 -2.48986e-21)
(0.0184783 -0.00433249 -0)
(0.0211804 -0.0039561 -2.21025e-21)
(0.0227297 -0.0035194 -2.01213e-21)
(0.0254395 -0.00335715 -0)
(0.0274998 -0.00318209 0)
(0.0301365 -0.00293988 0)
(0.029649 -0.00233775 0)
(0.0314427 -0.0021507 -0)
(0.0324433 -0.0018779 1.59011e-21)
(0.0343068 -0.00166017 0)
(0.0358597 -0.00153224 -1.56947e-21)
(0.0371772 -0.00143664 -0)
(0.0385395 -0.00132194 -0)
(0.0397867 -0.00122343 1.53586e-21)
(0.0409642 -0.00113823 0)
(0.0421247 -0.00106644 -1.52022e-21)
(0.043213 -0.00100407 -0)
(0.0442883 -0.000950356 0)
(0.045317 -0.000903449 -0)
(0.0463284 -0.000862446 1.49453e-21)
(0.0473097 -0.000826121 0)
(0.0482743 -0.000793741 -0)
(0.0492166 -0.000764366 1.47704e-21)
(0.0501443 -0.000737649 0)
(0.0510539 -0.000712713 1.46529e-21)
(0.05195 -0.000689449 0)
(0.0528303 -0.000667181 0)
(0.0536977 -0.00064571 0)
(0.0545496 -0.000624706 -1.44018e-21)
(0.0553886 -0.000603986 -0)
(0.0562116 -0.000583254 0)
(0.057021 -0.000562291 -1.41925e-21)
(0.0578128 -0.000541042 -1.41173e-21)
(0.0585898 -0.000519184 -0)
(0.0593468 -0.000496766 -1.39584e-21)
(0.0600875 -0.000473512 0)
(0.060806 -0.000449374 -2.75722e-21)
(0.0615052 -0.00042409 -0)
(0.0621796 -0.000397822 -2.71967e-21)
(0.0628322 -0.000369986 -0)
(0.0634566 -0.000340701 2.67854e-21)
(0.064055 -0.000309442 0)
(0.0646219 -0.000276277 0)
(0.0651582 -0.000241303 0)
(0.0656607 -0.000204624 -2.5839e-21)
(0.0661297 -0.000166173 -0)
(0.0665621 -0.000126705 2.53052e-21)
(0.0669584 -8.77701e-05 0)
(0.0673184 -5.23629e-05 -2.473e-21)
(0.0676454 -2.26259e-05 -2.44181e-21)
(0.0679399 3.93463e-06 -2.40898e-21)
(0.0682046 3.02485e-05 0)
(0.0684368 5.62336e-05 0)
(0.0686381 8.22308e-05 0)
(0.0688067 0.000108288 0)
(0.0689426 0.00013433 0)
(0.0690453 0.000160446 0)
(0.0691139 0.000186489 0)
(0.0691485 0.000212608 0)
(0.0691479 0.000238654 2.03374e-21)
(0.0691125 0.000264745 1.9825e-21)
(0.0690409 0.000290704 0)
(0.0689337 0.00031679 0)
(0.0687891 0.000342815 0)
(0.0686076 0.000368932 1.75684e-21)
(0.0683878 0.000394918 0)
(0.0681303 0.000421028 0)
(0.0678335 0.000447092 0)
(0.0674978 0.000473226 0)
(0.0671218 0.000499322 -1.425e-21)
(0.0667058 0.00052546 0)
(0.0662488 0.000551528 0)
(0.0657508 0.000577631 1.19653e-21)
(0.0652111 0.000603699 -1.11503e-21)
(0.0646293 0.000629673 0)
(0.0640054 0.000655561 -9.43436e-22)
(0.0633387 0.000681362 0)
(0.0626293 0.000707024 7.59703e-22)
(0.0618767 0.000732424 0)
(0.0610816 0.000757682 0)
(0.0602428 0.000782641 0)
(0.0593611 0.000807338 0)
(0.058436 0.000831653 0)
(0.0574676 0.000855739 -2.51285e-22)
(0.0564549 0.000879354 -1.25739e-23)
(0.055408 0.000902592 0)
(0.0543216 0.000925289 0)
(0.0531947 0.000947325 0)
(0.0520345 0.00096943 -1.03413e-21)
(0.0508191 0.000990306 0)
(0.0495865 0.00101098 0)
(0.0482914 0.0010306 0)
(0.0469819 0.00104942 -2.25141e-21)
(0.0456265 0.0010679 2.5864e-21)
(0.0442452 0.00108528 0)
(0.042833 0.00110218 0)
(0.0413928 0.00111815 3.67954e-21)
(0.039925 0.00113325 4.07617e-21)
(0.0384307 0.00114746 0)
(0.0369139 0.001161 0)
(0.0353757 0.00117378 -5.37896e-21)
(0.033818 0.00118582 5.85552e-21)
(0.0322428 0.00119692 0)
(0.0306524 0.00120711 0)
(0.0290488 0.00121642 7.43625e-21)
(0.0274344 0.00122486 0)
(0.025811 0.00123249 0)
(0.0241806 0.00123933 9.29348e-21)
(0.0225451 0.00124544 0)
(0.0209063 0.00125091 1.0727e-20)
(0.0192664 0.00125586 0)
(0.0176269 0.00126037 0)
(0.0159896 0.0012646 0)
(0.0143557 0.00126865 -1.42354e-20)
(0.0127267 0.00127271 0)
(0.0111036 0.00127691 0)
(0.00948745 0.00128147 0)
(0.00787904 0.00128668 0)
(0.00627902 0.00129373 0)
(0.0046873 0.00130305 0)
(0.00310401 0.00131384 -2.40271e-20)
(0.00152983 0.0013243 -2.61e-20)
(-3.56674e-05 0.00132147 0)
(-0.00159249 0.00129258 0)
(-0.00313721 0.00125072 0)
(-0.00466742 0.0012084 2.42933e-20)
(-0.00618097 0.00116636 0)
(-0.00767305 0.00112303 -4.46476e-20)
(-0.00913686 0.00107492 4.30029e-20)
(-0.0105534 0.00101842 4.1555e-20)
(-0.0119159 0.00093693 -4.03127e-20)
(-0.0130805 0.000830201 3.93131e-20)
(-0.0143125 0.000609149 -3.86715e-20)
(-0.0138469 0.000113101 0)
(-0.0162164 0.000320762 -2.39318e-18)
(-0.0198903 -0.000139275 -2.2293e-18)
(-0.0235467 -0.000620699 0)
(-0.0270046 -0.00104017 -3.94477e-18)
(-0.0305301 -0.00144345 -7.4594e-18)
(-0.0342231 -0.00184765 -3.5338e-18)
(-0.0380988 -0.00225847 3.35204e-18)
(-0.0421748 -0.00268295 -4.81482e-35)
(-0.0465014 -0.00312856 0)
(-0.051104 -0.00359978 2.87434e-18)
(-0.056009 -0.00410108 2.73129e-18)
(-0.0612486 -0.00463619 0)
(-0.0668616 -0.00520969 0)
(-0.072883 -0.00582587 0)
(-0.0793853 -0.00648998 -1.4247e-35)
(-0.0863583 -0.00720586 -4.90416e-35)
(-0.0940325 -0.0079851 4.81482e-35)
(-0.102128 -0.00882402 -3.57972e-18)
(-0.111476 -0.00975021 -3.29067e-18)
(-0.120827 -0.0107548 6.01853e-36)
(-0.13273 -0.0118354 5.26363e-18)
(-0.143487 -0.0131498 8.90194e-18)
(-0.160633 -0.0143195 -1.20371e-35)
(-0.169282 -0.0161713 -4.38794e-18)
(-0.205118 -0.0171675 -2.40741e-35)
)
;
    }
    frontAndBack
    {
        type            empty;
    }
}


// ************************************************************************* //
