/*--------------------------------*- C++ -*----------------------------------*\
  =========                 |
  \\      /  F ield         | OpenFOAM: The Open Source CFD Toolbox
   \\    /   O peration     | Website:  https://openfoam.org
    \\  /    A nd           | Version:  8
     \\/     M anipulation  |
\*---------------------------------------------------------------------------*/
FoamFile
{
    version     2.0;
    format      ascii;
    class       volVectorField;
    location    "2200";
    object      wallShearStress;
}
// * * * * * * * * * * * * * * * * * * * * * * * * * * * * * * * * * * * * * //

dimensions      [0 2 -2 0 0 0 0];

internalField   uniform (0 0 0);

boundaryField
{
    inlet
    {
        type            calculated;
        value           uniform (0 0 0);
    }
    outlet
    {
        type            calculated;
        value           uniform (0 0 0);
    }
    upperWall
    {
        type            calculated;
        value           nonuniform List<vector> 
223
(
(-0.582193 -0.392359 0)
(-0.977814 -0.219377 0)
(-0.939336 -0.0567747 0)
(-0.81071 -0.00585788 0)
(-0.734594 0.00331369 0)
(-0.695452 0.00231538 0)
(-0.67094 0.000423844 0)
(-0.653507 -0.00144911 0)
(-0.640541 -0.00256665 0)
(-0.629803 -0.00217446 0)
(-0.620131 -0.00134628 0)
(-0.610877 -0.000985391 0)
(-0.603117 -0.00162849 0)
(-0.597037 -0.00155646 0)
(-0.590588 0.000503119 0)
(-0.584432 0.000995828 0)
(-0.579766 -0.000253799 0)
(-0.575244 0.00084827 0)
(-0.570774 0.00257134 0)
(-0.56739 0.0018851 4.24274e-22)
(-0.564544 0.00135773 0)
(-0.56176 0.00189275 0)
(-0.558824 0.00238409 0)
(-0.555902 0.00316726 4.48924e-22)
(-0.552843 0.00334902 0)
(-0.549945 0.00356404 0)
(-0.546993 0.00363041 0)
(-0.544049 0.00343103 -9.35311e-22)
(-0.541234 0.00312409 9.45629e-22)
(-0.538514 0.00275809 9.56075e-22)
(-0.535844 0.00245756 0)
(-0.533197 0.00219383 -9.79277e-22)
(-0.53056 0.00193388 0)
(-0.527949 0.00173211 1.00382e-21)
(-0.525327 0.00156451 1.01632e-21)
(-0.52269 0.00143814 -1.02908e-21)
(-0.520028 0.00133561 0)
(-0.517344 0.00125396 0)
(-0.51464 0.00119089 0)
(-0.511909 0.0011426 0)
(-0.509151 0.0011061 -1.09212e-21)
(-0.506363 0.00107943 0)
(-0.503542 0.00106059 0)
(-0.500687 0.00104827 1.13186e-21)
(-0.497795 0.00104145 0)
(-0.494861 0.00103916 1.15839e-21)
(-0.491882 0.00104058 -1.1714e-21)
(-0.488855 0.0010449 1.18414e-21)
(-0.485777 0.00105199 0)
(-0.482646 0.00106002 0)
(-0.47946 0.00106843 0)
(-0.476222 0.00107665 1.23138e-21)
(-0.472935 0.0010832 -1.24197e-21)
(-0.469612 0.00108822 0)
(-0.466268 0.00109292 0)
(-0.462918 0.00109781 0)
(-0.459572 0.00110196 0)
(-0.456236 0.00110434 0)
(-0.452911 0.00110413 0)
(-0.449592 0.00110137 0)
(-0.446271 0.00109673 0)
(-0.442939 0.00109137 1.29211e-21)
(-0.439584 0.00108641 -1.29188e-21)
(-0.436194 0.00108251 0)
(-0.43276 0.00108042 0)
(-0.429269 0.00108032 0)
(-0.425715 0.00108233 -1.27848e-21)
(-0.422087 0.00108635 0)
(-0.418378 0.001092 0)
(-0.414585 0.00109894 0)
(-0.410702 0.00110678 0)
(-0.406725 0.00111508 0)
(-0.402653 0.00112338 -2.43454e-21)
(-0.398484 0.00113111 0)
(-0.39422 0.00113761 0)
(-0.389866 0.00114249 0)
(-0.385424 0.00114552 0)
(-0.380905 0.00114658 0)
(-0.376319 0.00114555 0)
(-0.37168 0.00114208 0)
(-0.366999 0.001136 2.09548e-21)
(-0.362286 0.00112712 0)
(-0.357549 0.00111552 0)
(-0.352793 0.00110155 0)
(-0.348019 0.00108564 -1.83984e-21)
(-0.343229 0.00106845 0)
(-0.33842 0.0010506 -1.69042e-21)
(-0.333588 0.00103266 0)
(-0.328729 0.00101555 0)
(-0.323835 0.00100001 0)
(-0.319024 0.000992167 -1.35123e-21)
(-0.316383 0.00100133 0)
(-0.313659 0.00101521 1.18076e-21)
(-0.310854 0.00102983 1.09008e-21)
(-0.307974 0.00104301 0)
(-0.305029 0.00105386 8.96392e-22)
(-0.302032 0.00106265 0)
(-0.298995 0.00106996 0)
(-0.295934 0.00107711 0)
(-0.292862 0.00108443 -4.54994e-22)
(-0.289793 0.00109335 0)
(-0.286743 0.00110127 -2.05623e-22)
(-0.283721 0.00110871 7.36305e-23)
(-0.280739 0.00111646 0)
(-0.277809 0.00110314 0)
(-0.274928 0.00111766 0)
(-0.272127 0.00111828 0)
(-0.269388 0.00107948 0)
(-0.26674 0.00108638 0)
(-0.264188 0.00120232 0)
(-0.261752 0.00108886 1.14389e-21)
(-0.259355 0.00120134 0)
(-0.257271 0.00139361 0)
(-0.255271 0.00125363 0)
(-0.253104 0.00115669 0)
(-0.251092 0.000679028 0)
(-0.248814 0.00047016 0)
(-0.246677 0.000535244 0)
(-0.244593 0.000968458 0)
(-0.242694 0.00136583 0)
(-0.241 0.00131369 0)
(-0.239182 0.000761742 0)
(-0.237168 1.11619e-05 0)
(-0.235055 0.000106457 7.2438e-21)
(-0.23337 0.000298182 0)
(-0.231822 0.000366719 0)
(-0.230151 0.000474808 0)
(-0.22871 0.000505144 -8.8279e-21)
(-0.227069 0.000604972 0)
(-0.225752 0.000671491 0)
(-0.224257 0.00052834 -1.00632e-20)
(-0.222909 0.000935166 0)
(-0.221566 0.00127986 1.08407e-20)
(-0.22061 0.00112057 0)
(-0.219408 0.00100401 0)
(-0.218487 0.000906945 0)
(-0.21716 0.000804502 -1.25161e-20)
(-0.216111 0.000649007 0)
(-0.215234 0.000538918 1.33007e-20)
(-0.214244 0.000475325 0)
(-0.213119 0.000584958 0)
(-0.212006 0.000587737 0)
(-0.211034 0.000458058 0)
(-0.210251 0.000394533 0)
(-0.209334 0.000139167 0)
(-0.208059 0.00019983 0)
(-0.207129 0.000527225 0)
(-0.206242 -5.4951e-05 0)
(-0.204938 -0.000524659 0)
(-0.203818 -0.000201053 0)
(-0.202823 -0.000135026 1.85823e-20)
(-0.202451 -4.21459e-05 -1.88428e-20)
(-0.201581 0.000136191 0)
(-0.200961 0.000167604 0)
(-0.200157 0.000248835 0)
(-0.199312 0.000194954 0)
(-0.199065 0.000177433 -2.08817e-20)
(-0.198577 0.000225521 2.13264e-20)
(-0.198223 0.000207869 -2.17188e-20)
(-0.19759 0.000315399 0)
(-0.197036 0.00035154 -2.25591e-20)
(-0.196623 0.000383206 -4.582e-20)
(-0.19623 0.00076088 0)
(-0.195772 0.000770829 -4.74551e-20)
(-0.195347 0.00061971 4.83043e-20)
(-0.195208 0.000530259 0)
(-0.194536 0.000482164 0)
(-0.194579 0.000488658 0)
(-0.194613 0.000376303 0)
(-0.19379 0.000228908 0)
(-0.193368 0.000237469 -5.3286e-20)
(-0.192965 0.000360687 0)
(-0.192705 0.000220836 -5.48142e-20)
(-0.192601 0.00021833 0)
(-0.191963 0.000148868 0)
(-0.191179 0.000210339 0)
(-0.1908 0.000357295 0)
(-0.190294 -0.000110713 0)
(-0.189037 -0.000408964 6.12047e-20)
(-0.187883 -0.00017801 0)
(-0.187586 -5.36452e-06 0)
(-0.1865 0.000129483 -6.43986e-20)
(-0.185673 0.000260598 0)
(-0.184896 0.000363517 0)
(-0.184043 0.00057529 0)
(-0.183142 0.000417474 6.86487e-20)
(-0.181739 0.000124951 0)
(-0.180201 0.000221446 0)
(-0.17913 0.000355436 0)
(-0.177022 0.000494579 0)
(-0.174749 0.000448276 -7.75099e-20)
(-0.172853 0.000520201 0)
(-0.16946 0.000714643 0)
(-0.165599 0.000845102 0)
(-0.161099 0.00103816 8.84396e-20)
(-0.154205 0.0013145 0)
(-0.14785 0.00230609 0)
(-0.122685 0.00236145 -1.08191e-19)
(-0.140664 0.00688356 6.01853e-36)
(-0.169021 0.0134904 1.24999e-17)
(-0.186446 0.0172403 2.3576e-17)
(-0.193111 0.0189661 2.26811e-17)
(-0.196657 0.0197634 2.20075e-17)
(-0.200467 0.020332 2.12165e-17)
(-0.205186 0.0210078 -2.02418e-17)
(-0.209604 0.0215012 -1.95216e-17)
(-0.213949 0.0218664 0)
(-0.217579 0.0219937 -3.6837e-17)
(-0.219883 0.0221793 -1.80904e-17)
(-0.224552 0.0227175 5.47686e-34)
(-0.227445 0.0229083 -1.20371e-35)
(-0.231065 0.0233687 -3.22717e-17)
(-0.235463 0.0239537 -3.06565e-17)
(-0.242444 0.0247995 -2.84648e-17)
(-0.249627 0.0254576 0)
(-0.256934 0.0260738 4.94022e-17)
(-0.26395 0.0266501 2.26465e-17)
(-0.272776 0.0274475 1.20371e-35)
(-0.282669 0.0283572 -3.48616e-17)
(-0.291228 0.0290021 -1.58579e-20)
(-0.300799 0.0295573 0)
(-0.30538 0.0305116 1.34127e-17)
(-0.332966 0.0321996 -7.62531e-18)
)
;
    }
    lowerWall
    {
        type            calculated;
        value           nonuniform List<vector> 
250
(
(-0.653909 0.466638 0)
(-1.14095 0.204678 0)
(-1.03492 0.0379587 0)
(-0.869573 -0.000935958 0)
(-0.786941 -0.00419158 0)
(-0.746063 -0.00160777 0)
(-0.719879 0.000416268 0)
(-0.700646 -0.000651655 0)
(-0.68509 -0.00405579 0)
(-0.67132 -0.00471202 0)
(-0.658936 -0.00298796 0)
(-0.647723 -0.000863938 0)
(-0.63752 0.0014265 0)
(-0.628195 0.00210448 0)
(-0.619328 0.00136852 0)
(-0.611531 0.00135902 0)
(-0.6046 0.00169647 0)
(-0.605074 0.00195242 0)
(-0.00423749 -0.0229337 0)
(-0.00277608 -0.0177723 0)
(-0.000718272 -0.0145962 0)
(0.00189325 -0.013872 8.99559e-20)
(0.00521686 -0.0152532 -7.84917e-20)
(0.00891392 -0.0208519 6.27939e-20)
(0.0126904 -0.0200642 -4.8462e-20)
(0.025626 -0.0632819 0)
(-0.0839644 -0.1447 0)
(0.00088104 -0.00384557 0)
(-0.00766468 0.00953132 0)
(-0.00852263 0.0328179 0)
(-0.00255788 0.0448687 0)
(0.00294772 0.0442894 1.82197e-20)
(0.00617872 0.0360971 -1.8959e-20)
(0.00818349 0.0242004 0)
(0.00945694 0.0102019 -5.41661e-20)
(0.00943157 -0.00400153 6.1144e-20)
(0.00793586 -0.0173824 0)
(0.00614407 -0.0291572 0)
(0.00438439 -0.0385285 0)
(0.00268968 -0.0451103 0)
(0.000988912 -0.0488543 0)
(-0.000881995 -0.0494967 0)
(-0.00281677 -0.0463974 0)
(-0.00437415 -0.039907 0)
(-0.00490411 -0.0308454 0)
(0.0013296 -0.00151713 0)
(0.00134188 0.00652749 0)
(-0.00450635 0.00962123 0)
(-0.00959614 0.00976097 0)
(-0.0133846 0.00830482 0)
(-0.0158934 0.00624058 0)
(-0.0172708 0.00410255 1.49522e-21)
(-0.0177913 0.00201046 -1.52666e-21)
(-0.017342 -3.38452e-06 0)
(-0.016066 -0.00168427 -1.65225e-21)
(-0.014201 -0.00283799 0)
(-0.0120617 -0.00329966 0)
(-0.010059 -0.00304102 -0)
(-0.00855765 -0.00228507 2.56951e-21)
(-0.0076189 -0.00142472 0)
(-0.0069413 -0.000812101 0)
(-0.0061266 -0.000612422 -3.37568e-21)
(-0.00500312 -0.000979676 0)
(-0.00343042 -0.00235073 0)
(-0.000536378 -0.00503679 0)
(0.00432451 -0.00739962 3.04727e-21)
(0.00991113 -0.00889237 0)
(0.0158131 -0.00985125 1.47139e-21)
(0.0218618 -0.0106156 0)
(0.0280667 -0.0112687 -0)
(0.0343789 -0.0115164 8.45144e-22)
(0.040514 -0.0113575 0)
(0.0491061 -0.0116033 -7.54014e-22)
(0.0588978 -0.0117568 -0)
(0.0685941 -0.0115853 7.70669e-22)
(0.0780058 -0.0111722 0)
(0.0869819 -0.0105877 0)
(0.0954295 -0.00989379 0)
(0.10329 -0.00914018 -0)
(0.11054 -0.00836409 0)
(0.117176 -0.00759272 -8.11141e-22)
(0.123212 -0.00684324 -0)
(0.12867 -0.00612511 1.63307e-21)
(0.133577 -0.00544258 0)
(0.137961 -0.00479612 -1.63495e-21)
(0.141848 -0.00418373 -0)
(0.145262 -0.00360283 -0)
(0.148223 -0.00305077 1.62105e-21)
(0.15075 -0.00252526 0)
(0.152857 -0.00202502 1.60084e-21)
(0.154556 -0.00155111 -1.58753e-21)
(0.155858 -0.00110698 -0)
(0.156777 -0.000699384 -1.55492e-21)
(0.157324 -0.000338343 -1.53588e-21)
(0.15751 -4.02164e-05 -0)
(0.157405 0.000194542 0)
(0.157074 0.000391358 0)
(0.15652 0.000568018 0)
(0.155759 0.000730945 -0)
(0.154798 0.000884012 1.37583e-21)
(0.153646 0.00102814 0)
(0.15231 0.00116397 -1.30705e-21)
(0.150797 0.00129156 -0)
(0.149114 0.0014111 -0)
(0.14727 0.00152279 1.1906e-21)
(0.14527 0.00162632 0)
(0.143125 0.00172176 -1.1049e-21)
(0.140841 0.00180926 -0)
(0.138428 0.00188854 0)
(0.135894 0.00195974 -0)
(0.133248 0.00202302 9.16875e-22)
(0.1305 0.00207836 0)
(0.127658 0.00212589 -0)
(0.124732 0.00216577 7.63834e-22)
(0.121731 0.00219824 0)
(0.118664 0.00222348 6.57302e-22)
(0.11554 0.00224167 0)
(0.112369 0.00225311 0)
(0.109159 0.00225809 0)
(0.105918 0.00225683 -4.3622e-22)
(0.102655 0.00224973 -0)
(0.0993788 0.00223704 0)
(0.0960962 0.00221911 -2.65615e-22)
(0.0928148 0.00219626 -2.08163e-22)
(0.0895421 0.00216884 -0)
(0.0862844 0.00213723 -9.26908e-23)
(0.0830486 0.00210172 -0)
(0.07984 0.00206274 4.65412e-23)
(0.0766647 0.00202056 -0)
(0.0735278 0.00197573 2.78966e-22)
(0.0704339 0.00192878 0)
(0.067387 0.00188022 -5.11653e-22)
(0.0643913 0.00183081 -0)
(0.0614498 0.00178157 0)
(0.0585651 0.00173381 -0)
(0.0557392 0.0016892 9.78431e-22)
(0.0529734 0.00164989 0)
(0.0502681 0.00161811 -1.21388e-21)
(0.0476219 0.00159482 0)
(0.0457838 0.00160349 1.47566e-21)
(0.0442412 0.00162106 1.63418e-21)
(0.0427021 0.00162593 1.79911e-21)
(0.0411748 0.00161301 0)
(0.0396645 0.00158968 0)
(0.0381708 0.00156404 0)
(0.0366924 0.00153821 0)
(0.0352297 0.00151249 0)
(0.0337824 0.0014869 0)
(0.0323516 0.00146141 0)
(0.0309374 0.00143618 0)
(0.0295405 0.00141137 -3.69198e-21)
(0.028161 0.00138717 -3.96766e-21)
(0.0267994 0.00136373 0)
(0.0254555 0.00134075 0)
(0.0241301 0.00131669 0)
(0.0228243 0.00129179 -5.26766e-21)
(0.0215383 0.00126761 0)
(0.0202715 0.00124395 0)
(0.0190246 0.00122086 0)
(0.0177972 0.00119844 0)
(0.0165897 0.00117671 7.53637e-21)
(0.0154018 0.00115576 0)
(0.0142337 0.00113568 0)
(0.0130852 0.00111656 -9.45524e-21)
(0.0119562 0.00109845 1.02328e-20)
(0.0108466 0.00108144 0)
(0.00975652 0.00106581 1.20692e-20)
(0.00868576 0.00105223 0)
(0.00763392 0.00104185 -1.44076e-20)
(0.0066004 0.00103496 0)
(0.00558481 0.00103055 0)
(0.00458715 0.00102834 0)
(0.00360693 0.00102863 0)
(0.00264376 0.00103166 0)
(0.00169805 0.00103739 5.57108e-20)
(0.000771332 0.00104297 6.42207e-20)
(-0.000138437 0.00103025 0)
(-0.00103568 0.000987422 0)
(-0.00191745 0.000935031 0)
(-0.00278372 0.000885537 -5.28909e-20)
(-0.00363437 0.00084062 0)
(-0.00446924 0.000799873 0)
(-0.00528869 0.000762806 0)
(-0.00609328 0.00072893 -4.04177e-20)
(-0.0068836 0.000697782 3.83675e-20)
(-0.00766012 0.000668988 0)
(-0.00842333 0.000642243 0)
(-0.00917368 0.000617297 3.36198e-20)
(-0.00991159 0.000593954 3.23795e-20)
(-0.0106375 0.000572054 0)
(-0.0113519 0.000551453 0)
(-0.0120551 0.000532041 -2.93542e-20)
(-0.0127476 0.000513722 2.85264e-20)
(-0.0134298 0.000496413 0)
(-0.0141021 0.000480045 0)
(-0.014765 0.000464559 2.64365e-20)
(-0.0154188 0.0004499 0)
(-0.0160641 0.000436021 0)
(-0.0167013 0.000422886 2.4791e-20)
(-0.0173309 0.000410455 0)
(-0.0179532 0.00039869 2.38751e-20)
(-0.0185688 0.000387568 0)
(-0.0191782 0.000377052 0)
(-0.0197817 0.000367112 0)
(-0.0203799 0.000357718 -2.23591e-20)
(-0.0209732 0.000348838 0)
(-0.0215621 0.000340422 0)
(-0.0221467 0.000332427 0)
(-0.0227276 0.000324799 0)
(-0.023305 0.000317438 0)
(-0.0238788 0.000310212 0)
(-0.0244487 0.000303033 -2.0386e-20)
(-0.0250149 0.000295673 -2.01557e-20)
(-0.0255759 0.000287817 0)
(-0.0261306 0.000279171 0)
(-0.026677 0.00026914 0)
(-0.0272112 0.000256992 1.93609e-20)
(-0.0277285 0.000241519 0)
(-0.0282203 0.000221283 -3.81358e-20)
(-0.0286772 0.000192234 3.79294e-20)
(-0.0290701 0.000152614 3.78203e-20)
(-0.0294014 7.78853e-05 -3.78589e-20)
(-0.0294831 -3.93994e-05 3.8046e-20)
(-0.0295076 -0.000356545 -3.83982e-20)
(-0.0279732 -0.000616876 0)
(-0.0293457 -0.000516216 -2.43319e-18)
(-0.0327695 -0.0013424 -2.26978e-18)
(-0.036413 -0.00203337 0)
(-0.0395339 -0.00257606 -4.06089e-18)
(-0.0424838 -0.00301861 -7.75785e-18)
(-0.0455563 -0.00342171 -3.7196e-18)
(-0.0487791 -0.00381866 3.5681e-18)
(-0.052115 -0.00430013 -6.01853e-36)
(-0.0555962 -0.00474901 3.00927e-36)
(-0.0592892 -0.00506784 3.15133e-18)
(-0.0632314 -0.00540398 3.02881e-18)
(-0.0674214 -0.00580698 0)
(-0.0719025 -0.00624925 0)
(-0.0767175 -0.0067116 0)
(-0.0819125 -0.00720833 1.83377e-35)
(-0.0875345 -0.00775022 -1.63629e-35)
(-0.0936541 -0.00834986 2.07639e-34)
(-0.100326 -0.00901233 -4.15792e-18)
(-0.10769 -0.00973229 -3.81214e-18)
(-0.11675 -0.0106246 1.20371e-35)
(-0.127568 -0.0116276 6.13651e-18)
(-0.138423 -0.0127342 1.03489e-17)
(-0.153649 -0.0139272 6.01853e-36)
(-0.16285 -0.0152942 -5.09802e-18)
(-0.191964 -0.016982 -2.70834e-35)
)
;
    }
    frontAndBack
    {
        type            empty;
    }
}


// ************************************************************************* //
