/*--------------------------------*- C++ -*----------------------------------*\
  =========                 |
  \\      /  F ield         | OpenFOAM: The Open Source CFD Toolbox
   \\    /   O peration     | Website:  https://openfoam.org
    \\  /    A nd           | Version:  8
     \\/     M anipulation  |
\*---------------------------------------------------------------------------*/
FoamFile
{
    version     2.0;
    format      ascii;
    class       volVectorField;
    location    "1300";
    object      wallShearStress;
}
// * * * * * * * * * * * * * * * * * * * * * * * * * * * * * * * * * * * * * //

dimensions      [0 2 -2 0 0 0 0];

internalField   uniform (0 0 0);

boundaryField
{
    inlet
    {
        type            calculated;
        value           uniform (0 0 0);
    }
    outlet
    {
        type            calculated;
        value           uniform (0 0 0);
    }
    upperWall
    {
        type            calculated;
        value           nonuniform List<vector> 
223
(
(-0.444145 0.00289133 0)
(-0.46945 0.00540121 0)
(-0.49757 0.00692876 0)
(-0.504438 0.00746605 0)
(-0.500868 0.00745171 0)
(-0.490337 0.00709254 0)
(-0.478337 0.006591 0)
(-0.465997 0.00601942 0)
(-0.453281 0.00541419 0)
(-0.441301 0.00481807 0)
(-0.430326 0.004252 0)
(-0.420424 0.00372827 0)
(-0.411604 0.00325242 0)
(-0.403785 0.00282631 0)
(-0.396884 0.0024506 0)
(-0.390791 0.00213768 0)
(-0.38535 0.00189127 0)
(-0.380514 0.00174706 0)
(-0.376637 0.00167858 0)
(-0.373561 0.00163459 5.83358e-22)
(-0.370551 0.00156897 0)
(-0.367616 0.00149126 0)
(-0.364758 0.00140678 0)
(-0.361983 0.00131914 5.94269e-22)
(-0.359296 0.00123017 0)
(-0.356702 0.00114217 0)
(-0.354202 0.00105613 0)
(-0.351796 0.000973507 -1.20833e-21)
(-0.349482 0.000894661 1.21311e-21)
(-0.347259 0.000820296 1.21783e-21)
(-0.345123 0.000750443 0)
(-0.343071 0.000685245 -1.22717e-21)
(-0.3411 0.000624426 0)
(-0.339207 0.000567833 1.23637e-21)
(-0.337388 0.000514811 1.24096e-21)
(-0.335644 0.000465017 -1.24552e-21)
(-0.33397 0.000418102 0)
(-0.332368 0.000373734 0)
(-0.330837 0.000331765 0)
(-0.329374 0.000292093 0)
(-0.327981 0.00025496 -1.26802e-21)
(-0.326653 0.000220451 0)
(-0.325389 0.000188572 0)
(-0.324188 0.000159537 1.28127e-21)
(-0.323045 0.000133319 0)
(-0.321958 0.000109929 1.29003e-21)
(-0.320923 8.95285e-05 -1.29439e-21)
(-0.319935 7.21168e-05 1.29873e-21)
(-0.318992 5.76179e-05 0)
(-0.318087 4.60627e-05 0)
(-0.31722 3.72253e-05 0)
(-0.316382 3.10164e-05 1.31612e-21)
(-0.315573 2.71408e-05 -1.32049e-21)
(-0.314787 2.53793e-05 0)
(-0.314023 2.54558e-05 0)
(-0.313276 2.73629e-05 0)
(-0.312545 3.06947e-05 0)
(-0.311826 3.53713e-05 0)
(-0.311115 4.11233e-05 0)
(-0.310416 4.79447e-05 0)
(-0.309713 5.56627e-05 0)
(-0.309033 6.40368e-05 1.35995e-21)
(-0.30832 7.28696e-05 -1.3641e-21)
(-0.307667 8.20961e-05 0)
(-0.306913 9.19185e-05 0)
(-0.306316 0.000102184 0)
(-0.305494 0.00011292 -1.37985e-21)
(-0.304852 0.000124624 0)
(-0.304506 0.000135054 0)
(-0.301943 0.00014532 0)
(-0.308534 0.000162347 0)
(-0.301679 0.000161663 0)
(-0.349581 0.00063285 -3.23941e-21)
(-0.339164 0.000998055 0)
(-0.330111 0.00089824 0)
(-0.331686 0.000833538 0)
(-0.319696 0.000729333 0)
(-0.31476 0.000507119 0)
(-0.310592 0.00070563 0)
(-0.323045 0.00123978 0)
(-0.342523 0.00136246 3.28839e-21)
(-0.335527 0.00119631 0)
(-0.326955 0.000613298 0)
(-0.331633 1.62215e-05 0)
(-0.323242 -1.58385e-05 -3.26711e-21)
(-0.310434 -0.00020301 0)
(-0.307588 -0.000445595 -3.19164e-21)
(-0.299088 -0.000263491 0)
(-0.297007 -0.000213338 0)
(-0.334218 0.000128059 0)
(-0.319843 0.000374465 -3.42221e-21)
(-0.313742 8.86483e-05 0)
(-0.306368 8.91446e-05 3.33642e-21)
(-0.295871 0.000293676 3.24674e-21)
(-0.295511 0.000158898 0)
(-0.295339 -0.000135066 3.27717e-21)
(-0.322635 -7.45056e-05 0)
(-0.334846 -4.61399e-07 0)
(-0.333765 3.62659e-05 0)
(-0.341313 5.06377e-05 -3.82619e-21)
(-0.329844 -4.27434e-05 0)
(-0.346295 -5.8881e-05 -3.87006e-21)
(-0.327132 3.57513e-05 3.64568e-21)
(-0.353253 0.000584709 0)
(-0.326329 0.000794483 0)
(-0.307569 0.000672839 0)
(-0.29478 0.000398169 0)
(-0.308725 6.94156e-05 0)
(-0.348674 0.000607853 0)
(-0.320088 0.000815127 0)
(-0.2979 0.00044102 -3.24578e-21)
(-0.315677 0.000234106 0)
(-0.348072 0.00038155 0)
(-0.317181 0.00057633 0)
(-0.316118 0.000523856 0)
(-0.344596 0.000645173 0)
(-0.312331 0.000617189 0)
(-0.319707 0.000584857 0)
(-0.312039 0.000588376 0)
(-0.335575 0.000410424 0)
(-0.332661 0.0010281 0)
(-0.299809 0.00115989 0)
(-0.280437 0.000357141 0)
(-0.316622 0.000894636 -6.47747e-21)
(-0.287312 0.0009916 0)
(-0.278001 0.000262848 0)
(-0.317258 0.000296617 0)
(-0.331082 0.000427945 6.44662e-21)
(-0.314912 0.000404458 0)
(-0.303288 0.000536162 0)
(-0.290226 0.000566655 5.44339e-21)
(-0.299458 0.00064251 0)
(-0.305195 0.000728777 -5.49748e-21)
(-0.30018 0.000952988 0)
(-0.302809 0.000672989 0)
(-0.283286 0.00099312 0)
(-0.261055 0.00121226 4.2006e-21)
(-0.281002 0.00129003 0)
(-0.258902 0.00107276 -3.80759e-21)
(-0.28009 0.00103853 0)
(-0.256893 0.00086916 0)
(-0.276311 0.00100089 0)
(-0.254524 0.00138647 0)
(-0.253027 0.000661753 0)
(-0.25176 7.48051e-05 0)
(-0.254117 0.000534124 0)
(-0.248689 0.000655188 0)
(-0.248988 0.000628113 0)
(-0.245591 0.00166941 0)
(-0.24399 0.00200414 0)
(-0.242377 0.00112616 -1.11267e-21)
(-0.240545 0.000358025 8.5303e-22)
(-0.240336 0.000172079 0)
(-0.253686 0.00115581 0)
(-0.232692 0.000815402 0)
(-0.230548 -0.000415587 0)
(-0.227488 0.000316191 -7.52848e-22)
(-0.243944 0.00143903 1.15435e-21)
(-0.224677 0.00181247 -1.39251e-21)
(-0.223601 0.00143339 0)
(-0.221752 0.00132343 -2.14715e-21)
(-0.22043 0.000361382 -5.00188e-21)
(-0.2175 -0.00104519 0)
(-0.215093 -0.000526487 -7.16403e-21)
(-0.211019 0.000466565 8.21054e-21)
(-0.209235 0.000405458 0)
(-0.206255 0.000751591 0)
(-0.205808 0.000606187 0)
(-0.202949 -0.00067633 0)
(-0.200192 -0.000118359 0)
(-0.196023 0.000645349 -1.4581e-20)
(-0.193683 0.000955868 0)
(-0.192703 0.00216391 -1.60058e-20)
(-0.193491 0.0022272 0)
(-0.192916 0.000113272 0)
(-0.188887 -0.000734398 0)
(-0.185491 -0.000297424 0)
(-0.181809 0.00119773 0)
(-0.182468 0.00132411 2.3197e-20)
(-0.179206 0.000266192 0)
(-0.176317 0.000751306 0)
(-0.173419 0.000814516 -2.87236e-20)
(-0.169452 0.000853038 0)
(-0.165279 0.000954823 0)
(-0.161404 0.00105489 0)
(-0.15882 0.001014 3.67913e-20)
(-0.157084 0.000811941 0)
(-0.154003 0.000724398 0)
(-0.149115 0.000630153 0)
(-0.140829 0.000759108 0)
(-0.129376 0.00112588 -5.57737e-20)
(-0.115779 0.00157915 0)
(-0.102086 0.00177969 0)
(-0.0895097 0.00167707 0)
(-0.0792263 0.00147965 9.43948e-20)
(-0.06851 0.00133731 0)
(-0.0633385 0.00174212 0)
(-0.0346737 0.00143351 -1.39918e-19)
(-0.0671891 0.000392592 -6.01853e-36)
(-0.101211 0.00570463 1.19022e-17)
(-0.124518 0.0101149 2.13456e-17)
(-0.136969 0.0126908 2.00445e-17)
(-0.144306 0.0141147 1.92585e-17)
(-0.149832 0.0149796 1.86252e-17)
(-0.154108 0.015596 -1.8094e-17)
(-0.157259 0.0160312 -1.76021e-17)
(-0.159572 0.0163395 -6.01853e-36)
(-0.161735 0.0165697 -3.35677e-17)
(-0.163824 0.0167829 -1.63849e-17)
(-0.166058 0.0169822 2.0463e-34)
(-0.168451 0.0171961 0)
(-0.171323 0.0174327 -3.01104e-17)
(-0.174721 0.0177224 -2.89633e-17)
(-0.178795 0.0180687 -2.76612e-17)
(-0.183583 0.0184856 -2.40741e-35)
(-0.189105 0.0189733 4.88157e-17)
(-0.195547 0.0195449 2.24036e-17)
(-0.202658 0.0201909 1.20371e-35)
(-0.2113 0.0209617 -3.49712e-17)
(-0.219521 0.0217403 -1.238e-20)
(-0.23299 0.0228885 -3.00927e-36)
(-0.237266 0.0236128 1.31456e-17)
(-0.262736 0.0251635 -7.05906e-18)
)
;
    }
    lowerWall
    {
        type            calculated;
        value           nonuniform List<vector> 
250
(
(-0.623804 -0.00650015 0)
(-0.594628 -0.0103139 0)
(-0.567379 -0.00994372 0)
(-0.542299 -0.00950764 0)
(-0.519178 -0.00847412 0)
(-0.500063 -0.00706386 0)
(-0.484603 -0.00526406 0)
(-0.528656 -0.00433063 0)
(-0.566114 -0.00428135 0)
(-0.538265 -0.00375247 0)
(-0.519842 -0.00278963 0)
(-0.484306 -0.00136685 0)
(-0.503282 -0.00114738 0)
(-0.497213 -0.00132925 0)
(-0.504205 -0.00170283 0)
(-0.463103 -0.00197972 0)
(-0.41908 -0.0008386 0)
(-0.418698 -4.94189e-05 0)
(0.00211594 0.000128761 0)
(0.00235268 -0.00269536 0)
(0.00261951 -0.00563012 0)
(0.00294769 -0.00874113 1.12628e-19)
(0.00325439 -0.011801 -9.45602e-20)
(0.0034689 -0.0154141 8.20689e-20)
(0.00330669 -0.0151713 -7.26595e-20)
(0.00966372 -0.0348736 0)
(-0.0461268 -0.105868 0)
(0.000219951 -0.000271206 0)
(5.90838e-05 -0.000780012 0)
(-6.04778e-06 -0.000866238 0)
(5.58268e-05 -0.000867432 0)
(3.18988e-05 -0.000833226 1.54069e-19)
(-0.000143693 -0.000262601 -1.49674e-19)
(-0.000574891 0.00117219 0)
(-0.00116221 0.00384654 -1.7227e-19)
(-0.00153242 0.00724333 1.32031e-19)
(-0.00147649 0.0104436 0)
(-0.00108692 0.012799 0)
(-0.000559306 0.0140282 0)
(-5.43276e-05 0.014106 0)
(0.000345631 0.0132273 0)
(0.000678856 0.0116664 0)
(0.00100572 0.00947096 0)
(0.00136526 0.00667775 0)
(0.00177114 0.00333766 0)
(-0.000141079 -0.000273896 0)
(0.000166668 -0.00044189 0)
(0.000473106 -0.000493265 0)
(0.000789553 -0.000423406 0)
(0.00104004 -0.000190605 -0)
(0.00108247 0.000194724 -0)
(0.000833531 0.000656293 1.44736e-20)
(0.000321171 0.00108758 -1.63824e-20)
(-0.000385033 0.00139918 0)
(-0.00119177 0.00155456 -9.39143e-21)
(-0.00202306 0.00156656 0)
(-0.00281455 0.00146468 0)
(-0.00352173 0.00128485 0)
(-0.00411984 0.0010575 4.62681e-21)
(-0.00459764 0.000803066 0)
(-0.00495094 0.000533258 0)
(-0.00517716 0.000256341 -4.01903e-21)
(-0.00528114 -3.37251e-05 -0)
(-0.00523705 -0.000333967 0)
(-0.00504481 -0.000622296 -0)
(-0.00471369 -0.000878922 4.33704e-21)
(-0.00425591 -0.00108358 -0)
(-0.00368996 -0.00121548 5.14814e-21)
(-0.00304398 -0.00125566 0)
(-0.00235634 -0.00119094 -0)
(-0.00167648 -0.00101981 8.38891e-21)
(-0.00106092 -0.000760775 0)
(-0.000564082 -0.000459823 -1.38815e-20)
(-0.00021468 -0.000186845 0)
(4.7884e-06 1.12328e-06 2.38127e-20)
(0.000142172 0.000113404 0)
(0.000218001 0.000211156 0)
(0.000195673 0.000325533 0)
(7.33383e-05 0.000477328 0)
(-0.000188281 0.000676855 0)
(-0.00061171 0.000878563 -1.41635e-20)
(-0.00117152 0.00100471 0)
(-0.00177433 0.00098695 1.72065e-20)
(-0.00230357 0.000820876 0)
(-0.00266647 0.000558589 -1.39425e-20)
(-0.0028315 0.000285194 0)
(-0.00282911 7.32479e-05 0)
(-0.00272049 -3.45145e-05 1.39007e-20)
(-0.00258083 -1.46944e-05 0)
(-0.0024781 0.000123901 1.44766e-20)
(-0.00241675 0.000320145 -1.45823e-20)
(-0.00233688 0.00042201 0)
(-0.0020888 0.000196497 -1.59907e-20)
(-0.00142517 -0.000470411 -1.88576e-20)
(-7.63151e-05 -0.00116209 0)
(0.00166506 -0.00177211 0)
(0.00356097 -0.00244584 0)
(0.00573641 -0.00312023 0)
(0.00814971 -0.00363907 -0)
(0.0107888 -0.00389244 3.48881e-21)
(0.0135006 -0.00385739 0)
(0.0163264 -0.00386278 -2.85349e-21)
(0.0185448 -0.00368436 -0)
(0.0202574 -0.0033869 -0)
(0.0223509 -0.00321738 2.11246e-21)
(0.0257219 -0.00312725 0)
(0.0285118 -0.00287229 -2.09155e-21)
(0.028189 -0.00241775 -0)
(0.0312453 -0.00233279 0)
(0.0330937 -0.00214842 -0)
(0.0352057 -0.00200665 1.82234e-21)
(0.0370885 -0.00187148 0)
(0.0389655 -0.00175407 -0)
(0.040725 -0.00164811 1.7736e-21)
(0.0424543 -0.00155475 0)
(0.0441042 -0.00147105 1.75263e-21)
(0.045719 -0.00139605 0)
(0.0472767 -0.0013279 0)
(0.0487987 -0.00126555 0)
(0.0502757 -0.00120778 -1.7213e-21)
(0.0517181 -0.00115374 -0)
(0.0531219 -0.00110267 0)
(0.0544921 -0.0010539 -1.70126e-21)
(0.0558263 -0.00100695 -1.69461e-21)
(0.0571272 -0.000961554 -0)
(0.0583935 -0.000917257 -1.68099e-21)
(0.059626 -0.000873842 0)
(0.0608238 -0.000831226 -3.33307e-21)
(0.0619875 -0.000789071 -0)
(0.0631157 -0.000747269 -3.30165e-21)
(0.0642083 -0.000705653 -0)
(0.0652643 -0.000664173 3.26698e-21)
(0.0662834 -0.000622438 0)
(0.0672634 -0.000580518 0)
(0.0682043 -0.000538216 0)
(0.069104 -0.000495381 -3.18527e-21)
(0.0699616 -0.000451762 -0)
(0.0707748 -0.000407032 3.13731e-21)
(0.0715421 -0.000360862 0)
(0.0722609 -0.000312929 -3.08404e-21)
(0.0729289 -0.000262926 -3.0553e-21)
(0.0735436 -0.000210697 -3.02514e-21)
(0.0741027 -0.00015671 -0)
(0.0746047 -0.0001026 0)
(0.0750497 -5.19672e-05 0)
(0.0754432 -1.03206e-05 0)
(0.0757902 2.51658e-05 0)
(0.0760931 6.00861e-05 0)
(0.0763507 9.42191e-05 0)
(0.0765629 0.000128248 0)
(0.076729 0.00016184 2.67992e-21)
(0.0768494 0.000195372 2.63174e-21)
(0.0769224 0.000228543 0)
(0.0769489 0.000261444 0)
(0.0769279 0.000293915 0)
(0.0768595 0.000326187 2.41774e-21)
(0.076743 0.000357893 0)
(0.0765791 0.000389264 0)
(0.0763671 0.000420075 0)
(0.0761074 0.0004505 0)
(0.0757999 0.000480313 -2.10096e-21)
(0.075445 0.000509731 0)
(0.0750423 0.00053851 0)
(0.0745928 0.000566809 1.88381e-21)
(0.0740963 0.00059458 -1.80678e-21)
(0.0735531 0.000621796 0)
(0.0729637 0.00064848 -1.6456e-21)
(0.0723283 0.000674605 0)
(0.0716475 0.000700217 1.47463e-21)
(0.0709214 0.00072524 0)
(0.0701506 0.000749866 0)
(0.0693348 0.000773852 0)
(0.068475 0.000797577 0)
(0.067575 0.000820662 0)
(0.0666409 0.000843123 -1.79756e-21)
(0.0656616 0.000864509 -1.5857e-21)
(0.0646426 0.000885263 0)
(0.0635822 0.000904511 0)
(0.0624896 0.000921201 0)
(0.0613631 0.000932885 6.74979e-22)
(0.0602056 0.000936295 0)
(0.0590166 0.000930303 0)
(0.05779 0.000934351 0)
(0.0565307 0.000951035 -3.50113e-22)
(0.0552373 0.000965446 6.27333e-22)
(0.0539155 0.000978956 0)
(0.0525664 0.000991753 0)
(0.0511907 0.0010037 1.51674e-21)
(0.0497912 0.00101493 1.83403e-21)
(0.0483695 0.00102551 0)
(0.046928 0.00103554 0)
(0.0454658 0.00104464 -2.85568e-21)
(0.043989 0.00105336 3.22116e-21)
(0.0424933 0.00106109 0)
(0.0409867 0.0010683 0)
(0.0394637 0.00107431 4.40389e-21)
(0.0379336 0.00107974 0)
(0.0363907 0.00108401 0)
(0.034844 0.00108774 5.73379e-21)
(0.0332885 0.00109054 0)
(0.031731 0.00109279 6.71776e-21)
(0.0301704 0.00109461 0)
(0.0286086 0.00109604 0)
(0.0270465 0.00109734 0)
(0.0254851 0.0010985 -8.97441e-21)
(0.0239251 0.00109974 0)
(0.022367 0.001101 0)
(0.0208112 0.0011024 0)
(0.0192581 0.00110388 0)
(0.0177083 0.0011056 0)
(0.016162 0.00110758 0)
(0.0146196 0.00111009 -1.43019e-20)
(0.013081 0.0011132 -1.52767e-20)
(0.0115462 0.00111709 0)
(0.010015 0.00112181 0)
(0.00848704 0.00112726 0)
(0.00696252 0.0011332 2.00343e-20)
(0.00544202 0.00114003 0)
(0.00392698 0.00114647 -4.62588e-20)
(0.00242125 0.00114919 4.98541e-20)
(0.000934997 0.00114329 5.38529e-20)
(-0.000530986 0.00110232 -5.52425e-20)
(-0.00188105 0.00102698 5.3404e-20)
(-0.00337168 0.000860017 -5.1539e-20)
(-0.00368653 0.000472044 0)
(-0.00562806 0.00105297 -3.08057e-18)
(-0.0087027 0.000828839 -2.79672e-18)
(-0.0117478 0.000483591 -3.00927e-36)
(-0.0148733 0.000160811 -4.76867e-18)
(-0.0182 -0.000175274 -8.87554e-18)
(-0.0217378 -0.000528517 -4.14406e-18)
(-0.0254978 -0.000901221 3.87914e-18)
(-0.0295036 -0.0012972 -2.40741e-35)
(-0.0337792 -0.0017205 6.01853e-36)
(-0.0383467 -0.00217382 3.21139e-18)
(-0.0432231 -0.00266008 3.0196e-18)
(-0.0484249 -0.003141 0)
(-0.0539667 -0.00364925 0)
(-0.0599034 -0.0042375 0)
(-0.0662954 -0.00488757 -7.32098e-35)
(-0.0731443 -0.00559136 6.40409e-35)
(-0.0805959 -0.00635024 5.11575e-35)
(-0.0885175 -0.00717018 -3.7385e-18)
(-0.0974603 -0.00806073 -3.40522e-18)
(-0.106521 -0.00902673 0)
(-0.11805 -0.0100884 5.35685e-18)
(-0.12762 -0.0112564 8.89125e-18)
(-0.145009 -0.0124853 6.01853e-36)
(-0.152464 -0.0139984 -4.28885e-18)
(-0.187103 -0.0163328 -1.80556e-35)
)
;
    }
    frontAndBack
    {
        type            empty;
    }
}


// ************************************************************************* //
