/*--------------------------------*- C++ -*----------------------------------*\
  =========                 |
  \\      /  F ield         | OpenFOAM: The Open Source CFD Toolbox
   \\    /   O peration     | Website:  https://openfoam.org
    \\  /    A nd           | Version:  8
     \\/     M anipulation  |
\*---------------------------------------------------------------------------*/
FoamFile
{
    version     2.0;
    format      ascii;
    class       volVectorField;
    location    "1100";
    object      wallShearStress;
}
// * * * * * * * * * * * * * * * * * * * * * * * * * * * * * * * * * * * * * //

dimensions      [0 2 -2 0 0 0 0];

internalField   uniform (0 0 0);

boundaryField
{
    inlet
    {
        type            calculated;
        value           uniform (0 0 0);
    }
    outlet
    {
        type            calculated;
        value           uniform (0 0 0);
    }
    upperWall
    {
        type            calculated;
        value           nonuniform List<vector> 
223
(
(-0.464503 0.00302605 0)
(-0.495288 0.00558653 0)
(-0.510779 0.00683517 0)
(-0.511824 0.00724695 0)
(-0.506292 0.00724991 0)
(-0.494831 0.00696336 0)
(-0.482855 0.00657705 0)
(-0.470182 0.00610465 0)
(-0.456991 0.00555104 0)
(-0.444411 0.00498039 0)
(-0.432772 0.00441268 0)
(-0.422191 0.00387474 0)
(-0.412775 0.00338691 0)
(-0.404455 0.00292185 0)
(-0.397213 0.00246522 0)
(-0.391033 0.00203495 0)
(-0.385864 0.00165958 0)
(-0.381555 0.00140819 0)
(-0.378408 0.00127654 0)
(-0.376088 0.00118931 5.7839e-22)
(-0.373894 0.00109829 0)
(-0.371806 0.00100942 0)
(-0.369786 0.000928346 0)
(-0.36782 0.00085672 5.88998e-22)
(-0.365894 0.000793494 0)
(-0.364012 0.000738335 0)
(-0.362162 0.000689215 0)
(-0.360351 0.000646298 -1.19449e-21)
(-0.358573 0.000608211 1.1984e-21)
(-0.356831 0.000574218 1.20234e-21)
(-0.355124 0.000542062 0)
(-0.353454 0.000511222 -1.21028e-21)
(-0.351825 0.000480995 0)
(-0.350236 0.000450395 1.21836e-21)
(-0.348696 0.000419724 1.22242e-21)
(-0.3472 0.000389662 -1.2265e-21)
(-0.345755 0.000360345 0)
(-0.344357 0.000331924 0)
(-0.343008 0.000304541 0)
(-0.341707 0.000278887 0)
(-0.340451 0.000255543 -1.24764e-21)
(-0.33924 0.000234664 0)
(-0.338065 0.0002161 0)
(-0.336931 0.000200103 1.2609e-21)
(-0.335826 0.000186619 0)
(-0.334755 0.000175576 1.26987e-21)
(-0.333706 0.000166905 -1.27439e-21)
(-0.332681 0.000160277 1.27893e-21)
(-0.331674 0.000155382 0)
(-0.330684 0.000151749 0)
(-0.32971 0.00014927 0)
(-0.328749 0.000147493 1.29736e-21)
(-0.327803 0.000146147 -1.30206e-21)
(-0.326869 0.000145022 0)
(-0.325951 0.000144008 0)
(-0.325048 0.000143333 0)
(-0.324159 0.000142882 0)
(-0.323286 0.000143029 0)
(-0.322424 0.00014393 0)
(-0.321574 0.000145652 0)
(-0.320733 0.000148405 0)
(-0.319896 0.00015232 1.34627e-21)
(-0.319067 0.000157306 -1.3514e-21)
(-0.318229 0.000163275 0)
(-0.317403 0.0001701 0)
(-0.316552 0.000177838 0)
(-0.315726 0.00018614 -1.37215e-21)
(-0.314848 0.000195198 0)
(-0.314016 0.000204177 0)
(-0.313116 0.000213646 0)
(-0.312237 0.000223859 0)
(-0.31139 0.000231385 0)
(-0.310361 0.000244487 -2.80515e-21)
(-0.309525 0.000245098 0)
(-0.308452 0.000279826 0)
(-0.307632 0.000518893 0)
(-0.308587 0.000647766 0)
(-0.308403 0.000685549 0)
(-0.307926 0.000773709 0)
(-0.306565 0.000618348 0)
(-0.309836 0.000384333 2.98878e-21)
(-0.310181 0.000168 0)
(-0.307395 8.74737e-05 0)
(-0.303465 0.00022656 0)
(-0.303917 0.000345474 -3.02894e-21)
(-0.305083 0.00035717 0)
(-0.302189 0.000258258 -3.04883e-21)
(-0.301898 0.000111854 0)
(-0.329379 0.000131261 0)
(-0.340151 0.000245833 0)
(-0.345732 0.000242743 -3.5365e-21)
(-0.334702 0.000176628 0)
(-0.366937 0.000426487 3.75696e-21)
(-0.338083 0.00122643 3.44931e-21)
(-0.337881 0.00190528 0)
(-0.316104 0.00131369 3.20169e-21)
(-0.322649 0.000512615 0)
(-0.305245 0.000561877 0)
(-0.30057 0.000538694 0)
(-0.308788 0.000111607 -3.20934e-21)
(-0.297036 0.000165225 0)
(-0.296617 5.64252e-05 -3.13248e-21)
(-0.296371 -0.000168938 3.14592e-21)
(-0.31313 -0.000134964 0)
(-0.353953 0.000430485 0)
(-0.327424 0.000653849 0)
(-0.315354 0.000390365 0)
(-0.294089 0.000143174 0)
(-0.329428 0.000473843 0)
(-0.308807 0.000623345 0)
(-0.292467 0.00017891 -3.09011e-21)
(-0.328903 0.000115663 0)
(-0.327737 0.000100735 0)
(-0.345546 2.62803e-05 0)
(-0.347649 0.000785905 0)
(-0.316626 0.00104335 0)
(-0.289116 0.000335832 0)
(-0.338195 0.000900431 0)
(-0.308263 0.00105189 0)
(-0.28706 0.000342207 0)
(-0.333491 0.000827779 0)
(-0.302666 0.000903039 0)
(-0.284725 0.000325535 0)
(-0.331003 0.000789822 -6.36651e-21)
(-0.307108 0.00128542 0)
(-0.281715 0.000782943 0)
(-0.280854 0.000104652 0)
(-0.311182 0.000496663 5.69168e-21)
(-0.281896 0.000589171 0)
(-0.277715 0.000176094 0)
(-0.292474 0.000247096 5.03521e-21)
(-0.31274 0.000883425 0)
(-0.286536 0.00153743 -4.67214e-21)
(-0.272415 0.00107495 0)
(-0.271367 0.000239949 0)
(-0.289761 0.000757841 0)
(-0.268585 0.00145376 3.84891e-21)
(-0.267057 0.000885692 0)
(-0.286744 0.000857704 -3.80446e-21)
(-0.264429 0.000681068 0)
(-0.287483 0.000684705 0)
(-0.261567 0.000601081 0)
(-0.282386 0.000642898 0)
(-0.258421 0.000663653 0)
(-0.276496 -6.43757e-05 0)
(-0.273427 0.000502653 0)
(-0.253082 0.000691822 0)
(-0.259163 0.000754648 0)
(-0.249476 0.000749386 0)
(-0.249894 0.000782344 0)
(-0.245722 0.00106745 -7.69569e-22)
(-0.260727 0.000394031 5.0248e-22)
(-0.26126 -0.00011081 0)
(-0.238649 0.000129022 0)
(-0.235398 0.000414569 0)
(-0.231769 0.00121396 0)
(-0.232954 0.00171447 -1.18753e-21)
(-0.251781 0.00116508 1.69816e-21)
(-0.25039 0.000580272 -2.13966e-21)
(-0.240343 0.000454059 0)
(-0.231387 8.16302e-05 -2.8551e-21)
(-0.219528 0.00106675 -6.30133e-21)
(-0.219405 0.00141921 0)
(-0.217028 0.00117992 -8.02254e-21)
(-0.236308 0.00237154 9.40409e-21)
(-0.216148 0.000832052 0)
(-0.213965 -0.000876704 0)
(-0.210949 -0.000935775 0)
(-0.207889 -0.000611816 0)
(-0.204004 0.00115491 0)
(-0.204449 0.0016188 -1.45154e-20)
(-0.201544 0.000446387 0)
(-0.199779 0.000201915 -1.71287e-20)
(-0.196627 -0.000307605 0)
(-0.192545 0.000317297 0)
(-0.190818 0.00083361 0)
(-0.188855 0.00106462 0)
(-0.18929 0.000306017 0)
(-0.186855 -0.000914848 2.53313e-20)
(-0.184489 -0.000593739 0)
(-0.180761 -0.000439195 0)
(-0.177263 -0.000290857 -3.02749e-20)
(-0.173401 0.00131679 0)
(-0.17423 0.00208037 0)
(-0.171753 0.00135229 0)
(-0.169047 0.00155833 3.55488e-20)
(-0.168121 0.0019015 0)
(-0.166539 0.00163115 0)
(-0.162682 0.00111044 0)
(-0.155193 0.000753713 0)
(-0.144323 0.000912589 -5.20698e-20)
(-0.131042 0.00133437 0)
(-0.11696 0.00171903 0)
(-0.102812 0.00188215 0)
(-0.0904819 0.00183008 8.85876e-20)
(-0.077287 0.00172613 0)
(-0.0700507 0.00206735 0)
(-0.0392755 0.00162474 -1.36193e-19)
(-0.0720196 0.000690194 6.01853e-36)
(-0.10753 0.0061468 1.17099e-17)
(-0.131953 0.0107097 2.09201e-17)
(-0.144951 0.0134224 1.96221e-17)
(-0.152646 0.0149303 1.88399e-17)
(-0.158409 0.0158565 1.82172e-17)
(-0.1629 0.0165089 -1.76956e-17)
(-0.166078 0.0169665 -1.72214e-17)
(-0.168434 0.0172775 -6.01853e-36)
(-0.170548 0.0175151 -3.29047e-17)
(-0.172547 0.0177183 -1.60955e-17)
(-0.174595 0.0179035 5.35649e-34)
(-0.176919 0.0180971 0)
(-0.179719 0.0183264 -2.9717e-17)
(-0.183149 0.0186106 -2.86312e-17)
(-0.187235 0.0189594 -2.7367e-17)
(-0.192104 0.0193812 -2.40741e-35)
(-0.197678 0.0198754 4.84001e-17)
(-0.204212 0.0204556 2.22425e-17)
(-0.211359 0.0211055 0)
(-0.220151 0.0218896 -3.48126e-17)
(-0.228305 0.0226649 -1.23642e-20)
(-0.242247 0.0238442 0)
(-0.246044 0.0245537 1.30989e-17)
(-0.272758 0.0261323 -7.26922e-18)
)
;
    }
    lowerWall
    {
        type            calculated;
        value           nonuniform List<vector> 
250
(
(-0.623828 -0.00743006 0)
(-0.60027 -0.0106812 0)
(-0.586129 -0.00933828 0)
(-0.548656 -0.00829024 0)
(-0.538787 -0.00903541 0)
(-0.508271 -0.00764804 0)
(-0.494075 -0.00557079 0)
(-0.482523 -0.00422377 0)
(-0.472306 -0.00288122 0)
(-0.557335 -0.00338275 0)
(-0.509819 -0.00385239 0)
(-0.450207 -0.00256473 0)
(-0.448304 -0.00132892 0)
(-0.440663 -0.000881926 0)
(-0.477751 -0.000546109 0)
(-0.472276 -0.000233222 0)
(-0.50436 0.000207934 0)
(-0.50164 0.00021303 0)
(0.0021518 0.000161287 0)
(0.00239001 -0.00270396 0)
(0.00265296 -0.00565853 0)
(0.00299703 -0.00879214 1.13124e-19)
(0.00338654 -0.0119284 -9.56313e-20)
(0.00366839 -0.0158231 8.49998e-20)
(0.00334419 -0.0157036 -7.67225e-20)
(0.00934868 -0.0356883 0)
(-0.0471839 -0.108562 0)
(0.000227806 -0.000283369 0)
(5.72788e-05 -0.000808359 0)
(-1.09603e-05 -0.000892434 0)
(5.61151e-05 -0.00089169 0)
(3.4663e-05 -0.000863898 1.53433e-19)
(-0.000144244 -0.000290712 -1.4925e-19)
(-0.000595226 0.00117931 0)
(-0.00121162 0.00395274 -1.69723e-19)
(-0.00159404 0.00747294 1.29505e-19)
(-0.00152736 0.0107747 0)
(-0.00111675 0.0131905 0)
(-0.000569489 0.0144378 0)
(-5.03913e-05 0.014502 0)
(0.000357793 0.0135887 0)
(0.000697066 0.0119796 0)
(0.00102817 0.00972463 0)
(0.00139128 0.00686379 0)
(0.00180149 0.00344614 0)
(-0.000147126 -0.000285237 0)
(0.000173552 -0.000458862 0)
(0.000490857 -0.000511869 0)
(0.000819728 -0.00043993 0)
(0.0010815 -0.000199376 -0)
(0.00112895 0.000198393 -0)
(0.000876008 0.000674988 1.41983e-20)
(0.000352196 0.00112141 -1.61671e-20)
(-0.000372978 0.00144515 0)
(-0.0012031 0.00160628 -9.21517e-21)
(-0.00205796 0.00161899 0)
(-0.00287212 0.00151441 0)
(-0.00359971 0.00132982 0)
(-0.00421547 0.00109651 4.50623e-21)
(-0.00470798 0.000835782 0)
(-0.0050731 0.000559449 0)
(-0.00530842 0.000275986 -3.90673e-21)
(-0.00541862 -2.08168e-05 -0)
(-0.00537847 -0.000328525 0)
(-0.00518625 -0.000625721 -0)
(-0.00485098 -0.000891843 4.20795e-21)
(-0.00438462 -0.00110638 -0)
(-0.00380568 -0.00124776 4.98976e-21)
(-0.00314202 -0.0012964 0)
(-0.00243232 -0.00123759 -0)
(-0.00172654 -0.00106831 8.14199e-21)
(-0.00108311 -0.000804885 0)
(-0.000560142 -0.000492366 -1.3594e-20)
(-0.000191773 -0.000203623 0)
(3.86121e-05 -3.15438e-06 2.34998e-20)
(0.000183484 0.000116485 0)
(0.000265425 0.000219399 0)
(0.000248249 0.000338984 0)
(0.000126775 0.00049651 0)
(-0.000137151 0.000703311 0)
(-0.000568393 0.000914018 -1.43177e-20)
(-0.00114203 0.00104832 0)
(-0.00176362 0.00103478 1.70937e-20)
(-0.00231208 0.00086742 0)
(-0.00269071 0.000600203 -1.37363e-20)
(-0.00286722 0.000323564 0)
(-0.00287698 0.000108939 0)
(-0.00277799 -2.67983e-06 1.36007e-20)
(-0.00264355 1.46536e-05 0)
(-0.00253997 0.000149957 1.40988e-20)
(-0.0024693 0.000334829 -1.42103e-20)
(-0.002369 0.000394841 0)
(-0.00205959 9.13596e-05 -1.58011e-20)
(-0.00128972 -0.000627863 -1.88919e-20)
(0.000218399 -0.00126819 0)
(0.00199805 -0.00185998 0)
(0.00395454 -0.00255068 0)
(0.00620019 -0.00323821 0)
(0.0086677 -0.00375011 -0)
(0.0112474 -0.00398926 3.22973e-21)
(0.0138214 -0.00403298 0)
(0.0166271 -0.00400063 -2.65381e-21)
(0.0196488 -0.0038705 -0)
(0.02098 -0.00344126 -0)
(0.0238911 -0.00333398 2.13901e-21)
(0.0268841 -0.00311591 0)
(0.0272457 -0.0026558 -1.89694e-21)
(0.0302655 -0.00256319 -0)
(0.0323174 -0.0023629 0)
(0.0345747 -0.00219964 -0)
(0.0365971 -0.00204742 1.81045e-21)
(0.0385874 -0.00191166 0)
(0.0404718 -0.0017899 -0)
(0.0422978 -0.00168278 1.76608e-21)
(0.0440477 -0.00158711 0)
(0.0457515 -0.00150204 1.74546e-21)
(0.0473921 -0.00142547 0)
(0.0489947 -0.00135614 0)
(0.0505461 -0.00129255 0)
(0.0520617 -0.00123362 -1.71415e-21)
(0.0535347 -0.0011784 -0)
(0.0549726 -0.0011262 0)
(0.0563731 -0.0010763 -1.69382e-21)
(0.0577382 -0.00102821 -1.68708e-21)
(0.0590681 -0.00098151 -0)
(0.0603621 -0.000935913 -1.67318e-21)
(0.0616214 -0.000891175 0)
(0.0628443 -0.000847057 -3.31669e-21)
(0.0640316 -0.000803264 -0)
(0.0651812 -0.000759767 -3.28432e-21)
(0.0662937 -0.000716279 -0)
(0.0673669 -0.000672764 3.24847e-21)
(0.0684009 -0.000628795 0)
(0.069393 -0.000584262 0)
(0.0703425 -0.000539107 0)
(0.0712481 -0.000493028 -3.16369e-21)
(0.0721078 -0.000445567 -0)
(0.0729194 -0.00039639 3.11368e-21)
(0.0736803 -0.000345048 0)
(0.0743876 -0.000291541 -3.05793e-21)
(0.0750391 -0.000235728 -3.02787e-21)
(0.0756317 -0.000178228 -2.99641e-21)
(0.0761641 -0.000120657 0)
(0.0766356 -6.63643e-05 0)
(0.0770511 -2.04459e-05 0)
(0.0774162 1.88356e-05 0)
(0.077733 5.65448e-05 0)
(0.0780016 9.35605e-05 0)
(0.0782213 0.000130396 0)
(0.0783916 0.000167066 0)
(0.078512 0.000203543 2.63475e-21)
(0.0785822 0.000239921 2.58426e-21)
(0.0786013 0.000276035 0)
(0.0785694 0.000311905 0)
(0.0784859 0.000347471 0)
(0.0783507 0.000382684 2.35975e-21)
(0.0781637 0.000417466 0)
(0.0779248 0.00045183 0)
(0.0776342 0.000485598 0)
(0.0772923 0.000518928 0)
(0.0768987 0.000551586 -2.02543e-21)
(0.0764545 0.000583677 0)
(0.0759594 0.000615022 0)
(0.0754147 0.000645725 1.79434e-21)
(0.0748202 0.000675628 -1.71198e-21)
(0.0741773 0.000704852 0)
(0.073486 0.000733181 -1.53907e-21)
(0.0727479 0.000760809 0)
(0.0719633 0.000787419 1.35493e-21)
(0.0711343 0.000813293 0)
(0.070261 0.000838162 0)
(0.0693467 0.000862093 0)
(0.068386 0.000884589 0)
(0.0673955 0.000906602 0)
(0.066344 0.000926692 -1.46359e-21)
(0.0652755 0.000945653 -1.23456e-21)
(0.0641538 0.000962298 0)
(0.0630107 0.000974897 0)
(0.0618352 0.000981028 0)
(0.0606305 0.000978151 2.52211e-22)
(0.0593989 0.000971515 0)
(0.0581353 0.000977003 0)
(0.0568421 0.000990687 0)
(0.0555201 0.00100107 -8.44058e-22)
(0.0541744 0.00101055 1.13858e-21)
(0.0528063 0.00101901 0)
(0.0514174 0.00102659 0)
(0.0500094 0.00103332 2.07602e-21)
(0.048584 0.00103931 2.4078e-21)
(0.0471423 0.00104459 0)
(0.0456858 0.00104923 0)
(0.0442159 0.00105322 -3.46852e-21)
(0.0427345 0.00105686 3.8459e-21)
(0.0412402 0.00105979 0)
(0.0397387 0.00106258 0)
(0.0382261 0.00106478 5.06139e-21)
(0.0367087 0.00106687 0)
(0.0351825 0.00106824 0)
(0.0336545 0.00106964 6.42148e-21)
(0.0321199 0.00107045 0)
(0.0305852 0.00107142 7.4263e-21)
(0.0290478 0.0010724 0)
(0.0275102 0.00107357 0)
(0.0259722 0.00107501 0)
(0.0244345 0.00107689 -9.73626e-21)
(0.0228969 0.00107915 0)
(0.0213598 0.00108189 0)
(0.0198231 0.001085 0)
(0.0182873 0.0010886 0)
(0.0167524 0.00109269 0)
(0.0152187 0.00109745 0)
(0.0136861 0.00110296 -1.52678e-20)
(0.0121545 0.00110941 -1.62941e-20)
(0.0106236 0.00111682 0)
(0.00909301 0.00112523 0)
(0.00756263 0.00113455 0)
(0.00603257 0.00114523 2.1368e-20)
(0.00450338 0.0011568 0)
(0.00297721 0.00116721 -4.94501e-20)
(0.00145844 0.00117234 5.33869e-20)
(-4.19692e-05 0.00115823 5.58952e-20)
(-0.00152286 0.00110346 -5.49542e-20)
(-0.00288105 0.00102355 5.27094e-20)
(-0.00438034 0.000851305 -5.09642e-20)
(-0.00465606 0.000443551 0)
(-0.00664618 0.000994986 -3.05449e-18)
(-0.00982844 0.000754124 -2.77965e-18)
(-0.012985 0.00039238 -3.00927e-36)
(-0.0161968 5.59485e-05 -4.7554e-18)
(-0.0196046 -0.000291583 -8.8635e-18)
(-0.0232231 -0.000655566 -4.14379e-18)
(-0.0270622 -0.00103805 3.88335e-18)
(-0.0311448 -0.00144354 -1.20371e-35)
(-0.0354973 -0.0018758 3.00927e-36)
(-0.040137 -0.00233982 3.22441e-18)
(-0.0450832 -0.00282114 3.03485e-18)
(-0.0503465 -0.00330537 6.01853e-36)
(-0.0559586 -0.00383452 0)
(-0.0619647 -0.00443604 0)
(-0.0684251 -0.00509528 -7.87581e-35)
(-0.0753378 -0.00580714 -4.02489e-35)
(-0.0828586 -0.00657443 8.12502e-35)
(-0.0908373 -0.00740194 -3.77325e-18)
(-0.0998569 -0.00830103 -3.4384e-18)
(-0.108963 -0.00927383 1.20371e-35)
(-0.120583 -0.0103437 5.41313e-18)
(-0.130179 -0.0115176 8.98671e-18)
(-0.14771 -0.0127566 0)
(-0.155095 -0.0142738 -4.33621e-18)
(-0.18996 -0.0166209 -6.01853e-36)
)
;
    }
    frontAndBack
    {
        type            empty;
    }
}


// ************************************************************************* //
