/*--------------------------------*- C++ -*----------------------------------*\
  =========                 |
  \\      /  F ield         | OpenFOAM: The Open Source CFD Toolbox
   \\    /   O peration     | Website:  https://openfoam.org
    \\  /    A nd           | Version:  8
     \\/     M anipulation  |
\*---------------------------------------------------------------------------*/
FoamFile
{
    version     2.0;
    format      ascii;
    class       volVectorField;
    location    "1000";
    object      wallShearStress;
}
// * * * * * * * * * * * * * * * * * * * * * * * * * * * * * * * * * * * * * //

dimensions      [0 2 -2 0 0 0 0];

internalField   uniform (0 0 0);

boundaryField
{
    inlet
    {
        type            calculated;
        value           uniform (0 0 0);
    }
    outlet
    {
        type            calculated;
        value           uniform (0 0 0);
    }
    upperWall
    {
        type            calculated;
        value           nonuniform List<vector> 
223
(
(-0.463608 0.00305955 0)
(-0.495009 0.00565733 0)
(-0.510609 0.00684538 0)
(-0.511483 0.00715228 0)
(-0.505895 0.00705222 0)
(-0.494775 0.00666682 0)
(-0.483437 0.0061647 0)
(-0.471663 0.0055946 0)
(-0.45983 0.00500045 0)
(-0.448764 0.00442246 0)
(-0.438681 0.00388287 0)
(-0.429623 0.0033921 0)
(-0.421558 0.00295269 0)
(-0.414414 0.00256414 0)
(-0.408098 0.00222492 0)
(-0.402522 0.00194369 0)
(-0.397552 0.00172265 0)
(-0.393136 0.00159857 0)
(-0.389605 0.00155658 0)
(-0.386798 0.00153184 5.7919e-22)
(-0.384045 0.00149068 0)
(-0.381334 0.0014398 0)
(-0.378666 0.00138263 0)
(-0.376029 0.0013224 5.89632e-22)
(-0.373438 0.00126063 0)
(-0.370884 0.00120106 0)
(-0.368379 0.00114295 0)
(-0.365912 0.00108816 -1.19759e-21)
(-0.363497 0.00103637 1.20231e-21)
(-0.361118 0.000988609 1.2071e-21)
(-0.358797 0.000942547 0)
(-0.356521 0.000898645 -1.21662e-21)
(-0.354297 0.000855104 0)
(-0.352133 0.000813983 1.22603e-21)
(-0.350021 0.000773157 1.23071e-21)
(-0.347974 0.000729141 -1.2354e-21)
(-0.34599 0.000682762 0)
(-0.3441 0.00064363 0)
(-0.342253 0.000613316 0)
(-0.340467 0.000580739 0)
(-0.33874 0.00054082 -1.25921e-21)
(-0.337103 0.000495944 0)
(-0.335566 0.000449098 0)
(-0.334129 0.000403236 1.27409e-21)
(-0.332783 0.000360367 0)
(-0.331519 0.00032138 1.28383e-21)
(-0.330329 0.00028695 -1.28858e-21)
(-0.329201 0.000257215 1.29324e-21)
(-0.328128 0.000231898 0)
(-0.327104 0.00021096 0)
(-0.32612 0.000193734 0)
(-0.325175 0.000180206 1.31128e-21)
(-0.324259 0.000169285 -1.31571e-21)
(-0.323373 0.000161123 0)
(-0.322507 0.000155274 0)
(-0.321665 0.000151461 0)
(-0.320837 0.000149742 0)
(-0.320024 0.000149774 0)
(-0.319219 0.000150971 0)
(-0.318424 0.000153226 0)
(-0.317634 0.000156803 0)
(-0.31685 0.000160953 1.35612e-21)
(-0.316065 0.000164658 -1.36064e-21)
(-0.315291 0.000168248 0)
(-0.314508 0.000172677 0)
(-0.313746 0.000177182 0)
(-0.312951 0.000181619 -1.37831e-21)
(-0.312213 0.000185824 0)
(-0.31139 0.000191246 0)
(-0.310657 0.000197118 0)
(-0.309879 0.000203582 0)
(-0.308897 0.000215511 0)
(-0.308148 0.000207063 -2.8011e-21)
(-0.307237 0.000274129 0)
(-0.30692 0.00014576 0)
(-0.335642 0.000681334 0)
(-0.328316 0.00113162 0)
(-0.32781 0.000691672 0)
(-0.327355 0.000451355 0)
(-0.307266 7.02139e-05 0)
(-0.349433 0.000574303 3.31385e-21)
(-0.347324 0.00155433 0)
(-0.328141 0.00119832 0)
(-0.320958 0.000903209 0)
(-0.316992 0.000648657 -3.05282e-21)
(-0.324074 8.85394e-05 0)
(-0.317806 -0.00013609 -3.13489e-21)
(-0.313089 -0.000131161 0)
(-0.304535 0.000159578 0)
(-0.301345 0.000333693 0)
(-0.305392 0.000229188 -3.10975e-21)
(-0.300267 -5.75179e-05 0)
(-0.340284 1.12816e-05 3.50891e-21)
(-0.326606 0.000808676 3.36879e-21)
(-0.310629 0.000866699 0)
(-0.318203 0.000128794 3.29874e-21)
(-0.30348 3.41864e-05 0)
(-0.298775 0.000277528 0)
(-0.298551 0.000380322 0)
(-0.300812 0.000543405 -3.18889e-21)
(-0.297918 0.000220479 0)
(-0.297819 0.000117983 -3.174e-21)
(-0.297493 0.000287067 3.16595e-21)
(-0.29727 0.000210623 0)
(-0.296977 0.000335993 0)
(-0.296696 -1.00245e-05 0)
(-0.318222 0.000358491 0)
(-0.304815 0.000828223 0)
(-0.295716 0.000670734 0)
(-0.295169 0.00049303 0)
(-0.298741 2.02588e-05 -3.11241e-21)
(-0.294388 -6.755e-06 0)
(-0.316887 2.99698e-05 0)
(-0.339565 -3.63e-05 0)
(-0.347875 0.000718641 0)
(-0.317923 0.00103942 0)
(-0.307413 0.000475811 0)
(-0.290636 0.000217789 0)
(-0.310196 0.000127309 0)
(-0.341106 0.000651404 0)
(-0.31638 0.0014034 0)
(-0.287285 0.00105437 0)
(-0.286454 0.000476643 0)
(-0.285639 0.00026275 -5.53649e-21)
(-0.302715 -1.87215e-05 0)
(-0.320868 0.000684134 0)
(-0.29091 0.000881941 0)
(-0.281754 0.000257813 5.17271e-21)
(-0.307 0.000260797 0)
(-0.307777 0.00019926 0)
(-0.312363 0.000859029 5.47198e-21)
(-0.280574 0.00102688 0)
(-0.316154 0.00124946 -5.23341e-21)
(-0.290286 0.00169131 0)
(-0.273804 0.000950367 0)
(-0.272751 0.000180377 0)
(-0.289617 -9.19695e-05 4.23303e-21)
(-0.299656 0.000555329 0)
(-0.273179 0.00124277 -3.68457e-21)
(-0.267093 0.000683009 0)
(-0.285584 0.000747197 0)
(-0.264342 0.000712136 0)
(-0.285694 0.000809556 0)
(-0.261287 0.000803977 0)
(-0.281476 7.39047e-05 0)
(-0.279247 0.000672719 0)
(-0.2561 0.000793628 0)
(-0.265303 0.000810847 0)
(-0.252698 0.000776433 0)
(-0.256403 0.000730298 0)
(-0.249151 0.000714639 -8.84605e-22)
(-0.24709 0.000689241 6.02285e-22)
(-0.273287 0.00117555 0)
(-0.280972 0.000846376 0)
(-0.273618 0.000751027 0)
(-0.266178 0.000643127 0)
(-0.256407 0.00151752 -1.08859e-21)
(-0.233115 0.00104176 1.32763e-21)
(-0.23105 -0.000370841 -1.78298e-21)
(-0.228987 -0.000492799 0)
(-0.225286 0.00100742 -2.64636e-21)
(-0.224913 0.00197503 -5.78302e-21)
(-0.226481 0.00163936 0)
(-0.223089 0.000855822 -7.29821e-21)
(-0.220451 0.000274603 8.58395e-21)
(-0.218761 0.000332895 0)
(-0.216086 0.000341356 0)
(-0.219917 0.00109874 0)
(-0.236747 0.00259759 0)
(-0.213384 0.00118347 0)
(-0.210736 -0.00116332 -1.44615e-20)
(-0.206548 -2.62583e-05 0)
(-0.204626 0.00121794 -1.65305e-20)
(-0.206465 0.00132645 0)
(-0.211246 0.00144971 0)
(-0.219065 0.00230016 0)
(-0.201421 0.000483982 0)
(-0.197101 -0.000463716 0)
(-0.195292 0.000447973 2.35602e-20)
(-0.190743 -0.000566245 0)
(-0.184261 -0.000762327 0)
(-0.179345 0.000285661 -3.00935e-20)
(-0.178168 0.0017015 0)
(-0.18016 0.00198802 0)
(-0.181107 0.00151645 0)
(-0.179076 0.000832926 3.35788e-20)
(-0.1736 0.000320946 0)
(-0.168051 0.000279711 0)
(-0.162882 0.000306263 0)
(-0.15715 0.000471042 0)
(-0.149796 0.000617901 -5.00614e-20)
(-0.138947 0.000924756 0)
(-0.125287 0.00144075 0)
(-0.109966 0.00186797 0)
(-0.0955792 0.00204474 8.57962e-20)
(-0.0804757 0.00195929 0)
(-0.07185 0.00226593 0)
(-0.0401029 0.0017153 -1.35789e-19)
(-0.072799 0.000770341 6.01853e-36)
(-0.108609 0.0062289 1.16948e-17)
(-0.133288 0.0108188 2.08601e-17)
(-0.14642 0.0135598 1.95499e-17)
(-0.154161 0.0150854 1.87685e-17)
(-0.159902 0.0160156 1.81529e-17)
(-0.164339 0.0166646 -1.76388e-17)
(-0.167429 0.0171144 -1.71665e-17)
(-0.169661 0.0174125 -6.01853e-36)
(-0.171661 0.0176365 -3.28376e-17)
(-0.173503 0.0178234 -1.60747e-17)
(-0.175421 0.0179916 3.97223e-34)
(-0.17761 0.0181707 0)
(-0.180316 0.0183869 -2.97273e-17)
(-0.183646 0.0186612 -2.86477e-17)
(-0.187668 0.0190018 -2.73921e-17)
(-0.192453 0.0194165 0)
(-0.197976 0.0199041 4.84624e-17)
(-0.204436 0.020478 2.22714e-17)
(-0.211547 0.0211224 2.40741e-35)
(-0.220274 0.0219014 -3.48596e-17)
(-0.228405 0.022672 -1.23377e-20)
(-0.242275 0.023846 0)
(-0.246068 0.0245525 1.31268e-17)
(-0.272639 0.0261208 -7.2626e-18)
)
;
    }
    lowerWall
    {
        type            calculated;
        value           nonuniform List<vector> 
250
(
(-0.637664 -0.00675304 0)
(-0.612355 -0.00953431 0)
(-0.58056 -0.00942411 0)
(-0.640302 -0.00989474 0)
(-0.627305 -0.00907458 0)
(-0.657932 -0.0095632 0)
(-0.57679 -0.00827641 0)
(-0.494001 -0.00686327 0)
(-0.482591 -0.00675169 0)
(-0.45545 -0.00530565 0)
(-0.453269 -0.00334663 0)
(-0.441445 -0.0024799 0)
(-0.435707 -0.0017599 0)
(-0.431363 -0.00025308 0)
(-0.494406 0.000404021 0)
(-0.450304 0.00115587 0)
(-0.466413 0.000916066 0)
(-0.43394 0.000395352 0)
(0.00211364 0.000106964 0)
(0.00234566 -0.00279533 0)
(0.00259739 -0.00578761 0)
(0.00295524 -0.00896361 1.16621e-19)
(0.00338663 -0.012189 -9.84716e-20)
(0.00364402 -0.0162105 8.8649e-20)
(0.00306046 -0.0165815 -8.06347e-20)
(0.00744927 -0.036117 0)
(-0.0567006 -0.1224 0)
(0.000223562 -0.000282556 0)
(5.21802e-05 -0.000802373 0)
(-1.49488e-05 -0.000883274 0)
(5.34913e-05 -0.000879951 0)
(3.27321e-05 -0.000851878 1.53328e-19)
(-0.000144045 -0.00028136 -1.49307e-19)
(-0.000594864 0.00118275 0)
(-0.00121335 0.00395159 -1.70003e-19)
(-0.00159874 0.0074724 1.297e-19)
(-0.00153387 0.0107759 0)
(-0.00112355 0.0131915 0)
(-0.00057629 0.0144359 0)
(-5.93823e-05 0.0144944 0)
(0.000346242 0.0135786 0)
(0.000682081 0.0119664 0)
(0.00100845 0.00970692 0)
(0.00136522 0.00684017 0)
(0.00176813 0.00341458 0)
(-0.00014737 -0.000283064 0)
(0.000170885 -0.000455776 0)
(0.00048374 -0.000510557 0)
(0.000811219 -0.000442249 0)
(0.00107401 -0.000204952 -0)
(0.00112493 0.000191236 -0)
(0.000875422 0.000667609 1.42441e-20)
(0.000354539 0.00111566 -1.62185e-20)
(-0.000369029 0.00144207 0)
(-0.00119899 0.00160623 -9.24955e-21)
(-0.00205528 0.00162198 0)
(-0.0028724 0.00152016 0)
(-0.00360413 0.00133773 0)
(-0.00422469 0.00110617 4.51544e-21)
(-0.00472256 0.000846865 0)
(-0.00509347 0.000571871 0)
(-0.00533502 0.000289599 -3.90814e-21)
(-0.00545183 -5.51954e-06 -0)
(-0.00541992 -0.000311826 0)
(-0.00523641 -0.000608545 -0)
(-0.00491008 -0.000875014 4.19527e-21)
(-0.00445309 -0.00109083 -0)
(-0.00388343 -0.00123474 4.95425e-21)
(-0.00322869 -0.00128742 0)
(-0.00252667 -0.00123458 -0)
(-0.00182631 -0.0010734 7.97718e-21)
(-0.00118405 -0.000819792 0)
(-0.000655448 -0.000516339 -1.30836e-20)
(-0.000274417 -0.000230066 0)
(-3.17878e-05 -2.28932e-05 2.32632e-20)
(0.000118157 0.000102336 0)
(0.000203281 0.000205241 0)
(0.000190778 0.000320097 0)
(7.55503e-05 0.000469624 0)
(-0.000176108 0.000666629 0)
(-0.000591424 0.000872777 -1.41228e-20)
(-0.00115182 0.00101238 0)
(-0.00176888 0.00101141 1.69945e-20)
(-0.00232396 0.000856323 0)
(-0.00271587 0.000593752 -1.36183e-20)
(-0.00290437 0.000310584 0)
(-0.00291696 8.37722e-05 0)
(-0.00281345 -3.98661e-05 1.35168e-20)
(-0.00266922 -3.33097e-05 0)
(-0.0025593 0.000105167 1.40877e-20)
(-0.00250151 0.000318289 -1.41723e-20)
(-0.0024377 0.000457932 0)
(-0.00222368 0.000278743 -1.52998e-20)
(-0.0015998 -0.00036946 -1.77896e-20)
(-0.000310069 -0.00110581 0)
(0.00149226 -0.00176861 0)
(0.00345193 -0.00246271 0)
(0.00569042 -0.003172 0)
(0.00818282 -0.00375365 -0)
(0.0108429 -0.00400686 3.4168e-21)
(0.013472 -0.00392467 0)
(0.0159568 -0.00383316 -2.66786e-21)
(0.0183633 -0.00375282 -0)
(0.020687 -0.00353411 -0)
(0.0231928 -0.00330442 2.12913e-21)
(0.0253829 -0.00304291 0)
(0.0273406 -0.00279064 -1.92783e-21)
(0.0295438 -0.00255834 -0)
(0.0322054 -0.00237783 0)
(0.034206 -0.00220302 -0)
(0.036345 -0.00205379 1.8238e-21)
(0.0382894 -0.00191263 0)
(0.0402004 -0.00178895 -0)
(0.042007 -0.00167828 1.77672e-21)
(0.0437669 -0.00158058 0)
(0.0454546 -0.00149326 1.75586e-21)
(0.0470963 -0.00141522 0)
(0.0486855 -0.00134458 0)
(0.050231 -0.00128026 0)
(0.0517354 -0.0012209 -1.7236e-21)
(0.0531993 -0.00116577 -0)
(0.0546277 -0.00111379 0)
(0.056018 -0.00106464 -1.702e-21)
(0.0573751 -0.0010174 -1.69478e-21)
(0.0586959 -0.000972105 -0)
(0.0599843 -0.00092797 -1.67984e-21)
(0.0612372 -0.000885014 0)
(0.0624567 -0.000842684 -3.32799e-21)
(0.0636409 -0.000801138 -0)
(0.0647905 -0.000759825 -3.29379e-21)
(0.065904 -0.000718866 -0)
(0.0669811 -0.000677806 3.25653e-21)
(0.0680207 -0.000636676 0)
(0.0690215 -0.000595028 0)
(0.0699822 -0.000552794 0)
(0.0709009 -0.000509363 -3.17056e-21)
(0.071776 -0.000464769 -0)
(0.0726057 -0.000418491 3.12075e-21)
(0.0733877 -0.000370232 0)
(0.0741196 -0.000319676 -3.06587e-21)
(0.074799 -0.000266486 -3.03644e-21)
(0.0754221 -0.000211102 -3.00565e-21)
(0.0759874 -0.000154712 -0)
(0.076493 -9.97411e-05 0)
(0.0769399 -4.9537e-05 0)
(0.0773337 -7.58491e-06 0)
(0.0776791 2.9719e-05 0)
(0.0779764 6.65015e-05 0)
(0.0782257 0.000102784 0)
(0.0784262 0.000138962 0)
(0.0785776 0.000175164 2.6559e-21)
(0.0786785 0.000211205 2.60711e-21)
(0.0787292 0.000247157 0)
(0.0787289 0.000282928 0)
(0.0786771 0.000318596 0)
(0.0785733 0.000353928 2.38996e-21)
(0.0784177 0.000389052 0)
(0.0782098 0.000423767 0)
(0.0779497 0.000458245 0)
(0.077637 0.000492162 0)
(0.0772726 0.000525691 -2.06585e-21)
(0.0768558 0.000558676 0)
(0.0763876 0.000591162 0)
(0.0758678 0.000622965 1.84106e-21)
(0.0752973 0.000654194 -1.76077e-21)
(0.0746764 0.000684691 0)
(0.0740059 0.000714531 -1.59181e-21)
(0.0732862 0.000743519 0)
(0.0725187 0.000771736 1.41134e-21)
(0.0717038 0.000799108 0)
(0.0708429 0.000825545 0)
(0.0699367 0.000850996 0)
(0.068991 0.00087526 0)
(0.0680043 0.000898789 0)
(0.0669597 0.000920714 -1.59332e-21)
(0.0658929 0.000941652 -1.36624e-21)
(0.0647731 0.000960713 0)
(0.0636285 0.000976342 0)
(0.06245 0.000986476 0)
(0.0612397 0.000987689 3.89265e-22)
(0.0600024 0.000979171 0)
(0.0587322 0.00098011 0)
(0.0574314 0.000994027 0)
(0.0560988 0.00100582 -7.04804e-22)
(0.0547407 0.00101637 9.99354e-22)
(0.0533582 0.00102583 0)
(0.0519541 0.00103434 0)
(0.0505295 0.0010421 1.93855e-21)
(0.0490865 0.00104912 2.27154e-21)
(0.0476266 0.00105555 0)
(0.0461508 0.00106132 0)
(0.0446618 0.00106672 -3.33782e-21)
(0.0431575 0.00107134 3.71818e-21)
(0.041644 0.00107575 0)
(0.0401172 0.0010794 0)
(0.038584 0.00108285 4.94383e-21)
(0.0370394 0.00108536 0)
(0.0354913 0.00108769 0)
(0.033936 0.00108947 6.31932e-21)
(0.0323777 0.00109075 0)
(0.0308176 0.00109201 7.33657e-21)
(0.0292554 0.00109297 0)
(0.0276937 0.00109405 0)
(0.026132 0.00109524 0)
(0.0245715 0.00109666 -9.67693e-21)
(0.0230123 0.00109841 0)
(0.0214546 0.00110044 0)
(0.0198987 0.0011028 0)
(0.0183448 0.00110548 0)
(0.0167933 0.00110858 0)
(0.0152445 0.00111221 0)
(0.0136982 0.00111653 -1.5276e-20)
(0.0121546 0.00112168 -1.63135e-20)
(0.0106132 0.00112781 0)
(0.00907373 0.00113488 0)
(0.007536 0.00114293 0)
(0.006 0.00115235 2.14365e-20)
(0.00446619 0.00116275 0)
(0.00293651 0.00117202 -4.96443e-20)
(0.00141531 0.0011761 5.36135e-20)
(-8.68974e-05 0.00116036 5.59935e-20)
(-0.00156926 0.00110406 -5.49099e-20)
(-0.00292805 0.00102325 5.26723e-20)
(-0.00442642 0.00085038 -5.09341e-20)
(-0.00470164 0.000442072 0)
(-0.00669079 0.000989654 -3.05327e-18)
(-0.00987262 0.000748381 -2.77904e-18)
(-0.013029 0.000386364 0)
(-0.0162395 4.97589e-05 -4.75546e-18)
(-0.0196458 -0.000297678 -8.86434e-18)
(-0.0232633 -0.000661449 -4.14444e-18)
(-0.0271024 -0.0010437 3.88419e-18)
(-0.0311851 -0.00144898 6.01853e-36)
(-0.0355394 -0.00188108 6.01853e-36)
(-0.0401825 -0.00234514 3.2254e-18)
(-0.0451331 -0.00282625 3.03591e-18)
(-0.0504015 -0.00331057 0)
(-0.0560192 -0.00384026 0)
(-0.0620329 -0.00444233 0)
(-0.0685001 -0.00510213 4.749e-36)
(-0.0754219 -0.00581459 -5.11575e-35)
(-0.0829522 -0.00658259 4.81482e-35)
(-0.0909415 -0.00741098 -3.77546e-18)
(-0.0999708 -0.00831098 -3.44047e-18)
(-0.109088 -0.00928481 6.01853e-36)
(-0.120718 -0.0103558 5.41649e-18)
(-0.130325 -0.0115308 8.99256e-18)
(-0.147861 -0.0127707 1.80556e-35)
(-0.155273 -0.0142894 -4.33925e-18)
(-0.190118 -0.0166394 -3.00927e-36)
)
;
    }
    frontAndBack
    {
        type            empty;
    }
}


// ************************************************************************* //
