/*--------------------------------*- C++ -*----------------------------------*\
  =========                 |
  \\      /  F ield         | OpenFOAM: The Open Source CFD Toolbox
   \\    /   O peration     | Website:  https://openfoam.org
    \\  /    A nd           | Version:  8
     \\/     M anipulation  |
\*---------------------------------------------------------------------------*/
FoamFile
{
    version     2.0;
    format      ascii;
    class       volVectorField;
    location    "100";
    object      wallShearStress;
}
// * * * * * * * * * * * * * * * * * * * * * * * * * * * * * * * * * * * * * //

dimensions      [0 2 -2 0 0 0 0];

internalField   uniform (0 0 0);

boundaryField
{
    inlet
    {
        type            calculated;
        value           uniform (0 0 0);
    }
    outlet
    {
        type            calculated;
        value           uniform (0 0 0);
    }
    upperWall
    {
        type            calculated;
        value           nonuniform List<vector> 
223
(
(-0.452912 -0.0327926 0)
(-0.517116 -0.0431553 0)
(-0.546627 -0.0318843 0)
(-0.544194 -0.0196343 0)
(-0.539244 -0.0115595 0)
(-0.528625 -0.00635366 0)
(-0.518214 -0.003182 0)
(-0.507021 -0.00125843 0)
(-0.49623 -0.000107433 0)
(-0.486182 0.000563807 0)
(-0.476994 0.000943804 0)
(-0.468657 0.00114607 0)
(-0.461132 0.00124015 0)
(-0.45434 0.00126998 0)
(-0.448212 0.00126297 0)
(-0.442669 0.00124008 0)
(-0.437618 0.00121198 0)
(-0.433023 0.00122799 0)
(-0.429312 0.00127385 0)
(-0.426348 0.00131758 6.60351e-22)
(-0.423428 0.00132653 0)
(-0.420566 0.0013086 0)
(-0.417763 0.00127413 0)
(-0.415025 0.00122965 6.71772e-22)
(-0.412355 0.00117958 0)
(-0.409759 0.00112651 0)
(-0.407235 0.00107296 0)
(-0.404782 0.0010199 -1.3617e-21)
(-0.402399 0.000968494 1.36577e-21)
(-0.400085 0.000918948 1.36972e-21)
(-0.397838 0.000871946 0)
(-0.395656 0.00082749 -1.37737e-21)
(-0.393537 0.000785719 0)
(-0.391477 0.00074686 1.38475e-21)
(-0.389474 0.000710867 1.38835e-21)
(-0.387527 0.000677471 -1.39188e-21)
(-0.385631 0.000646724 0)
(-0.383784 0.000618333 0)
(-0.381985 0.000592342 0)
(-0.380229 0.000568674 0)
(-0.378515 0.000547165 -1.40911e-21)
(-0.37684 0.000527638 0)
(-0.375202 0.000509903 0)
(-0.373599 0.000493996 1.41921e-21)
(-0.372027 0.000479713 0)
(-0.370485 0.000466914 1.42592e-21)
(-0.368972 0.000455558 -1.42926e-21)
(-0.367485 0.000445573 1.43256e-21)
(-0.366022 0.000436768 0)
(-0.364581 0.000429021 0)
(-0.36316 0.000422284 0)
(-0.361759 0.000416643 1.44514e-21)
(-0.360373 0.000411971 -1.44818e-21)
(-0.359004 0.000408164 0)
(-0.357646 0.000404995 0)
(-0.356304 0.000402623 0)
(-0.354968 0.000400981 0)
(-0.353645 0.000399988 0)
(-0.352325 0.00039958 0)
(-0.351014 0.000399766 0)
(-0.349705 0.000400499 0)
(-0.348401 0.000401629 1.47108e-21)
(-0.347095 0.000403164 -1.47285e-21)
(-0.345792 0.000405029 0)
(-0.344486 0.000407286 0)
(-0.343176 0.000409725 0)
(-0.341865 0.000412633 -1.47777e-21)
(-0.340543 0.000415661 0)
(-0.339219 0.000418823 0)
(-0.337884 0.000422354 0)
(-0.336541 0.00042576 0)
(-0.335187 0.000429525 0)
(-0.333824 0.000433459 -2.95299e-21)
(-0.332442 0.000437312 0)
(-0.331054 0.000441418 0)
(-0.329644 0.000446074 0)
(-0.328223 0.000449974 0)
(-0.326778 0.000453738 0)
(-0.325331 0.000458542 0)
(-0.323847 0.000464433 0)
(-0.322351 0.000471309 2.90095e-21)
(-0.320847 0.000486283 0)
(-0.319084 0.000489356 0)
(-0.317664 -0.000109042 0)
(-0.315842 -0.000417223 -2.82599e-21)
(-0.313931 0.00100584 0)
(-0.328189 0.0019502 -2.9642e-21)
(-0.318987 0.0016247 0)
(-0.322743 0.00134664 0)
(-0.320728 0.000601153 0)
(-0.320761 -2.81399e-05 -2.95309e-21)
(-0.306878 -0.000201664 0)
(-0.327777 -6.15347e-05 3.03054e-21)
(-0.304752 -6.63039e-05 2.81377e-21)
(-0.428637 -0.000257918 0)
(-0.474093 -0.000522154 4.33517e-21)
(-0.467183 -0.0012386 0)
(-0.48998 0.00315421 0)
(-0.425049 0.00762904 0)
(-0.372822 0.00701752 -3.1635e-21)
(-0.364388 0.00680959 0)
(-0.326457 0.00432118 -2.67492e-21)
(-0.314378 0.00534663 2.58927e-21)
(-0.313315 0.00362318 0)
(-0.326724 -0.00167674 0)
(-0.317763 -0.00260152 0)
(-0.314611 -0.00274141 0)
(-0.289587 -0.00231896 0)
(-0.342693 -0.00309309 0)
(-0.429191 -0.00311275 0)
(-0.443674 -0.00192058 -3.81343e-21)
(-0.44007 0.00115061 0)
(-0.376172 0.00108539 0)
(-0.328995 0.000275505 0)
(-0.295667 0.000708273 0)
(-0.275077 -0.000660471 0)
(-0.329905 0.0017859 0)
(-0.293525 0.00284625 0)
(-0.268197 0.0020625 0)
(-0.266219 0.00118144 0)
(-0.263555 -0.000583405 0)
(-0.326607 0.00260338 0)
(-0.293053 0.00488769 0)
(-0.255872 0.00178027 -3.96172e-21)
(-0.252568 -0.000721872 0)
(-0.304215 0.00221998 0)
(-0.268469 0.00445031 0)
(-0.244344 0.00378763 3.4525e-21)
(-0.241462 0.00289166 0)
(-0.238165 0.00250589 0)
(-0.234531 0.00125919 2.92093e-21)
(-0.230779 -0.00155459 0)
(-0.259378 -7.13924e-05 -3.0403e-21)
(-0.223405 0.000591841 0)
(-0.249089 0.000788263 0)
(-0.216342 0.00098775 0)
(-0.235371 0.000947106 1.48156e-21)
(-0.208832 0.00178249 0)
(-0.204607 0.000255396 -5.3232e-22)
(-0.227563 0.000304703 0)
(-0.244436 -1.20922e-06 0)
(-0.235786 0.00209485 0)
(-0.188837 0.00426181 0)
(-0.185005 0.00214683 0)
(-0.1976 -0.00144277 0)
(-0.187526 -0.00175371 0)
(-0.170304 0.000190009 0)
(-0.166338 0.00168708 0)
(-0.192666 0.00253159 0)
(-0.160129 0.00230247 0)
(-0.161517 0.00146182 6.79071e-21)
(-0.153629 0.00040403 -7.7627e-21)
(-0.148365 0.00123289 0)
(-0.154155 0.00224573 0)
(-0.152459 0.00191356 0)
(-0.144257 0.000945332 0)
(-0.134427 2.04267e-05 -1.28641e-20)
(-0.125836 -0.000211934 1.49926e-20)
(-0.116819 -0.000109453 -1.72096e-20)
(-0.109001 1.06322e-05 0)
(-0.10314 5.66521e-05 -2.11061e-20)
(-0.0993001 1.30312e-05 -4.5333e-20)
(-0.096975 1.62402e-06 0)
(-0.0954485 1.17401e-05 -5.06304e-20)
(-0.0943932 4.61141e-05 5.31665e-20)
(-0.0934066 9.62021e-05 0)
(-0.0924793 0.000131375 0)
(-0.0914881 0.000160593 0)
(-0.0906169 0.000156745 0)
(-0.0897516 0.000166564 0)
(-0.0890123 0.000151442 -6.98945e-20)
(-0.0882705 0.00015488 0)
(-0.087716 0.000130314 -7.55079e-20)
(-0.0871171 0.000137757 0)
(-0.0867323 0.000112108 0)
(-0.0862232 0.000129539 0)
(-0.0859514 0.000107441 0)
(-0.0854465 0.000138416 0)
(-0.0851875 0.000114363 9.20407e-20)
(-0.0846433 0.000149258 0)
(-0.0843843 0.000117188 0)
(-0.0838246 0.00015619 -1.00654e-19)
(-0.0835605 0.000124929 0)
(-0.0829151 0.00017319 0)
(-0.0825874 0.000140632 0)
(-0.0818164 0.000196275 1.12754e-19)
(-0.0813756 0.000163825 0)
(-0.0804169 0.000229928 0)
(-0.0797773 0.000205363 0)
(-0.0784719 0.000291118 0)
(-0.0774183 0.0002803 -1.30855e-19)
(-0.0755528 0.00038374 0)
(-0.073843 0.000400042 0)
(-0.0710001 0.000540138 0)
(-0.0683112 0.000662048 1.53776e-19)
(-0.0624123 0.000899063 0)
(-0.0600167 0.00141255 0)
(-0.0368225 0.00120324 -2.01145e-19)
(-0.0638891 0.00124969 0)
(-0.091856 0.00603868 1.73126e-17)
(-0.110415 0.00943182 3.17238e-17)
(-0.119921 0.0113582 3.01589e-17)
(-0.126495 0.0123381 2.89849e-17)
(-0.132065 0.0130978 2.80066e-17)
(-0.137357 0.0136314 -2.70509e-17)
(-0.141814 0.0141653 -2.62066e-17)
(-0.146474 0.0145745 0)
(-0.150939 0.0150592 -4.88837e-17)
(-0.155804 0.0154894 -2.35137e-17)
(-0.160576 0.0159913 6.25927e-34)
(-0.165982 0.0164588 0)
(-0.171538 0.017019 -4.10134e-17)
(-0.177773 0.0175779 -3.87644e-17)
(-0.184148 0.0182169 -3.63755e-17)
(-0.191391 0.0188709 -2.40741e-35)
(-0.198915 0.0196053 6.21391e-17)
(-0.207656 0.020405 2.80868e-17)
(-0.216547 0.0212654 1.20371e-35)
(-0.2277 0.0222878 -4.26093e-17)
(-0.237261 0.0232493 -1.41187e-20)
(-0.254764 0.0247387 0)
(-0.258542 0.0255686 1.55128e-17)
(-0.29336 0.0276578 -8.85285e-18)
)
;
    }
    lowerWall
    {
        type            calculated;
        value           nonuniform List<vector> 
250
(
(-0.704675 0.111456 0)
(-0.654585 0.0823573 0)
(-0.629975 0.0516788 0)
(-0.591483 0.0285182 0)
(-0.569329 0.0158192 0)
(-0.540802 0.00306275 0)
(-0.532765 -0.000699764 0)
(-0.537538 0.00311438 0)
(-0.522074 0.00207255 0)
(-0.498238 0.000285936 0)
(-0.490194 -0.00214583 0)
(-0.483506 -0.00151339 0)
(-0.477357 -0.00111323 0)
(-0.473632 0.00078466 0)
(-0.550837 -0.00439763 0)
(-0.509545 -0.00925516 0)
(-0.479709 -0.011748 0)
(-0.475141 -0.00527377 0)
(0.00244313 -0.0154397 0)
(0.00234614 -0.0186855 0)
(0.00224673 -0.0215795 0)
(0.0021563 -0.0241384 6.87354e-20)
(0.00210412 -0.0262364 -6.54021e-20)
(0.00251462 -0.0282486 6.33026e-20)
(0.00302613 -0.0283137 -6.01062e-20)
(0.0060347 -0.0501981 0)
(-0.0997961 -0.165138 0)
(0.000465539 -0.00101398 0)
(-0.000271593 -0.00235416 0)
(-4.33704e-05 -0.00218775 0)
(2.47271e-05 -0.00106766 0)
(-0.00158779 0.00131092 1.09925e-19)
(-0.00314506 0.00756683 -6.72009e-20)
(-0.00296463 0.0142532 0)
(-0.00179416 0.0186968 -8.44485e-20)
(-0.000617325 0.0204701 7.97596e-20)
(0.000219483 0.020067 0)
(0.000786844 0.0183166 0)
(0.00126423 0.0155726 0)
(0.00169107 0.012038 0)
(0.00208838 0.00791676 0)
(0.00245649 0.00342362 0)
(0.00267065 -0.00129509 0)
(0.00264768 -0.006201 0)
(0.00257341 -0.011198 0)
(-0.000431333 -0.000937121 0)
(0.000928317 -0.00110759 0)
(0.00174675 -0.000541359 0)
(0.00191311 0.000456435 0)
(0.00125941 0.00156516 -0)
(9.60291e-05 0.00243937 0)
(-0.00133683 0.00290576 8.20894e-21)
(-0.00287367 0.00300944 -5.6847e-21)
(-0.0043264 0.0028218 0)
(-0.00559121 0.00245513 -3.72631e-21)
(-0.00662258 0.00199115 0)
(-0.00741639 0.00147763 0)
(-0.00797269 0.000930927 0)
(-0.00829058 0.000348354 2.90953e-21)
(-0.00834497 -0.000279145 0)
(-0.00809305 -0.000921155 0)
(-0.00754216 -0.00152511 -3.12231e-21)
(-0.00671085 -0.0020346 -0)
(-0.00563224 -0.00238379 0)
(-0.00436455 -0.00250464 -0)
(-0.0030106 -0.0023298 5.65093e-21)
(-0.00170891 -0.00183937 0)
(-0.000635724 -0.00106769 1.08689e-20)
(1.98866e-05 -0.000166359 0)
(0.00022065 0.000615917 0)
(0.000134374 0.0011987 2.77908e-20)
(-0.000249963 0.00171037 0)
(-0.00094793 0.00209981 -1.30578e-20)
(-0.00180156 0.00215287 0)
(-0.0025581 0.00189204 7.98329e-21)
(-0.00306318 0.00146283 0)
(-0.00325701 0.00104008 0)
(-0.00318275 0.00075959 0)
(-0.00293569 0.000595323 0)
(-0.00254475 0.000317859 0)
(-0.00188776 -0.000418845 -9.48143e-21)
(-0.000426301 -0.00140591 0)
(0.00162213 -0.00244826 1.04833e-20)
(0.00398276 -0.00340976 0)
(0.00674345 -0.00401023 -5.27334e-21)
(0.009583 -0.00435984 0)
(0.0124048 -0.00487063 -0)
(0.015735 -0.0052676 2.94263e-21)
(0.018797 -0.00496663 0)
(0.0228734 -0.00486211 2.60125e-21)
(0.0263999 -0.00469832 -2.46613e-21)
(0.0300524 -0.00446103 -0)
(0.0333543 -0.00413622 -2.29618e-21)
(0.0365525 -0.00379315 -2.2375e-21)
(0.0394435 -0.00343578 -0)
(0.0421488 -0.00309452 0)
(0.0445969 -0.00277605 0)
(0.0468462 -0.00248802 0)
(0.0488714 -0.00222925 -0)
(0.0506816 -0.00199598 2.02576e-21)
(0.0521382 -0.00177814 0)
(0.0540308 -0.00158417 -1.98612e-21)
(0.0558015 -0.00143597 -0)
(0.0575885 -0.0013694 -0)
(0.0592271 -0.00130039 1.96202e-21)
(0.0609004 -0.0012193 0)
(0.0622113 -0.00114242 -1.94089e-21)
(0.0636984 -0.0010848 -0)
(0.0650072 -0.00104263 0)
(0.0663499 -0.00100452 -0)
(0.0676177 -0.000972521 1.89334e-21)
(0.0689139 -0.000949508 0)
(0.0702119 -0.00093534 -0)
(0.0715296 -0.000927765 1.85498e-21)
(0.0728651 -0.000925648 0)
(0.0742231 -0.000928582 1.82745e-21)
(0.075599 -0.000936446 0)
(0.0769935 -0.000948178 0)
(0.0783706 -0.00096191 0)
(0.0797774 -0.000978769 -1.76574e-21)
(0.0811369 -0.000994762 -0)
(0.0825003 -0.00100977 0)
(0.0838034 -0.00102422 -1.7117e-21)
(0.0850389 -0.00103561 -1.6901e-21)
(0.0860645 -0.00103494 -0)
(0.0867178 -0.00100979 -1.63276e-21)
(0.0882206 -0.000953808 0)
(0.0906153 -0.000923475 -3.23222e-21)
(0.0923557 -0.000972271 -0)
(0.0938644 -0.000994777 -3.16862e-21)
(0.0954571 -0.000956244 -0)
(0.0969473 -0.000914248 3.10345e-21)
(0.0983804 -0.000868786 0)
(0.0997172 -0.000814824 0)
(0.100998 -0.000747707 0)
(0.10222 -0.00067495 -2.9639e-21)
(0.103299 -0.00059378 -0)
(0.104223 -0.000500622 2.88698e-21)
(0.104831 -0.00039729 0)
(0.104971 -0.000281589 -2.79035e-21)
(0.105747 -0.000143903 -2.75798e-21)
(0.107226 -3.51739e-05 -2.74413e-21)
(0.107677 4.20343e-05 -0)
(0.108206 0.000125236 0)
(0.108368 0.000218715 0)
(0.1084 0.000335172 0)
(0.108206 0.00045269 0)
(0.107751 0.000570619 -0)
(0.106858 0.000695397 -0)
(0.106291 0.000841362 -0)
(0.105862 0.000982183 2.28179e-21)
(0.104516 0.00108374 2.20002e-21)
(0.103389 0.00121456 0)
(0.10244 0.00137353 0)
(0.100759 0.00149437 0)
(0.0993372 0.00161527 1.83604e-21)
(0.0972635 0.00174308 0)
(0.095323 0.00186454 0)
(0.0933422 0.00197832 0)
(0.0908707 0.00208522 0)
(0.0883125 0.0021856 -1.14332e-21)
(0.0856079 0.0022773 0)
(0.0827814 0.00235998 0)
(0.0798451 0.00243257 5.8416e-22)
(0.0768136 0.00249469 -3.72408e-22)
(0.0737027 0.0025459 0)
(0.0705278 0.00258626 9.02629e-23)
(0.0673046 0.00261547 0)
(0.0640494 0.00263406 -6.06364e-22)
(0.0607768 0.00264216 0)
(0.0575017 0.00264051 0)
(0.0542379 0.0026296 0)
(0.0509979 0.00261049 0)
(0.0477934 0.00258381 0)
(0.0446347 0.00255084 5.00759e-21)
(0.0415303 0.00251245 5.75737e-21)
(0.0384879 0.00246972 0)
(0.0355128 0.00242385 0)
(0.0326103 0.00237616 0)
(0.0297839 0.00232759 -9.20574e-21)
(0.0270348 0.00227932 0)
(0.0243631 0.00223233 0)
(0.0217704 0.00218773 0)
(0.0192547 0.00214619 -1.36973e-20)
(0.016814 0.00210853 1.50669e-20)
(0.0144454 0.00207618 0)
(0.0121457 0.00204932 0)
(0.00991141 0.00203003 2.0089e-20)
(0.00773802 0.00201917 2.21747e-20)
(0.00562176 0.00201531 0)
(0.00355869 0.00201579 0)
(0.00154064 0.00201016 -2.97292e-20)
(-0.000452564 0.00196631 2.97159e-20)
(-0.00242075 0.00188973 0)
(-0.0043512 0.00181411 0)
(-0.00624744 0.00174432 2.51684e-20)
(-0.00810989 0.00168031 0)
(-0.00993909 0.00162164 0)
(-0.0117356 0.00156747 2.21091e-20)
(-0.0135001 0.00151723 0)
(-0.0152327 0.00147015 2.05696e-20)
(-0.0169333 0.0014258 0)
(-0.0186018 0.0013838 0)
(-0.0202378 0.00134378 0)
(-0.0218405 0.00130535 -1.82401e-20)
(-0.0234094 0.00126824 0)
(-0.0249414 0.00123179 0)
(-0.0264352 0.0011956 0)
(-0.0278888 0.00115943 0)
(-0.0293008 0.00112327 0)
(-0.0306698 0.00108694 0)
(-0.0319937 0.00105041 -1.55289e-20)
(-0.0332713 0.00101358 -1.52294e-20)
(-0.0345008 0.000975522 0)
(-0.0356791 0.000936058 0)
(-0.0368048 0.000895514 0)
(-0.0378675 0.000852137 1.41937e-20)
(-0.0388746 0.000805372 0)
(-0.0397816 0.000751932 -2.75459e-20)
(-0.0406409 0.000688503 2.72133e-20)
(-0.0412712 0.000606954 2.68772e-20)
(-0.0419185 0.000483419 -2.67304e-20)
(-0.0418392 0.000295967 2.65636e-20)
(-0.0421537 -0.000234554 -2.69731e-20)
(-0.0385006 -0.000727037 0)
(-0.0407381 -0.000908327 -1.72737e-18)
(-0.0449876 -0.00223725 -1.62952e-18)
(-0.0497876 -0.0031975 -1.50463e-36)
(-0.0538119 -0.0038761 -3.01685e-18)
(-0.0573479 -0.00440308 -5.84934e-18)
(-0.0608418 -0.00486813 -2.83459e-18)
(-0.0643431 -0.00530213 2.74509e-18)
(-0.0678984 -0.00572421 3.00927e-35)
(-0.0715729 -0.006146 6.01853e-36)
(-0.0754352 -0.00657498 2.50319e-18)
(-0.0795421 -0.0070201 2.42771e-18)
(-0.0839073 -0.00749122 3.00927e-36)
(-0.0886118 -0.00798015 0)
(-0.0936693 -0.0084896 0)
(-0.0991723 -0.00905318 -9.41806e-35)
(-0.105124 -0.00966642 1.22251e-35)
(-0.111691 -0.0103261 -9.0278e-36)
(-0.11875 -0.0110298 -3.62541e-18)
(-0.12686 -0.0118359 -3.36906e-18)
(-0.135374 -0.0127027 6.01853e-36)
(-0.145626 -0.0136558 5.46082e-18)
(-0.155567 -0.0147 9.27242e-18)
(-0.169864 -0.0157996 6.01853e-36)
(-0.179086 -0.0172882 -4.6222e-18)
(-0.204751 -0.018285 -3.31019e-35)
)
;
    }
    frontAndBack
    {
        type            empty;
    }
}


// ************************************************************************* //
