/*--------------------------------*- C++ -*----------------------------------*\
  =========                 |
  \\      /  F ield         | OpenFOAM: The Open Source CFD Toolbox
   \\    /   O peration     | Website:  https://openfoam.org
    \\  /    A nd           | Version:  8
     \\/     M anipulation  |
\*---------------------------------------------------------------------------*/
FoamFile
{
    version     2.0;
    format      ascii;
    class       volVectorField;
    location    "700";
    object      wallShearStress;
}
// * * * * * * * * * * * * * * * * * * * * * * * * * * * * * * * * * * * * * //

dimensions      [0 2 -2 0 0 0 0];

internalField   uniform (0 0 0);

boundaryField
{
    inlet
    {
        type            calculated;
        value           uniform (0 0 0);
    }
    outlet
    {
        type            calculated;
        value           uniform (0 0 0);
    }
    upperWall
    {
        type            calculated;
        value           nonuniform List<vector> 
223
(
(-0.444184 0.00308941 0)
(-0.472686 0.00557618 0)
(-0.500972 0.00697204 0)
(-0.505622 0.00743494 0)
(-0.500492 0.00736987 0)
(-0.489712 0.00697652 0)
(-0.477688 0.00644257 0)
(-0.465454 0.00585273 0)
(-0.453044 0.0052473 0)
(-0.441432 0.00466639 0)
(-0.430793 0.00412551 0)
(-0.421156 0.00362941 0)
(-0.412516 0.00317961 0)
(-0.404806 0.00277677 0)
(-0.397951 0.00241955 0)
(-0.391867 0.00211816 0)
(-0.386412 0.00187684 0)
(-0.381551 0.00173423 0)
(-0.377661 0.00166025 0)
(-0.374581 0.00161754 5.82374e-22)
(-0.371564 0.00155528 0)
(-0.368619 0.00148194 0)
(-0.365747 0.00140269 0)
(-0.36295 0.00132095 5.93472e-22)
(-0.360236 0.00123799 0)
(-0.357606 0.00115574 0)
(-0.355065 0.00107428 0)
(-0.352613 0.000995215 -1.20659e-21)
(-0.350251 0.000918119 1.21126e-21)
(-0.347981 0.000843945 1.21585e-21)
(-0.345801 0.000772665 0)
(-0.343711 0.000705148 -1.22482e-21)
(-0.341708 0.000640896 0)
(-0.339791 0.000580472 1.23355e-21)
(-0.337957 0.000523499 1.23785e-21)
(-0.336205 0.000470189 -1.2421e-21)
(-0.33453 0.000420316 0)
(-0.332931 0.000373808 0)
(-0.331406 0.000330734 0)
(-0.329952 0.000291152 0)
(-0.328564 0.000255017 -1.2628e-21)
(-0.32724 0.000222209 0)
(-0.325977 0.000192727 0)
(-0.324769 0.000166521 1.27502e-21)
(-0.323614 0.00014337 0)
(-0.322508 0.000123168 1.28318e-21)
(-0.321448 0.000105836 -1.28728e-21)
(-0.320429 9.10611e-05 1.29139e-21)
(-0.319449 7.86188e-05 0)
(-0.318504 6.85963e-05 0)
(-0.317593 6.05027e-05 0)
(-0.316711 5.45081e-05 1.30805e-21)
(-0.315857 5.01091e-05 -1.31229e-21)
(-0.315028 4.73509e-05 0)
(-0.314222 4.58592e-05 0)
(-0.313437 4.57244e-05 0)
(-0.312672 4.67889e-05 0)
(-0.311924 4.90182e-05 0)
(-0.311189 5.22435e-05 0)
(-0.310471 5.65136e-05 0)
(-0.309754 6.19088e-05 0)
(-0.309063 6.81716e-05 1.35084e-21)
(-0.308346 7.507e-05 -1.3549e-21)
(-0.307689 8.2709e-05 0)
(-0.306941 9.12581e-05 0)
(-0.306338 0.000101192 0)
(-0.30553 0.000110194 -1.37038e-21)
(-0.304894 0.000119988 0)
(-0.304527 0.000135787 0)
(-0.301971 0.000149262 0)
(-0.308511 0.000152986 0)
(-0.301722 0.000135007 0)
(-0.349786 0.00060166 -3.21693e-21)
(-0.340874 0.00115464 0)
(-0.324553 0.000890619 0)
(-0.318329 0.000857264 0)
(-0.332172 0.00114602 0)
(-0.320064 0.000797052 0)
(-0.326096 0.000547493 0)
(-0.324854 0.000398673 0)
(-0.319218 0.000170528 3.10163e-21)
(-0.313527 -5.5267e-05 0)
(-0.304227 -0.000108014 0)
(-0.300697 -0.000310792 0)
(-0.328692 0.000200875 -3.30651e-21)
(-0.330666 0.00112672 0)
(-0.313757 0.000715786 -3.15667e-21)
(-0.307074 0.00058333 0)
(-0.314311 0.00106779 0)
(-0.333317 0.00129494 0)
(-0.316748 0.000837368 -3.23757e-21)
(-0.321072 0.000283487 0)
(-0.318246 -0.000227676 3.34182e-21)
(-0.305519 -0.000472757 3.24523e-21)
(-0.302867 -0.000358123 0)
(-0.29515 -0.000410791 3.18143e-21)
(-0.334743 -0.000420538 0)
(-0.357273 -0.000148269 0)
(-0.368025 0.000327174 0)
(-0.338833 0.000462073 -3.67667e-21)
(-0.318088 0.000467995 0)
(-0.303849 0.000282266 -3.31401e-21)
(-0.333482 0.000574017 3.65285e-21)
(-0.313497 0.000733245 0)
(-0.309952 0.000203624 0)
(-0.29166 0.000103913 0)
(-0.312218 0.000119258 0)
(-0.350693 0.000401632 0)
(-0.322044 9.52539e-05 0)
(-0.333155 0.000591707 0)
(-0.309137 0.00103836 -3.3244e-21)
(-0.29274 0.000663114 0)
(-0.288127 0.00068604 0)
(-0.287624 0.000943293 0)
(-0.290265 0.0013428 0)
(-0.286006 0.000933514 0)
(-0.285421 0.000794329 0)
(-0.284496 0.000608825 0)
(-0.283823 -5.7049e-05 0)
(-0.306806 -0.000228276 0)
(-0.335163 0.000357796 0)
(-0.309351 0.00107362 0)
(-0.28056 0.000804911 0)
(-0.279721 0.000105083 -5.62069e-21)
(-0.305256 -0.000136913 0)
(-0.305072 -0.000117929 0)
(-0.311315 0.000542254 0)
(-0.280628 0.000767622 5.41581e-21)
(-0.301316 0.000322201 0)
(-0.317369 0.000797569 0)
(-0.288983 0.00115009 5.30623e-21)
(-0.270803 0.00103362 0)
(-0.269394 0.000694311 -4.73283e-21)
(-0.268396 0.00023512 0)
(-0.269336 4.89946e-05 0)
(-0.278758 0.000606023 0)
(-0.263834 0.000822083 4.1686e-21)
(-0.281929 0.00108584 0)
(-0.261103 0.00097679 -3.8204e-21)
(-0.281994 0.000982568 0)
(-0.258526 0.000820989 0)
(-0.278218 0.000921211 0)
(-0.255712 0.0012661 0)
(-0.254208 0.000512822 0)
(-0.262478 -5.47294e-05 0)
(-0.263843 0.000462278 0)
(-0.24907 0.000614247 0)
(-0.250635 0.000624848 0)
(-0.245564 0.000588703 0)
(-0.243477 0.000890002 0)
(-0.242299 0.00197578 -1.12829e-21)
(-0.240604 0.0020895 8.3791e-22)
(-0.238613 0.00169016 0)
(-0.23688 0.000598126 0)
(-0.234729 8.65858e-05 0)
(-0.257364 0.00114456 0)
(-0.231287 0.000359412 -7.50872e-22)
(-0.228636 -0.000878061 1.16806e-21)
(-0.22566 -0.000735165 -1.57411e-21)
(-0.221682 0.000915675 0)
(-0.220834 0.00214456 -2.21934e-21)
(-0.21929 0.00175019 -5.21703e-21)
(-0.21844 0.00062848 0)
(-0.21562 0.000511336 -7.1704e-21)
(-0.215034 0.000604097 7.84655e-21)
(-0.211732 -0.000216767 0)
(-0.208822 0.000418066 0)
(-0.207143 0.00076395 0)
(-0.20574 0.0010977 0)
(-0.21552 0.000621831 0)
(-0.199239 0.000206528 -1.44834e-20)
(-0.196693 0.000348242 0)
(-0.192974 -0.000783344 -1.6785e-20)
(-0.18857 0.000269405 0)
(-0.189653 0.00252176 0)
(-0.19118 0.00267963 0)
(-0.191618 0.00205839 0)
(-0.190879 0.00112489 0)
(-0.187854 0.000404562 2.31666e-20)
(-0.183923 0.000352332 0)
(-0.179732 0.000433953 0)
(-0.175798 0.00053994 -2.88172e-20)
(-0.172922 0.000666373 0)
(-0.17096 0.000638748 0)
(-0.169298 0.000414471 0)
(-0.166805 0.000220727 3.4877e-20)
(-0.163156 0.000104463 0)
(-0.157728 0.00011935 0)
(-0.149907 0.000340507 0)
(-0.139373 0.00076518 0)
(-0.126759 0.00128648 -5.77043e-20)
(-0.113212 0.00167472 0)
(-0.100331 0.00178282 0)
(-0.0886108 0.00163926 0)
(-0.0790446 0.001437 9.5182e-20)
(-0.0686073 0.0013391 0)
(-0.0635312 0.00175004 0)
(-0.0348994 0.00144787 -1.40557e-19)
(-0.0672738 0.000417942 1.20371e-35)
(-0.101184 0.00572591 1.19724e-17)
(-0.124456 0.0101218 2.14798e-17)
(-0.136828 0.0127009 2.01856e-17)
(-0.144147 0.0141086 1.94032e-17)
(-0.149651 0.0149766 1.87756e-17)
(-0.153975 0.0155873 -1.82464e-17)
(-0.157104 0.0160268 -1.77587e-17)
(-0.159496 0.0163327 0)
(-0.161689 0.0165692 -3.38852e-17)
(-0.163828 0.0167841 -1.65497e-17)
(-0.166052 0.016987 6.19909e-34)
(-0.168491 0.0172008 -1.20371e-35)
(-0.171431 0.0174391 -3.04272e-17)
(-0.174894 0.0177349 -2.92687e-17)
(-0.179096 0.0180862 -2.79482e-17)
(-0.183929 0.0185149 -4.81482e-35)
(-0.189598 0.0190072 4.92992e-17)
(-0.19604 0.01959 2.26028e-17)
(-0.203292 0.0202378 3.61112e-35)
(-0.211898 0.021017 -3.52508e-17)
(-0.22024 0.0217947 -1.22734e-20)
(-0.233687 0.022951 0)
(-0.238089 0.0236755 1.33123e-17)
(-0.263625 0.0252345 -7.09392e-18)
)
;
    }
    lowerWall
    {
        type            calculated;
        value           nonuniform List<vector> 
250
(
(-0.622783 -0.00659893 0)
(-0.593134 -0.0103025 0)
(-0.566227 -0.0102976 0)
(-0.539876 -0.009783 0)
(-0.51728 -0.00851311 0)
(-0.498927 -0.00638582 0)
(-0.527635 -0.00620665 0)
(-0.498684 -0.00629437 0)
(-0.460583 -0.0044065 0)
(-0.452036 -0.00298649 0)
(-0.445367 -0.00185613 0)
(-0.485383 -0.00130783 0)
(-0.443416 -0.000884716 0)
(-0.475613 -0.000431152 0)
(-0.480397 4.68706e-05 0)
(-0.470912 0.000282654 0)
(-0.447563 0.000433884 0)
(-0.473358 0.000301342 0)
(0.00211697 0.000136435 0)
(0.00236045 -0.00268136 0)
(0.00263819 -0.00560276 0)
(0.0029912 -0.00871904 1.12701e-19)
(0.003365 -0.0118614 -9.54716e-20)
(0.00355844 -0.0157438 8.47316e-20)
(0.00309727 -0.0154435 -7.54523e-20)
(0.00892472 -0.0337565 0)
(-0.042291 -0.106897 0)
(0.000224392 -0.000274194 0)
(6.22596e-05 -0.000787366 0)
(-4.53641e-06 -0.000875221 0)
(5.6159e-05 -0.000877693 0)
(3.07287e-05 -0.000843629 1.52821e-19)
(-0.000145491 -0.000272708 -1.48555e-19)
(-0.000579884 0.00116936 0)
(-0.00117138 0.00386098 -1.70812e-19)
(-0.00154358 0.00727665 1.30866e-19)
(-0.00148738 0.0104942 0)
(-0.00109636 0.0128646 0)
(-0.000566331 0.0141054 0)
(-5.703e-05 0.0141904 0)
(0.000345557 0.0133073 0)
(0.000680543 0.0117376 0)
(0.00100704 0.00952824 0)
(0.00136443 0.0067185 0)
(0.0017686 0.00336159 0)
(-0.000142086 -0.000277444 0)
(0.00016856 -0.000446701 0)
(0.000478358 -0.000498562 0)
(0.000797306 -0.00042772 0)
(0.00104984 -0.000192609 -0)
(0.00109227 0.000195762 -0)
(0.00084193 0.000661374 1.44001e-20)
(0.000326467 0.00109709 -1.62085e-20)
(-0.00038543 0.0014128 0)
(-0.0012 0.00156992 -9.23353e-21)
(-0.00203815 0.001582 0)
(-0.00283613 0.00147954 0)
(-0.00354915 0.00129892 0)
(-0.00415268 0.00107055 4.55381e-21)
(-0.00463542 0.000815198 0)
(-0.00499325 0.000544373 0)
(-0.00522375 0.000266396 -3.95122e-21)
(-0.00533127 -2.47686e-05 -0)
(-0.0052913 -0.000326586 0)
(-0.00510194 -0.000618207 -0)
(-0.00477204 -0.000879566 4.25216e-21)
(-0.00431299 -0.00109065 -0)
(-0.0037429 -0.00123036 5.03609e-21)
(-0.00308872 -0.00127937 0)
(-0.00238831 -0.00122307 -0)
(-0.00169042 -0.00105792 8.19952e-21)
(-0.00105275 -0.000799154 0)
(-0.000533703 -0.000490314 -1.36943e-20)
(-0.00016885 -0.000204317 0)
(5.88708e-05 -7.48248e-06 2.32997e-20)
(0.000204798 0.000108778 0)
(0.000290201 0.000207316 0)
(0.000283919 0.000323352 0)
(0.000172872 0.000476495 0)
(-7.47355e-05 0.000677259 0)
(-0.000485099 0.000885812 -1.52131e-20)
(-0.00103839 0.00102523 0)
(-0.00164751 0.00102399 1.78921e-20)
(-0.00219402 0.000870818 0)
(-0.00258078 0.000615132 -1.41928e-20)
(-0.00277033 0.00034436 0)
(-0.00279465 0.000130127 0)
(-0.00270891 1.57983e-05 1.39722e-20)
(-0.00258686 2.57141e-05 0)
(-0.00249249 0.000152211 1.44485e-20)
(-0.00243119 0.000336395 -1.45488e-20)
(-0.0023481 0.000424756 0)
(-0.00209418 0.000181016 -1.5978e-20)
(-0.00141361 -0.000499623 -1.88429e-20)
(-5.06699e-05 -0.00118977 0)
(0.00168037 -0.0017831 0)
(0.0035768 -0.00245358 0)
(0.00576269 -0.00308799 0)
(0.00820848 -0.00356739 -0)
(0.0110075 -0.00389882 3.52961e-21)
(0.0138806 -0.00408764 0)
(0.0164755 -0.00398252 -2.87263e-21)
(0.0191667 -0.0038298 -0)
(0.0211906 -0.00353211 -0)
(0.0223596 -0.00311059 2.13181e-21)
(0.024286 -0.00289458 0)
(0.0261302 -0.00265336 -1.90873e-21)
(0.0288433 -0.00247463 -0)
(0.0310541 -0.00230501 0)
(0.0331405 -0.00215234 -0)
(0.0352039 -0.00200694 1.81301e-21)
(0.0370923 -0.00187252 0)
(0.038973 -0.00175494 -0)
(0.0407322 -0.00164942 1.76362e-21)
(0.0424624 -0.00155677 0)
(0.0441153 -0.00147367 1.74194e-21)
(0.0457316 -0.0013995 0)
(0.047293 -0.00133203 0)
(0.0488181 -0.00127059 0)
(0.0502998 -0.0012136 -1.70937e-21)
(0.0517475 -0.00116038 -0)
(0.053157 -0.00110995 0)
(0.0545339 -0.00106186 -1.68895e-21)
(0.055875 -0.00101549 -1.68229e-21)
(0.0571841 -0.000970498 -0)
(0.0584583 -0.000926581 -1.66883e-21)
(0.0597003 -0.000883333 0)
(0.0609067 -0.000840802 -3.3094e-21)
(0.0620804 -0.000798596 -0)
(0.0632176 -0.000756743 -3.27886e-21)
(0.0643207 -0.000714888 -0)
(0.065386 -0.000673075 3.24516e-21)
(0.0664145 -0.000630956 0)
(0.0674035 -0.000588516 0)
(0.0683525 -0.000545739 0)
(0.0692602 -0.000502647 -3.16551e-21)
(0.0701258 -0.000458561 -0)
(0.0709465 -0.000413309 3.1184e-21)
(0.0717209 -0.000366576 0)
(0.0724462 -0.000318061 -3.06561e-21)
(0.0731202 -0.000267463 -3.03694e-21)
(0.0737402 -0.000214739 -3.00676e-21)
(0.0743041 -0.000160412 -0)
(0.0748105 -0.000106075 0)
(0.0752592 -5.52754e-05 0)
(0.0756556 -1.33258e-05 0)
(0.0760051 2.23777e-05 0)
(0.07631 5.73402e-05 0)
(0.0765691 9.14859e-05 0)
(0.0767827 0.00012548 0)
(0.0769502 0.000159167 2.66052e-21)
(0.0770711 0.000192805 2.6124e-21)
(0.0771445 0.000226126 0)
(0.0771709 0.00025927 0)
(0.0771491 0.000292063 0)
(0.0770796 0.000324664 2.39925e-21)
(0.0769614 0.000356882 0)
(0.0767951 0.000388806 0)
(0.0765799 0.000420319 0)
(0.0763162 0.000451393 0)
(0.0760042 0.000482072 -2.08429e-21)
(0.0756433 0.000512289 0)
(0.0752346 0.000542012 0)
(0.0747774 0.000571215 1.86785e-21)
(0.0742728 0.000599875 -1.79089e-21)
(0.0737207 0.000627961 0)
(0.0731218 0.000655531 -1.62948e-21)
(0.0724759 0.000682435 0)
(0.0717844 0.000708789 1.45773e-21)
(0.0710468 0.000734453 0)
(0.0702645 0.00075959 0)
(0.0694367 0.000784008 0)
(0.0685658 0.000807805 0)
(0.0676601 0.000830639 0)
(0.0667155 0.000852736 -1.75238e-21)
(0.0657202 0.000873774 -1.53766e-21)
(0.0646938 0.000894078 0)
(0.063624 0.000912742 0)
(0.0625244 0.000928612 0)
(0.0613925 0.000939443 6.15096e-22)
(0.0602301 0.000941879 0)
(0.0590378 0.000934796 0)
(0.0578114 0.000936625 0)
(0.0565535 0.000951098 -4.20167e-22)
(0.0552637 0.000963996 6.99306e-22)
(0.0539472 0.000975785 0)
(0.0526048 0.000986696 0)
(0.0512386 0.000996658 1.59172e-21)
(0.0498502 0.0010059 1.90891e-21)
(0.0484411 0.00101439 0)
(0.0470128 0.00102234 0)
(0.045567 0.00102963 -2.92669e-21)
(0.0441057 0.00103651 3.28979e-21)
(0.0426278 0.0010425 0)
(0.0411392 0.00104823 0)
(0.0396353 0.00105313 4.46168e-21)
(0.0381241 0.00105774 0)
(0.0366002 0.00106147 0)
(0.035072 0.00106495 5.77584e-21)
(0.033534 0.00106768 0)
(0.0319934 0.00107023 6.7474e-21)
(0.0304485 0.00107268 0)
(0.0289007 0.001075 0)
(0.0273511 0.00107745 0)
(0.0257999 0.00108007 -8.97788e-21)
(0.0242479 0.00108301 0)
(0.0226952 0.00108623 0)
(0.021142 0.00108979 0)
(0.0195887 0.00109366 0)
(0.0180356 0.00109796 0)
(0.016483 0.00110273 0)
(0.0149311 0.0011082 -1.42821e-20)
(0.0133799 0.00111443 -1.52595e-20)
(0.0118293 0.00112159 0)
(0.0102789 0.00112966 0)
(0.0087287 0.00113857 0)
(0.00717888 0.00114801 2.00596e-20)
(0.00563026 0.00115838 0)
(0.00408445 0.00116829 -4.64146e-20)
(0.00254568 0.00117457 5.00871e-20)
(0.00102402 0.0011721 5.41874e-20)
(-0.000479953 0.00113296 -5.56489e-20)
(-0.00186979 0.0010581 5.37816e-20)
(-0.00340299 0.000887815 -5.18556e-20)
(-0.00373944 0.000492371 0)
(-0.00572906 0.00106904 -3.09458e-18)
(-0.00886215 0.00083699 -2.80802e-18)
(-0.0119696 0.000484983 -3.00927e-36)
(-0.0151534 0.000155837 -4.78536e-18)
(-0.0185376 -0.000186607 -8.9063e-18)
(-0.0221306 -0.000546857 -4.15865e-18)
(-0.0259416 -0.000926148 3.89337e-18)
(-0.0299949 -0.00132855 -1.20371e-35)
(-0.0343134 -0.00175724 3.00927e-36)
(-0.0389145 -0.00221671 3.22551e-18)
(-0.0438174 -0.00270038 3.03394e-18)
(-0.0490368 -0.0031824 9.0278e-36)
(-0.0545924 -0.00370002 0)
(-0.0605379 -0.00429352 0)
(-0.0669316 -0.00494618 -9.0466e-35)
(-0.0737775 -0.00565098 -5.7129e-35)
(-0.0812241 -0.0064108 7.52316e-35)
(-0.089132 -0.00723081 -3.76179e-18)
(-0.0980633 -0.00812162 -3.42632e-18)
(-0.1071 -0.00908621 1.20371e-35)
(-0.118603 -0.0101466 5.38823e-18)
(-0.128148 -0.0113119 8.94162e-18)
(-0.145475 -0.0125392 6.01853e-36)
(-0.152903 -0.0140481 -4.31018e-18)
(-0.187337 -0.0163812 1.50463e-35)
)
;
    }
    frontAndBack
    {
        type            empty;
    }
}


// ************************************************************************* //
