/*--------------------------------*- C++ -*----------------------------------*\
  =========                 |
  \\      /  F ield         | OpenFOAM: The Open Source CFD Toolbox
   \\    /   O peration     | Website:  https://openfoam.org
    \\  /    A nd           | Version:  8
     \\/     M anipulation  |
\*---------------------------------------------------------------------------*/
FoamFile
{
    version     2.0;
    format      ascii;
    class       volVectorField;
    location    "600";
    object      wallShearStress;
}
// * * * * * * * * * * * * * * * * * * * * * * * * * * * * * * * * * * * * * //

dimensions      [0 2 -2 0 0 0 0];

internalField   uniform (0 0 0);

boundaryField
{
    inlet
    {
        type            calculated;
        value           uniform (0 0 0);
    }
    outlet
    {
        type            calculated;
        value           uniform (0 0 0);
    }
    upperWall
    {
        type            calculated;
        value           nonuniform List<vector> 
223
(
(-0.444926 0.00280784 0)
(-0.476958 0.00539131 0)
(-0.500218 0.00674819 0)
(-0.50522 0.00731613 0)
(-0.501075 0.00733789 0)
(-0.490939 0.0069936 0)
(-0.478984 0.00648632 0)
(-0.466937 0.00591578 0)
(-0.454465 0.00531794 0)
(-0.442744 0.00473925 0)
(-0.431959 0.00419658 0)
(-0.422215 0.00369794 0)
(-0.413453 0.00324406 0)
(-0.405662 0.00283698 0)
(-0.398729 0.00247717 0)
(-0.39257 0.00216995 0)
(-0.387069 0.00192487 0)
(-0.382142 0.00177625 0)
(-0.378205 0.00168744 0)
(-0.375102 0.0016309 5.91388e-22)
(-0.372097 0.00155722 0)
(-0.369156 0.00147273 0)
(-0.366317 0.0013805 0)
(-0.363562 0.00129133 6.02022e-22)
(-0.360885 0.00120379 0)
(-0.358303 0.00113066 0)
(-0.355792 0.00107573 0)
(-0.353325 0.00102339 -1.22237e-21)
(-0.350909 0.000962783 1.22696e-21)
(-0.348563 0.000896198 1.23152e-21)
(-0.34631 0.000825998 0)
(-0.344159 0.000755644 -1.24071e-21)
(-0.34211 0.000686555 0)
(-0.340162 0.000620671 1.24992e-21)
(-0.338306 0.000558357 1.25449e-21)
(-0.336542 0.000500191 -1.25901e-21)
(-0.334862 0.000446309 0)
(-0.333262 0.000396613 0)
(-0.331738 0.000351152 0)
(-0.330285 0.000309753 0)
(-0.328899 0.000272071 -1.28091e-21)
(-0.327578 0.000238083 0)
(-0.326315 0.00020756 0)
(-0.32511 0.000180209 1.29378e-21)
(-0.323957 0.000155979 0)
(-0.322854 0.000134598 1.30239e-21)
(-0.321797 0.000115915 -1.30672e-21)
(-0.320784 9.99312e-05 1.31108e-21)
(-0.319809 8.64666e-05 0)
(-0.318873 7.53414e-05 0)
(-0.317968 6.65653e-05 0)
(-0.317096 5.99197e-05 1.32898e-21)
(-0.316248 5.51928e-05 -1.33359e-21)
(-0.31543 5.22491e-05 0)
(-0.314628 5.09834e-05 0)
(-0.313852 5.11536e-05 0)
(-0.313086 5.26245e-05 0)
(-0.312342 5.52545e-05 0)
(-0.311605 5.89477e-05 0)
(-0.310882 6.35737e-05 0)
(-0.310169 6.88657e-05 0)
(-0.309458 7.50378e-05 1.37843e-21)
(-0.308761 8.20627e-05 -1.38383e-21)
(-0.308056 8.98283e-05 0)
(-0.307365 9.81384e-05 0)
(-0.30666 0.000106911 0)
(-0.305964 0.000116072 -1.40613e-21)
(-0.305268 0.000126613 0)
(-0.304531 0.000149091 0)
(-0.303829 0.000141056 0)
(-0.303121 9.73787e-05 0)
(-0.302219 0.000186333 0)
(-0.301813 0.000255981 -2.88745e-21)
(-0.301518 0.000252421 0)
(-0.301279 0.000247866 0)
(-0.301065 0.000215292 0)
(-0.300863 0.000191178 0)
(-0.300683 0.00010775 0)
(-0.337001 0.00013215 0)
(-0.324786 0.000155795 0)
(-0.328735 0.000103797 3.29162e-21)
(-0.351352 6.95648e-05 0)
(-0.370595 5.30623e-05 0)
(-0.38153 0.000636146 0)
(-0.355986 0.00090263 -3.57639e-21)
(-0.337202 0.000856843 0)
(-0.324455 0.000834988 -3.27625e-21)
(-0.320665 0.00062212 0)
(-0.313729 0.000476488 0)
(-0.309799 0.000257103 0)
(-0.297543 2.65288e-05 -3.10273e-21)
(-0.317357 -5.33786e-05 0)
(-0.359318 0.000334419 3.78693e-21)
(-0.336186 0.00051255 3.54439e-21)
(-0.320282 0.000374416 0)
(-0.30569 0.000307586 3.26941e-21)
(-0.295971 0.000405413 0)
(-0.295612 0.000480532 0)
(-0.295307 0.000155524 0)
(-0.327192 -6.15923e-06 -3.56117e-21)
(-0.349998 0.000388653 0)
(-0.32593 0.000302083 -3.55466e-21)
(-0.34115 0.000566172 3.73372e-21)
(-0.318911 0.000773471 0)
(-0.311022 0.000364296 0)
(-0.292671 0.000304007 0)
(-0.322602 0.000376872 0)
(-0.334119 0.000309264 0)
(-0.325218 0.000164227 0)
(-0.351409 0.000225403 0)
(-0.359373 0.000287702 -3.90428e-21)
(-0.357462 0.00122262 0)
(-0.324214 0.00151286 0)
(-0.314144 0.000713477 0)
(-0.287993 0.000341701 0)
(-0.334392 0.000356144 0)
(-0.306394 -3.4051e-07 0)
(-0.32036 0.000289236 0)
(-0.298394 0.00112976 0)
(-0.289096 0.00133131 0)
(-0.283341 0.00103267 0)
(-0.282438 0.00115091 0)
(-0.281103 0.00110766 0)
(-0.280089 0.000171751 -5.57608e-21)
(-0.300549 -0.000329114 0)
(-0.30649 -0.000217864 0)
(-0.30195 0.000121454 0)
(-0.303175 5.99276e-05 5.90394e-21)
(-0.306881 7.01618e-05 0)
(-0.316551 0.000287547 0)
(-0.309512 0.000332925 5.74142e-21)
(-0.290221 0.000491964 0)
(-0.298938 0.00119477 -5.33263e-21)
(-0.274277 0.00193162 0)
(-0.267671 0.00150076 0)
(-0.266742 0.000419965 0)
(-0.277893 0.000644262 4.39756e-21)
(-0.264119 0.00140926 0)
(-0.262621 0.000974783 -3.77602e-21)
(-0.278775 0.000907491 0)
(-0.259788 0.000758538 0)
(-0.278311 0.000858456 0)
(-0.256639 0.00133135 0)
(-0.254821 0.00060904 0)
(-0.257941 -5.67177e-05 0)
(-0.262625 -0.000235696 0)
(-0.252912 -0.000212789 0)
(-0.245966 0.000197732 0)
(-0.244034 0.000123463 0)
(-0.24149 0.00104071 0)
(-0.240574 0.00252431 -1.14154e-21)
(-0.238761 0.00282338 8.53107e-22)
(-0.236845 0.00252834 0)
(-0.234817 0.00165857 0)
(-0.233189 0.000374717 0)
(-0.230947 -0.000235066 0)
(-0.2516 0.000605059 -7.8026e-22)
(-0.227953 0.00128511 1.05541e-21)
(-0.226397 0.00111162 -1.40991e-21)
(-0.224927 0.000135862 0)
(-0.222081 2.56243e-05 -2.26782e-21)
(-0.222423 0.000185478 -5.33313e-21)
(-0.2225 0.000376665 0)
(-0.229057 0.000888359 -7.49196e-21)
(-0.233787 -1.4077e-05 8.69228e-21)
(-0.216638 -0.000960593 0)
(-0.208325 -0.000885156 0)
(-0.204748 -0.000351142 0)
(-0.202054 0.000683581 0)
(-0.201486 0.000832879 0)
(-0.198804 0.000666547 -1.40936e-20)
(-0.196882 0.0014476 0)
(-0.196001 0.00176542 -1.59429e-20)
(-0.211259 0.00208558 0)
(-0.195879 0.00210966 0)
(-0.195448 0.00173803 0)
(-0.194322 0.00134623 0)
(-0.192727 0.00128801 0)
(-0.191618 0.00122207 2.21538e-20)
(-0.189898 0.000843676 0)
(-0.186686 0.000547678 0)
(-0.1834 -0.000482436 -2.70803e-20)
(-0.17721 -0.00192573 0)
(-0.170362 -0.00136286 0)
(-0.16714 0.000494798 0)
(-0.168025 0.00137971 3.3978e-20)
(-0.16812 0.00130778 0)
(-0.165553 0.000913478 0)
(-0.159649 0.000561795 0)
(-0.149686 0.000686378 0)
(-0.136325 0.00109781 -5.375e-20)
(-0.121049 0.00159633 0)
(-0.105782 0.00185143 0)
(-0.0920851 0.00176502 0)
(-0.0808988 0.00156666 9.32154e-20)
(-0.0696759 0.00139479 0)
(-0.0640829 0.00178139 0)
(-0.0351093 0.00143761 -1.3912e-19)
(-0.0677137 0.000411997 6.01853e-36)
(-0.101891 0.00573909 1.1846e-17)
(-0.125311 0.0101681 2.12314e-17)
(-0.137782 0.0127616 1.9936e-17)
(-0.14513 0.0141912 1.91536e-17)
(-0.150653 0.0150635 1.8527e-17)
(-0.15496 0.0156848 -1.80011e-17)
(-0.158065 0.0161247 -1.75177e-17)
(-0.160386 0.0164316 -6.01853e-36)
(-0.162502 0.0166638 -3.3437e-17)
(-0.164562 0.0168708 -1.63367e-17)
(-0.166721 0.0170656 2.76852e-34)
(-0.169121 0.0172719 -1.20371e-35)
(-0.171984 0.0175085 -3.0062e-17)
(-0.175427 0.0177971 -2.89328e-17)
(-0.179525 0.0181478 -2.7632e-17)
(-0.18436 0.0185668 -2.40741e-35)
(-0.18991 0.0190591 4.8787e-17)
(-0.196385 0.0196327 2.23995e-17)
(-0.203521 0.0202818 1.20371e-35)
(-0.212191 0.0210544 -3.49839e-17)
(-0.220422 0.0218337 -1.23984e-20)
(-0.23395 0.0229849 -6.01853e-36)
(-0.238187 0.0237082 1.31575e-17)
(-0.263807 0.0252633 -7.08808e-18)
)
;
    }
    lowerWall
    {
        type            calculated;
        value           nonuniform List<vector> 
250
(
(-0.625543 -0.00564553 0)
(-0.597211 -0.00946161 0)
(-0.641882 -0.0109953 0)
(-0.633038 -0.0103144 0)
(-0.669385 -0.0101219 0)
(-0.658247 -0.00953266 0)
(-0.564684 -0.00734227 0)
(-0.500458 -0.00486151 0)
(-0.509639 -0.00377082 0)
(-0.546614 -0.00381128 0)
(-0.560613 -0.00283277 0)
(-0.5448 -0.00218034 0)
(-0.55319 -0.00224463 0)
(-0.531623 -0.0017553 0)
(-0.479131 -0.00133276 0)
(-0.5037 -0.00136814 0)
(-0.457206 -0.00218475 0)
(-0.420174 -0.00138215 0)
(0.00213643 0.000184072 0)
(0.00239082 -0.00265822 0)
(0.00267148 -0.00561716 0)
(0.00301574 -0.00877601 1.13797e-19)
(0.00341116 -0.0119304 -9.65369e-20)
(0.00368718 -0.0158902 8.60532e-20)
(0.00318768 -0.0162616 -7.82789e-20)
(0.00773855 -0.0363534 0)
(-0.050316 -0.105063 0)
(0.000221901 -0.000276485 0)
(5.64893e-05 -0.000789981 0)
(-1.0275e-05 -0.000873548 0)
(5.45449e-05 -0.000870015 0)
(3.42415e-05 -0.000838965 1.54114e-19)
(-0.000138847 -0.000277854 -1.50354e-19)
(-0.000570989 0.00114711 0)
(-0.00116585 0.00382267 -1.73202e-19)
(-0.00154543 0.00723829 1.32472e-19)
(-0.00149475 0.0104671 0)
(-0.00110625 0.0128522 0)
(-0.000577295 0.0141074 0)
(-6.97466e-05 0.014205 0)
(0.000333111 0.013336 0)
(0.000668177 0.0117792 0)
(0.000997473 0.00958181 0)
(0.00136097 0.00678049 0)
(0.00177514 0.00342235 0)
(-0.000143775 -0.000277976 0)
(0.000168027 -0.000447464 0)
(0.000476604 -0.000500591 0)
(0.000797403 -0.000431943 0)
(0.00105308 -0.000198695 -0)
(0.00110034 0.000188674 -0)
(0.000854199 0.000653472 1.44001e-20)
(0.000342761 0.00108981 -1.63981e-20)
(-0.000366053 0.00140692 0)
(-0.00117783 0.00156569 -9.41535e-21)
(-0.00201494 0.00157966 0)
(-0.00281282 0.00147839 0)
(-0.00352616 0.00129816 0)
(-0.00412992 0.00106966 4.61927e-21)
(-0.00461266 0.000813737 0)
(-0.00497014 0.000542195 0)
(-0.00519983 0.000263458 -4.00851e-21)
(-0.0053064 -2.85604e-05 -0)
(-0.00526438 -0.000330924 0)
(-0.00507306 -0.000621944 -0)
(-0.00474152 -0.000881434 4.32237e-21)
(-0.00428188 -0.00108908 -0)
(-0.00371267 -0.00122383 5.12879e-21)
(-0.00306178 -0.0012666 0)
(-0.00236777 -0.00120377 -0)
(-0.00167998 -0.00103353 8.36239e-21)
(-0.00105555 -0.000773691 0)
(-0.000549925 -0.000470027 -1.38908e-20)
(-0.000193743 -0.000193445 0)
(3.01996e-05 -3.64092e-06 2.3766e-20)
(0.000171938 0.000109113 0)
(0.000252376 0.000206933 0)
(0.000236152 0.000322347 0)
(0.000118005 0.000475683 0)
(-0.000141351 0.000676626 0)
(-0.000562036 0.000878254 -1.44939e-20)
(-0.00112079 0.00100553 0)
(-0.00172379 0.000987663 1.74637e-20)
(-0.00225344 0.000820014 0)
(-0.00261534 0.000555336 -1.413e-20)
(-0.00277802 0.000280021 0)
(-0.00277173 6.82763e-05 0)
(-0.00265993 -3.51769e-05 1.41213e-20)
(-0.00252148 -7.62069e-06 0)
(-0.00242281 0.000135327 1.47297e-20)
(-0.00236218 0.000325825 -1.48525e-20)
(-0.00227588 0.000400943 0)
(-0.00200168 0.00012258 -1.64759e-20)
(-0.0012859 -0.000571233 -1.96573e-20)
(0.000101829 -0.00127833 0)
(0.00183367 -0.00189086 0)
(0.00375796 -0.00254944 0)
(0.00600704 -0.00315006 0)
(0.00843437 -0.00339934 -0)
(0.0108757 -0.00358569 3.44187e-21)
(0.0133103 -0.0038342 0)
(0.0158162 -0.00386458 -2.66086e-21)
(0.018545 -0.00374181 -0)
(0.0217508 -0.0036387 -0)
(0.0225319 -0.00316644 2.12327e-21)
(0.0254188 -0.00305029 0)
(0.0281658 -0.00281407 -2.05553e-21)
(0.0285986 -0.00242233 -0)
(0.0313124 -0.00232479 0)
(0.0333294 -0.00215092 -0)
(0.0353686 -0.00200367 1.8248e-21)
(0.0372879 -0.00187016 0)
(0.0391447 -0.00175163 -0)
(0.0409177 -0.0016459 1.77768e-21)
(0.0426391 -0.00155211 0)
(0.0442947 -0.00146825 1.75662e-21)
(0.0459062 -0.00139299 0)
(0.0474664 -0.00132469 0)
(0.0489872 -0.00126223 0)
(0.0504658 -0.00120433 -1.72518e-21)
(0.0519077 -0.00115026 -0)
(0.0533129 -0.00109925 0)
(0.0546835 -0.00105063 -1.7049e-21)
(0.0560194 -0.00100396 -1.69814e-21)
(0.0573218 -0.000958899 -0)
(0.0585905 -0.000915005 -1.68416e-21)
(0.0598253 -0.000872285 0)
(0.0610271 -0.000830278 -3.33835e-21)
(0.062194 -0.000788996 -0)
(0.0633273 -0.000748103 -3.30555e-21)
(0.0644245 -0.000707617 -0)
(0.0654866 -0.000667343 3.26937e-21)
(0.0665119 -0.000627296 0)
(0.0675007 -0.000587071 0)
(0.0684507 -0.000546381 0)
(0.069361 -0.000504877 -3.18463e-21)
(0.0702292 -0.000462441 -0)
(0.0710544 -0.000418768 3.135e-21)
(0.0718342 -0.000373423 0)
(0.0725666 -0.000326008 -3.08015e-21)
(0.0732489 -0.00027629 -3.05075e-21)
(0.0738785 -0.000224252 -3.02004e-21)
(0.0744533 -0.000170542 -0)
(0.0749712 -0.000116745 0)
(0.0754317 -6.60548e-05 0)
(0.0758386 -2.31227e-05 0)
(0.0761977 1.35878e-05 0)
(0.0765111 4.89578e-05 0)
(0.0767783 8.39458e-05 0)
(0.0769982 0.000118729 0)
(0.0771712 0.000153541 2.67834e-21)
(0.0772958 0.000188342 2.6313e-21)
(0.0773718 0.000223161 0)
(0.0773984 0.000257812 0)
(0.0773754 0.000292464 0)
(0.0773017 0.000326865 2.42228e-21)
(0.0771778 0.000361111 0)
(0.0770027 0.000395021 0)
(0.0767768 0.000428694 0)
(0.0764996 0.00046187 0)
(0.0761716 0.00049468 -2.1101e-21)
(0.0757927 0.000526923 0)
(0.0753633 0.000558707 0)
(0.0748836 0.000589867 1.89309e-21)
(0.0743539 0.000620402 -1.8155e-21)
(0.0737751 0.000650231 0)
(0.0731475 0.000679358 -1.65214e-21)
(0.0724722 0.000707703 0)
(0.0717495 0.000735314 1.47758e-21)
(0.0709807 0.000762047 0)
(0.0701668 0.000787942 0)
(0.069309 0.000812962 0)
(0.068411 0.000837002 0)
(0.0674644 0.000859794 0)
(0.0664906 0.000881945 -1.76683e-21)
(0.0654555 0.000902469 -1.54688e-21)
(0.0644038 0.000921975 0)
(0.0632948 0.000939321 0)
(0.0621667 0.00095264 0)
(0.0610064 0.000959943 6.03461e-22)
(0.0598157 0.000958203 0)
(0.0585991 0.000951263 0)
(0.057349 0.000956137 0)
(0.0560695 0.000970673 -4.51414e-22)
(0.0547596 0.000981564 7.35069e-22)
(0.0534258 0.000991614 0)
(0.0520691 0.00100058 0)
(0.0506918 0.00100884 1.63891e-21)
(0.0492952 0.00101632 1.959e-21)
(0.0478806 0.0010232 0)
(0.0464496 0.00102936 0)
(0.0450037 0.00103498 -2.98224e-21)
(0.0435444 0.00103999 3.34631e-21)
(0.0420732 0.00104458 0)
(0.040589 0.00104828 0)
(0.0390968 0.00105167 4.51707e-21)
(0.0375934 0.00105419 0)
(0.036085 0.00105633 0)
(0.0345696 0.00105793 5.82541e-21)
(0.0330507 0.00105913 0)
(0.0315285 0.00106011 6.78887e-21)
(0.0300045 0.00106092 0)
(0.0284796 0.00106174 0)
(0.0269545 0.00106272 0)
(0.0254296 0.00106394 -8.99242e-21)
(0.0239052 0.00106549 0)
(0.0223815 0.00106741 0)
(0.0208586 0.0010697 0)
(0.0193366 0.00107237 0)
(0.0178158 0.00107549 0)
(0.0162963 0.00107916 0)
(0.014778 0.0010835 -1.41916e-20)
(0.0132609 0.00108866 -1.51442e-20)
(0.0117447 0.00109471 0)
(0.010229 0.00110172 0)
(0.00871344 0.0011095 0)
(0.00719822 0.00111788 1.98016e-20)
(0.00568388 0.00112707 0)
(0.004172 0.00113595 -4.56753e-20)
(0.00266658 0.00114135 4.9205e-20)
(0.00117717 0.0011382 5.31331e-20)
(-0.000293335 0.00110255 -5.50736e-20)
(-0.00165097 0.00103268 5.37664e-20)
(-0.00315532 0.000867528 -5.18488e-20)
(-0.00347924 0.000481048 0)
(-0.00543466 0.00107667 -3.09508e-18)
(-0.00852164 0.000852454 -2.80719e-18)
(-0.0115814 0.000507911 3.00927e-36)
(-0.0147298 0.000185451 -4.77998e-18)
(-0.0180846 -0.000151954 -8.89224e-18)
(-0.0216532 -0.000507571 -4.15022e-18)
(-0.0254464 -0.00088311 3.88379e-18)
(-0.0294861 -0.00128236 -1.20371e-35)
(-0.0337987 -0.00170906 3.00927e-36)
(-0.0384024 -0.00216631 3.21376e-18)
(-0.0433153 -0.00265603 3.02161e-18)
(-0.0485536 -0.00314084 6.01853e-36)
(-0.0541302 -0.00365333 0)
(-0.0601014 -0.00424569 0)
(-0.0665276 -0.00489986 -5.03112e-35)
(-0.0734102 -0.00560788 3.86973e-35)
(-0.080896 -0.00637113 7.82409e-35)
(-0.0888502 -0.00719526 -3.74277e-18)
(-0.0978293 -0.00809031 -3.40966e-18)
(-0.106916 -0.00905988 0)
(-0.118485 -0.010126 5.36508e-18)
(-0.128073 -0.0112972 8.90557e-18)
(-0.145514 -0.0125302 1.20371e-35)
(-0.152934 -0.0140437 -4.29429e-18)
(-0.187644 -0.016386 0)
)
;
    }
    frontAndBack
    {
        type            empty;
    }
}


// ************************************************************************* //
