/*--------------------------------*- C++ -*----------------------------------*\
  =========                 |
  \\      /  F ield         | OpenFOAM: The Open Source CFD Toolbox
   \\    /   O peration     | Website:  https://openfoam.org
    \\  /    A nd           | Version:  8
     \\/     M anipulation  |
\*---------------------------------------------------------------------------*/
FoamFile
{
    version     2.0;
    format      ascii;
    class       volVectorField;
    location    "200";
    object      wallShearStress;
}
// * * * * * * * * * * * * * * * * * * * * * * * * * * * * * * * * * * * * * //

dimensions      [0 2 -2 0 0 0 0];

internalField   uniform (0 0 0);

boundaryField
{
    inlet
    {
        type            calculated;
        value           uniform (0 0 0);
    }
    outlet
    {
        type            calculated;
        value           uniform (0 0 0);
    }
    upperWall
    {
        type            calculated;
        value           nonuniform List<vector> 
223
(
(-0.444031 0.00292521 0)
(-0.472616 0.00536377 0)
(-0.49769 0.0068513 0)
(-0.503948 0.00740547 0)
(-0.500416 0.00740224 0)
(-0.4904 0.00704665 0)
(-0.478626 0.0065406 0)
(-0.466608 0.00596846 0)
(-0.454197 0.00536687 0)
(-0.442484 0.00478324 0)
(-0.43172 0.004236 0)
(-0.421964 0.0037323 0)
(-0.413219 0.00327501 0)
(-0.40542 0.00286515 0)
(-0.398491 0.00250183 0)
(-0.392337 0.00219462 0)
(-0.386825 0.00194782 0)
(-0.38191 0.00180127 0)
(-0.377965 0.00172495 0)
(-0.374852 0.00167586 7.33273e-22)
(-0.371807 0.00160759 0)
(-0.368843 0.00152782 0)
(-0.36596 0.00144285 0)
(-0.363157 0.00135552 7.47075e-22)
(-0.360442 0.00126801 0)
(-0.357816 0.00118161 0)
(-0.35528 0.00109783 0)
(-0.352833 0.00101697 -1.51843e-21)
(-0.350474 0.000939573 1.52412e-21)
(-0.348204 0.000865668 1.52968e-21)
(-0.34602 0.000795634 0)
(-0.343921 0.000729226 -1.54044e-21)
(-0.341905 0.000666908 0)
(-0.339968 0.000608339 1.55071e-21)
(-0.33811 0.000553601 1.55568e-21)
(-0.336328 0.000502623 -1.56055e-21)
(-0.334618 0.000455443 0)
(-0.332977 0.000411813 0)
(-0.331404 0.000371686 0)
(-0.329893 0.000335047 0)
(-0.328443 0.000301791 -1.58377e-21)
(-0.327049 0.000271658 0)
(-0.32571 0.00024456 0)
(-0.324421 0.000220411 1.59705e-21)
(-0.32318 0.000199021 0)
(-0.321983 0.000180268 1.60572e-21)
(-0.320827 0.000164017 -1.61001e-21)
(-0.319709 0.00015022 1.61426e-21)
(-0.318626 0.000138729 0)
(-0.317575 0.000129342 0)
(-0.316553 0.000121973 0)
(-0.315557 0.000116544 1.6311e-21)
(-0.314585 0.000112946 -1.63525e-21)
(-0.313633 0.000110671 0)
(-0.312703 0.000109675 0)
(-0.311785 0.000109728 0)
(-0.31089 0.00011063 0)
(-0.309999 0.000112224 0)
(-0.309134 0.000114281 0)
(-0.308265 0.000116705 0)
(-0.307427 0.000119496 0)
(-0.306578 0.000122341 1.66989e-21)
(-0.305761 0.00012482 -1.67323e-21)
(-0.304939 0.000126659 0)
(-0.304138 0.00012856 0)
(-0.303351 0.000129851 0)
(-0.302576 0.000130528 -1.68444e-21)
(-0.301779 0.000136747 0)
(-0.301116 0.000143894 0)
(-0.300145 0.000151194 0)
(-0.299759 7.35318e-05 0)
(-0.333415 0.000225599 0)
(-0.322417 0.0010368 -3.64724e-21)
(-0.316244 0.0010681 0)
(-0.318362 0.000305699 0)
(-0.319032 1.19882e-05 0)
(-0.298707 -0.000143108 0)
(-0.350936 -0.000102488 0)
(-0.333789 0.000607383 0)
(-0.321562 0.000831052 0)
(-0.324777 0.000408693 3.7291e-21)
(-0.319344 9.65428e-05 0)
(-0.317189 -1.84412e-05 0)
(-0.307109 0.00014413 0)
(-0.303627 -7.70123e-06 -3.57041e-21)
(-0.304729 -0.000263143 0)
(-0.299776 -0.000213026 -3.55773e-21)
(-0.300145 -0.000316524 0)
(-0.338999 -0.000443875 0)
(-0.324949 -0.000359734 0)
(-0.345298 -0.000544723 -4.09529e-21)
(-0.362076 0.000123716 0)
(-0.341796 0.0006723 4.00299e-21)
(-0.332363 0.000216189 3.90258e-21)
(-0.320032 -0.000133677 0)
(-0.311479 -0.000281621 3.67737e-21)
(-0.31061 -0.000219213 0)
(-0.304375 -0.000178628 0)
(-0.325459 -0.000168498 0)
(-0.370299 -0.000138822 -4.40862e-21)
(-0.346216 -0.000289064 0)
(-0.365372 -4.11599e-05 -4.34211e-21)
(-0.342728 0.000897938 4.05123e-21)
(-0.319904 0.000907768 0)
(-0.32109 0.000390853 0)
(-0.322308 0.000163689 0)
(-0.307314 -0.000271858 0)
(-0.348761 -1.93968e-05 0)
(-0.337952 0.000571987 0)
(-0.314378 0.0009359 0)
(-0.321626 0.00153453 -3.87238e-21)
(-0.337835 0.00148652 0)
(-0.317341 0.000656609 0)
(-0.325409 0.000101162 0)
(-0.307116 -0.000446369 0)
(-0.352153 -0.000163592 0)
(-0.32856 0.000447739 0)
(-0.326513 6.19721e-05 0)
(-0.306415 -0.00013723 0)
(-0.337761 -0.000220882 0)
(-0.351768 -0.000114961 0)
(-0.341707 -6.65788e-06 0)
(-0.368257 -0.000101242 0)
(-0.365749 0.000817124 -9.88088e-21)
(-0.330943 0.0011621 0)
(-0.3164 0.000390364 0)
(-0.302234 0.000308117 0)
(-0.301448 0.000353392 8.24813e-21)
(-0.329312 0.000503686 0)
(-0.352583 0.000351363 0)
(-0.351406 0.00104604 9.72334e-21)
(-0.326911 0.00218107 0)
(-0.29625 0.00176061 -7.97874e-21)
(-0.295173 0.000933582 0)
(-0.294193 0.000877995 0)
(-0.292604 0.000977563 0)
(-0.291027 0.000245081 8.01265e-21)
(-0.289916 -0.000248378 0)
(-0.310729 0.000464905 -8.79986e-21)
(-0.286262 0.000807941 0)
(-0.284401 0.0003647 0)
(-0.292767 0.000245016 0)
(-0.300717 0.000823757 0)
(-0.276332 0.00139275 0)
(-0.273184 0.00106188 0)
(-0.28301 0.000796379 0)
(-0.282179 0.000731969 0)
(-0.263869 0.00143126 0)
(-0.257788 0.00210943 0)
(-0.253514 0.00174093 0)
(-0.266891 0.00184833 -8.37539e-21)
(-0.27408 0.00191882 8.76996e-21)
(-0.268431 0.00185687 0)
(-0.258621 0.00273643 0)
(-0.224063 0.00329841 0)
(-0.217123 0.00269681 0)
(-0.207658 0.00306465 6.66439e-21)
(-0.212597 0.00506575 -6.64524e-21)
(-0.201744 0.00531598 6.28973e-21)
(-0.166615 0.00411021 0)
(-0.144362 0.00347021 5.28537e-21)
(-0.12117 0.00309624 9.79836e-21)
(-0.101005 0.00263191 0)
(-0.0842563 0.00226716 5.72176e-21)
(-0.0718704 0.00184321 -2.00593e-21)
(-0.0611695 0.00171817 0)
(-0.0532258 0.00149466 0)
(-0.0447111 0.00148185 0)
(-0.0390832 0.00120965 0)
(-0.0318061 0.00125067 0)
(-0.0279164 0.000910319 -4.35028e-20)
(-0.0217302 0.00103864 0)
(-0.0193387 0.000615692 -6.62302e-20)
(-0.0143301 0.000820689 0)
(-0.0132303 0.000380864 0)
(-0.00942687 0.000651013 0)
(-0.00913645 0.000242267 0)
(-0.00643322 0.000480527 0)
(-0.00680944 0.000101807 1.26978e-19)
(-0.00511496 0.000251957 0)
(-0.00601065 -0.000108068 0)
(-0.00496048 2.90335e-05 -1.50171e-19)
(-0.00578785 -0.000197099 0)
(-0.00470499 0.000119946 0)
(-0.0046951 0.000203712 0)
(-0.00321754 0.000721243 1.79602e-19)
(-0.00328853 0.000917811 0)
(-0.00288756 0.0010239 0)
(-0.00517785 0.000404447 0)
(-0.00821927 -0.000410636 0)
(-0.0132884 -0.00142888 -1.36666e-19)
(-0.0196282 -0.00237509 0)
(-0.0262214 -0.00285271 0)
(-0.0331099 -0.00341888 0)
(-0.0384598 -0.00296956 1.22589e-19)
(-0.0422154 -0.00286173 0)
(-0.0349101 -0.000773792 0)
(-0.0244009 0.00586561 -1.53192e-19)
(-0.0097548 0.00016382 0)
(0.00763395 -0.00334463 1.26817e-17)
(0.0223714 -0.00318071 1.97052e-17)
(0.0360586 -0.0052181 1.71994e-17)
(0.0451777 -0.00404127 1.42711e-17)
(0.0529515 -0.00484486 1.309e-17)
(0.0543732 -0.00368244 -1.24179e-17)
(0.0532048 -0.00306385 -1.26702e-17)
(0.0424892 -0.00237845 -6.01853e-36)
(0.0313631 -0.000347105 -3.40831e-17)
(0.00892318 -0.000331792 -1.89168e-17)
(-0.0123746 0.00302368 5.41668e-35)
(-0.0426903 0.00376696 -1.20371e-35)
(-0.0713953 0.00775436 -3.87831e-17)
(-0.101802 0.00948339 -3.87252e-17)
(-0.128974 0.0128158 -3.76158e-17)
(-0.153864 0.0146993 0)
(-0.175617 0.0170562 6.93371e-17)
(-0.193776 0.0187624 3.24333e-17)
(-0.209643 0.020252 2.40741e-35)
(-0.223012 0.021692 -5.12794e-17)
(-0.230052 0.0223959 -2.82783e-20)
(-0.2472 0.0236339 0)
(-0.249333 0.0241869 2.06916e-17)
(-0.290296 0.0263161 -1.17389e-17)
)
;
    }
    lowerWall
    {
        type            calculated;
        value           nonuniform List<vector> 
250
(
(-0.625247 -0.00604726 0)
(-0.639612 -0.0109867 0)
(-0.592989 -0.0121498 0)
(-0.576524 -0.0122454 0)
(-0.528937 -0.0093436 0)
(-0.516189 -0.006557 0)
(-0.487385 -0.00549539 0)
(-0.474174 -0.00534539 0)
(-0.463195 -0.00398153 0)
(-0.454081 -0.00253797 0)
(-0.446892 -0.00152792 0)
(-0.471221 -0.000785667 0)
(-0.509223 -0.00135321 0)
(-0.457947 -0.00168281 0)
(-0.42744 -0.00162994 0)
(-0.424493 -0.00106998 0)
(-0.422582 0.000470989 0)
(-0.480631 0.000934863 0)
(0.00170992 -0.0147975 0)
(0.0014607 -0.016761 0)
(0.00121398 -0.0182831 0)
(0.000971403 -0.0194603 8.14386e-20)
(0.000838928 -0.0201758 -8.1811e-20)
(0.000841073 -0.0214281 8.35524e-20)
(0.000640254 -0.018957 -8.40109e-20)
(0.00599619 -0.0359971 0)
(-0.0474943 -0.105607 0)
(0.000562644 -0.000820566 0)
(-0.000262653 -0.00159862 0)
(-0.00010806 -0.00115718 0)
(-0.000193855 -0.000272787 0)
(-0.00119549 0.00213383 1.03339e-19)
(-0.00208013 0.00675162 -7.01502e-20)
(-0.00202514 0.0113167 0)
(-0.00117181 0.0142386 -9.17469e-20)
(-0.000192281 0.0151555 8.56105e-20)
(0.000517446 0.0143648 0)
(0.00100104 0.012611 0)
(0.00140229 0.0100828 0)
(0.00175155 0.0069801 0)
(0.00205647 0.0034719 0)
(0.00224773 -0.000298004 0)
(0.00225258 -0.00420047 0)
(0.0021487 -0.00813648 0)
(0.00197574 -0.0118749 0)
(-0.000335294 -0.00074113 0)
(0.000553879 -0.000920385 0)
(0.00123721 -0.000537488 0)
(0.00144895 0.000374008 0)
(0.000901218 0.001377 0)
(-3.68561e-05 0.00205576 0)
(-0.00110754 0.00240108 8.53412e-21)
(-0.00220767 0.00252338 -6.20304e-21)
(-0.00329524 0.00249249 0)
(-0.00432708 0.00236833 -4.07761e-21)
(-0.00527811 0.00219489 0)
(-0.00614609 0.00199879 0)
(-0.00693352 0.00179231 0)
(-0.00764018 0.00158316 2.65678e-21)
(-0.00826601 0.0013773 0)
(-0.00881271 0.00117897 0)
(-0.0092833 0.000990386 -2.276e-21)
(-0.00968053 0.000811884 0)
(-0.0100073 0.000644086 0)
(-0.0102656 0.000486165 0)
(-0.0104591 0.000340665 2.06884e-21)
(-0.010588 0.000202931 0)
(-0.0106581 8.33893e-05 2.04775e-21)
(-0.0106774 -3.65147e-05 0)
(-0.0106279 -0.000157845 -0)
(-0.0105188 -0.00026791 2.08409e-21)
(-0.0103542 -0.0003752 0)
(-0.0101417 -0.000468812 -2.15835e-21)
(-0.0098858 -0.00056254 -0)
(-0.00957965 -0.000642564 2.25952e-21)
(-0.00924518 -0.000680969 0)
(-0.00890338 -0.000700223 0)
(-0.00854898 -0.000710097 0)
(-0.00818784 -0.000695343 -0)
(-0.00783325 -0.000659305 0)
(-0.007493 -0.000602681 -2.83309e-21)
(-0.00717617 -0.000525685 -0)
(-0.00690065 -0.000429215 6.17889e-21)
(-0.00666826 -0.000346762 0)
(-0.00646415 -0.000275738 -6.66541e-21)
(-0.00629582 -0.000192569 0)
(-0.00617268 -0.000110193 0)
(-0.00609112 -3.62083e-05 7.17199e-21)
(-0.00604665 2.33327e-05 0)
(-0.00603255 6.41744e-05 7.36548e-21)
(-0.00604189 8.58152e-05 -7.42146e-21)
(-0.00606573 8.97453e-05 0)
(-0.0060945 7.92394e-05 -7.48026e-21)
(-0.00612163 5.60769e-05 -7.51545e-21)
(-0.00613708 2.0005e-05 0)
(-0.00613249 -2.67402e-05 0)
(-0.00610075 -8.22923e-05 0)
(-0.00603589 -0.000144515 0)
(-0.00593299 -0.000210192 -0)
(-0.00579005 -0.000274002 8.28767e-21)
(-0.00560864 -0.00032908 0)
(-0.00539523 -0.000366827 -8.94415e-21)
(-0.00516295 -0.000376806 -0)
(-0.00493273 -0.000350564 -0)
(-0.00472949 -0.000286732 1.02421e-20)
(-0.004575 -0.000189264 0)
(-0.00448396 -6.88097e-05 -1.09046e-20)
(-0.00446537 5.72996e-05 0)
(-0.00450612 0.000160663 0)
(-0.0045738 0.000226417 0)
(-0.00463403 0.000241469 1.06891e-20)
(-0.00463627 0.000197209 0)
(-0.00450359 0.000138212 0)
(-0.00422829 0.000162317 1.08934e-20)
(-0.00386821 0.000275088 0)
(-0.00333683 0.00033208 1.19664e-20)
(-0.00242916 -2.81794e-05 0)
(-0.00040234 -0.000729672 0)
(0.00272695 -0.00283865 0)
(0.00695678 -0.00499003 -5.3958e-21)
(0.0127481 -0.00655248 0)
(0.0213237 -0.00841235 0)
(0.0300653 -0.00934944 -2.91317e-21)
(0.0396966 -0.00973389 -2.62142e-21)
(0.048826 -0.00943134 -0)
(0.0576335 -0.00877178 -2.24987e-21)
(0.0655179 -0.00786061 0)
(0.072633 -0.00688927 -4.08967e-21)
(0.0787845 -0.00593482 -0)
(0.0841372 -0.00506518 -3.83725e-21)
(0.0887095 -0.00430166 -0)
(0.0926742 -0.00365304 3.66849e-21)
(0.0961093 -0.0031173 0)
(0.0990855 -0.00268003 0)
(0.101454 -0.00230959 0)
(0.103571 -0.0019947 -3.44578e-21)
(0.105357 -0.00173737 -0)
(0.107473 -0.00153235 3.37543e-21)
(0.108761 -0.00135808 0)
(0.110353 -0.0012177 -3.30698e-21)
(0.111316 -0.0010924 -3.26684e-21)
(0.112551 -0.000981391 -3.23991e-21)
(0.114165 -0.000877471 -0)
(0.114854 -0.000795905 0)
(0.116212 -0.000727434 0)
(0.116605 -0.000656793 0)
(0.117343 -0.000597062 0)
(0.118021 -0.000538027 -0)
(0.118918 -0.000486098 -0)
(0.118855 -0.000425706 -0)
(0.11931 -0.000375494 2.95288e-21)
(0.119698 -0.000326959 2.91437e-21)
(0.120074 -0.000286139 0)
(0.120408 -0.000250137 0)
(0.120909 -0.000209785 -0)
(0.120775 -0.000187183 2.7387e-21)
(0.120983 -0.000166531 0)
(0.121354 -0.000137821 0)
(0.121073 -0.000130079 0)
(0.121197 -0.000123899 0)
(0.121531 -0.000106629 -2.4883e-21)
(0.121143 -0.00010464 -0)
(0.121228 -9.59088e-05 -0)
(0.121546 -6.68786e-05 2.32977e-21)
(0.121033 -5.27788e-05 -2.27178e-21)
(0.121064 -3.4264e-05 -0)
(0.121216 -3.02666e-06 -2.1859e-21)
(0.121794 2.09608e-05 0)
(0.121613 4.5381e-05 2.1051e-21)
(0.121742 7.24516e-05 0)
(0.121487 0.000107548 0)
(0.121121 0.000126969 0)
(0.121314 0.00015009 0)
(0.122138 0.000188838 0)
(0.121535 0.000190045 -3.52181e-21)
(0.121786 0.000199226 -3.39186e-21)
(0.122506 0.000228607 0)
(0.121856 0.000222771 0)
(0.122716 0.000211394 0)
(0.121835 0.000216489 2.90214e-21)
(0.122726 0.000220354 0)
(0.122028 0.000178563 0)
(0.122379 0.000135646 0)
(0.123708 0.000106912 2.74217e-21)
(0.123318 7.2419e-06 -2.71597e-21)
(0.124217 -0.000119929 0)
(0.126574 -0.000246329 0)
(0.126965 -0.00043392 -2.65437e-21)
(0.130226 -0.000654067 -2.60633e-21)
(0.131124 -0.00086002 -0)
(0.132636 -0.0010792 -0)
(0.13333 -0.00128122 2.05428e-21)
(0.13526 -0.00146468 -1.83776e-21)
(0.138197 -0.00162108 -0)
(0.138348 -0.00175904 0)
(0.139414 -0.00188386 -1.4608e-21)
(0.140206 -0.00195725 -0)
(0.140465 -0.0019594 0)
(0.140337 -0.00187597 -2.53305e-21)
(0.139654 -0.00169203 0)
(0.13866 -0.00140387 -4.49409e-21)
(0.13727 -0.00101492 -0)
(0.136049 -0.000520473 0)
(0.134867 0.000120056 -0)
(0.131687 0.00092129 9.50031e-21)
(0.128006 0.0018838 0)
(0.123502 0.0030491 -0)
(0.117217 0.00432004 0)
(0.111371 0.00574987 0)
(0.101822 0.00724603 0)
(0.0912103 0.00887481 0)
(0.0789262 0.0103951 -1.20078e-21)
(0.0655288 0.0117361 -6.25786e-21)
(0.0512995 0.0128857 0)
(0.0364959 0.0141053 0)
(0.0199163 0.0157531 0)
(-0.000807329 0.0157021 2.66115e-20)
(-0.0200575 0.0140712 0)
(-0.0366915 0.0122395 -4.3717e-20)
(-0.0511063 0.0107784 4.08903e-20)
(-0.0627608 0.0093982 3.85355e-20)
(-0.0728836 0.00802903 -3.66565e-20)
(-0.0793146 0.00651152 3.47741e-20)
(-0.0859749 0.00465722 -3.39132e-20)
(-0.0836009 0.00243451 0)
(-0.0907868 0.00102982 -2.01073e-18)
(-0.101091 -0.00268912 -1.80986e-18)
(-0.111327 -0.00529552 0)
(-0.118888 -0.00713579 -3.05086e-18)
(-0.124774 -0.00851903 -5.70016e-18)
(-0.131525 -0.00977728 -2.68954e-18)
(-0.13735 -0.0108623 2.51973e-18)
(-0.14251 -0.0118231 -7.52316e-35)
(-0.146645 -0.0127017 0)
(-0.150678 -0.0136204 2.08904e-18)
(-0.153528 -0.0144051 1.97112e-18)
(-0.155121 -0.0149625 3.00927e-36)
(-0.156022 -0.0153326 0)
(-0.156558 -0.0155652 0)
(-0.156982 -0.0157064 -9.0419e-35)
(-0.157724 -0.0158096 1.83377e-36)
(-0.158645 -0.015887 1.08334e-34)
(-0.161311 -0.0160988 -2.8249e-18)
(-0.164133 -0.0162812 -2.64886e-18)
(-0.168711 -0.01662 6.01853e-36)
(-0.17506 -0.0171639 4.3703e-18)
(-0.181011 -0.0177078 7.54365e-18)
(-0.191618 -0.0186047 0)
(-0.19691 -0.0190351 -3.86057e-18)
(-0.217279 -0.0223733 -1.50463e-36)
)
;
    }
    frontAndBack
    {
        type            empty;
    }
}


// ************************************************************************* //
