/*--------------------------------*- C++ -*----------------------------------*\
  =========                 |
  \\      /  F ield         | OpenFOAM: The Open Source CFD Toolbox
   \\    /   O peration     | Website:  https://openfoam.org
    \\  /    A nd           | Version:  8
     \\/     M anipulation  |
\*---------------------------------------------------------------------------*/
FoamFile
{
    version     2.0;
    format      ascii;
    class       volVectorField;
    location    "1400";
    object      wallShearStress;
}
// * * * * * * * * * * * * * * * * * * * * * * * * * * * * * * * * * * * * * //

dimensions      [0 2 -2 0 0 0 0];

internalField   uniform (0 0 0);

boundaryField
{
    inlet
    {
        type            calculated;
        value           uniform (0 0 0);
    }
    outlet
    {
        type            calculated;
        value           uniform (0 0 0);
    }
    upperWall
    {
        type            calculated;
        value           nonuniform List<vector> 
223
(
(-0.443838 0.00275775 0)
(-0.434011 0.0049295 0)
(-0.465194 0.00636575 0)
(-0.486069 0.00723453 0)
(-0.488054 0.00749775 0)
(-0.482609 0.00735237 0)
(-0.471651 0.00691981 0)
(-0.460095 0.00638489 0)
(-0.448323 0.00580178 0)
(-0.436334 0.00520565 0)
(-0.425115 0.00463652 0)
(-0.414805 0.00410801 0)
(-0.405455 0.00362565 0)
(-0.397044 0.00318988 0)
(-0.389512 0.00279998 0)
(-0.382801 0.00245874 0)
(-0.37678 0.00216887 0)
(-0.371425 0.00198178 0)
(-0.367155 0.00186842 0)
(-0.363797 0.00179128 6.02128e-22)
(-0.360526 0.00169696 0)
(-0.357349 0.00159401 0)
(-0.354264 0.00148743 0)
(-0.351277 0.0013805 6.13655e-22)
(-0.348391 0.00127451 0)
(-0.345609 0.00117147 0)
(-0.342933 0.0010715 0)
(-0.340361 0.000975922 -1.24714e-21)
(-0.337896 0.000884167 1.25176e-21)
(-0.335534 0.000797244 1.25628e-21)
(-0.333276 0.000714439 0)
(-0.331119 0.000636433 -1.26502e-21)
(-0.329063 0.000562658 0)
(-0.327104 0.00049369 1.27345e-21)
(-0.325241 0.000428992 1.27758e-21)
(-0.323469 0.000368736 -1.28165e-21)
(-0.321788 0.000312728 0)
(-0.320192 0.000260867 0)
(-0.318682 0.000213091 0)
(-0.31725 0.000169325 0)
(-0.315897 0.000129448 -1.30129e-21)
(-0.314616 9.34363e-05 0)
(-0.313405 6.09979e-05 0)
(-0.312259 3.20041e-05 1.31275e-21)
(-0.311178 6.48747e-06 0)
(-0.310153 -1.57192e-05 1.32032e-21)
(-0.309185 -3.47628e-05 -1.3241e-21)
(-0.308267 -5.05967e-05 1.32787e-21)
(-0.307398 -6.35846e-05 0)
(-0.306569 -7.34715e-05 0)
(-0.305785 -8.05824e-05 0)
(-0.305027 -8.48443e-05 1.34295e-21)
(-0.304314 -8.69896e-05 -1.34675e-21)
(-0.303609 -8.67002e-05 0)
(-0.302958 -8.46834e-05 0)
(-0.302287 -8.01863e-05 0)
(-0.301693 -7.46905e-05 0)
(-0.301036 -6.66525e-05 0)
(-0.300467 -5.77524e-05 0)
(-0.299875 -4.71804e-05 0)
(-0.299167 -3.02847e-05 0)
(-0.298764 -2.90941e-05 1.37813e-21)
(-0.333466 3.04841e-05 -1.54409e-21)
(-0.323784 -0.000108006 0)
(-0.342339 0.000429874 0)
(-0.338658 0.0011006 0)
(-0.322958 0.000698103 -1.50963e-21)
(-0.316639 0.000844516 0)
(-0.333669 0.00134708 0)
(-0.32117 0.000885001 0)
(-0.329223 0.000320236 0)
(-0.322642 7.60175e-05 0)
(-0.315748 -2.80884e-05 -3.12932e-21)
(-0.310831 -2.9479e-05 0)
(-0.306171 -6.25898e-05 0)
(-0.304073 -0.000108477 0)
(-0.298242 -1.51506e-05 0)
(-0.301315 6.31782e-05 0)
(-0.295961 -0.00011177 0)
(-0.296648 -0.000149776 0)
(-0.29391 6.94331e-05 3.1179e-21)
(-0.293728 -3.04157e-05 0)
(-0.293675 -0.000157449 0)
(-0.311105 -4.95747e-06 0)
(-0.354048 0.000202298 -3.82435e-21)
(-0.333192 0.000133162 0)
(-0.353221 0.000259862 -3.81818e-21)
(-0.330756 0.0010516 0)
(-0.309418 0.00107448 0)
(-0.30168 0.000929151 0)
(-0.297649 0.000854508 -3.19098e-21)
(-0.293294 0.000482425 0)
(-0.291316 0.00027572 3.15313e-21)
(-0.29679 0.000170827 3.2429e-21)
(-0.301396 -1.72125e-05 0)
(-0.290779 -0.000300869 3.22804e-21)
(-0.322164 -0.000339557 0)
(-0.320834 -0.000265163 0)
(-0.351717 0.000140448 0)
(-0.325496 0.000985518 -3.63504e-21)
(-0.299193 0.0011119 0)
(-0.290368 0.00114501 -3.23454e-21)
(-0.288152 0.00103538 3.20245e-21)
(-0.296267 0.000487962 0)
(-0.28738 0.000720321 0)
(-0.286712 0.000628355 0)
(-0.289306 -0.000152535 0)
(-0.28628 -6.23865e-05 0)
(-0.285809 0.000501124 0)
(-0.285232 0.000463409 0)
(-0.284741 0.000697181 -3.20909e-21)
(-0.286612 0.000960479 0)
(-0.283098 0.00041935 0)
(-0.282635 -0.000172327 0)
(-0.326752 0.000260929 0)
(-0.29904 0.000512385 0)
(-0.281067 5.10872e-05 0)
(-0.331301 0.00042381 0)
(-0.303329 0.00112647 0)
(-0.291722 0.00156912 0)
(-0.277833 0.00154403 0)
(-0.276727 0.00142495 0)
(-0.27537 0.00149784 0)
(-0.273873 0.00121304 -5.83932e-21)
(-0.272669 0.000201867 0)
(-0.271829 -0.000604075 0)
(-0.299869 -0.000874027 0)
(-0.299231 -0.000703997 6.39832e-21)
(-0.287207 -0.000462452 0)
(-0.295857 -0.000293374 0)
(-0.302348 -7.67919e-05 6.19936e-21)
(-0.289736 -5.58504e-06 0)
(-0.274374 0.000143398 -5.39172e-21)
(-0.282182 0.000965105 0)
(-0.261796 0.00102952 0)
(-0.282961 0.00115117 0)
(-0.259735 0.000979178 4.45053e-21)
(-0.283118 0.00098134 0)
(-0.257423 0.000829981 -4.10911e-21)
(-0.279161 0.000828488 0)
(-0.25474 0.000733498 0)
(-0.272423 0.00086058 0)
(-0.251599 0.00126717 0)
(-0.249894 0.000521337 0)
(-0.25357 0.000565559 0)
(-0.246358 0.000615629 0)
(-0.247215 0.000739071 0)
(-0.242641 0.00106864 0)
(-0.255743 0.000895646 0)
(-0.269116 0.000498024 0)
(-0.258929 -0.000210875 -1.78091e-21)
(-0.242375 -9.11901e-05 1.40268e-21)
(-0.229051 0.000379515 0)
(-0.225891 0.000671555 0)
(-0.22262 0.00134073 0)
(-0.234051 0.00217807 0)
(-0.22033 0.00105234 -2.33134e-22)
(-0.218528 -0.000276962 6.2703e-22)
(-0.216091 -0.000249112 -1.029e-21)
(-0.213362 0.00119836 0)
(-0.216851 0.00191447 -1.74338e-21)
(-0.222546 0.00145706 -4.4735e-21)
(-0.227193 0.00140184 0)
(-0.223828 0.00105162 -6.47027e-21)
(-0.218749 0.000361859 7.42128e-21)
(-0.203162 0.000690378 0)
(-0.225801 0.0018081 0)
(-0.203029 0.00142499 0)
(-0.202123 0.00121294 0)
(-0.200952 0.00144572 0)
(-0.200041 0.00122009 -1.24318e-20)
(-0.198456 0.00120078 0)
(-0.196724 0.00112434 -1.44473e-20)
(-0.194124 6.10755e-05 0)
(-0.189411 -0.000971641 0)
(-0.18428 -0.000896943 0)
(-0.1814 0.000866496 0)
(-0.182228 0.00177809 0)
(-0.181107 0.000290662 2.23025e-20)
(-0.17547 -0.00101605 0)
(-0.168751 -0.00128386 0)
(-0.162219 -0.000764526 -3.03733e-20)
(-0.160711 0.0012676 0)
(-0.163564 0.00214998 0)
(-0.164257 0.00172519 0)
(-0.161254 0.00106845 3.36642e-20)
(-0.154033 0.000547307 0)
(-0.142818 0.000678968 0)
(-0.129136 0.00105463 0)
(-0.115101 0.00139302 0)
(-0.10224 0.00146682 -6.5933e-20)
(-0.0917151 0.00127809 0)
(-0.0833614 0.00105223 0)
(-0.0764655 0.000879269 0)
(-0.0706047 0.00090179 9.82409e-20)
(-0.0625869 0.00103348 0)
(-0.0588483 0.00158012 0)
(-0.0316538 0.00139751 -1.40561e-19)
(-0.0625444 0.000265214 6.01853e-36)
(-0.0948078 0.00532911 1.20167e-17)
(-0.116981 0.00953536 2.16207e-17)
(-0.128719 0.011972 2.03721e-17)
(-0.135674 0.0132889 1.95984e-17)
(-0.140944 0.0141017 1.89704e-17)
(-0.145132 0.0146799 -1.84363e-17)
(-0.148231 0.0151041 -1.79467e-17)
(-0.150695 0.0154072 -6.01853e-36)
(-0.152926 0.0156472 -3.41947e-17)
(-0.155279 0.0158724 -1.6674e-17)
(-0.157678 0.0161031 9.50928e-34)
(-0.160326 0.0163343 -2.40741e-35)
(-0.163324 0.0165966 -3.05351e-17)
(-0.166904 0.0168975 -2.93696e-17)
(-0.171036 0.0172601 -2.80133e-17)
(-0.175946 0.0176831 -2.40741e-35)
(-0.181517 0.0181812 4.93855e-17)
(-0.18806 0.0187585 2.26668e-17)
(-0.195264 0.0194142 0)
(-0.203945 0.0201905 -3.53228e-17)
(-0.21236 0.0209808 -1.24466e-20)
(-0.2256 0.0221226 0)
(-0.230387 0.0228644 1.3286e-17)
(-0.25519 0.024423 -6.94527e-18)
)
;
    }
    lowerWall
    {
        type            calculated;
        value           nonuniform List<vector> 
250
(
(-0.623952 -0.0061431 0)
(-0.626514 -0.0105687 0)
(-0.583969 -0.010841 0)
(-0.540937 -0.0101886 0)
(-0.516417 -0.00907897 0)
(-0.497066 -0.00701141 0)
(-0.526054 -0.00554892 0)
(-0.527972 -0.00470664 0)
(-0.558143 -0.00431743 0)
(-0.570561 -0.00356371 0)
(-0.533732 -0.00275865 0)
(-0.508023 -0.00207548 0)
(-0.469869 -0.0012186 0)
(-0.494528 -0.00102554 0)
(-0.491974 -0.00100082 0)
(-0.508193 -0.000163603 0)
(-0.494982 -0.000322927 0)
(-0.449166 -0.000688153 0)
(0.00204903 0.000109358 0)
(0.00228704 -0.00272248 0)
(0.00254537 -0.00565664 0)
(0.00286774 -0.00875029 1.17633e-19)
(0.00322507 -0.0118133 -9.90601e-20)
(0.00350722 -0.0156161 8.64713e-20)
(0.0030935 -0.0154637 -7.76397e-20)
(0.00854796 -0.0342016 0)
(-0.0446199 -0.104645 0)
(0.000216965 -0.000265101 0)
(6.10459e-05 -0.000765841 0)
(-3.15539e-06 -0.000855064 0)
(5.51689e-05 -0.000859383 0)
(2.99858e-05 -0.00082658 1.55318e-19)
(-0.000141667 -0.000267187 -1.51094e-19)
(-0.000562088 0.0011403 0)
(-0.00113857 0.00376329 -1.75186e-19)
(-0.00150996 0.00710811 1.34448e-19)
(-0.00146643 0.0102762 0)
(-0.00109198 0.0126237 0)
(-0.000576285 0.0138644 0)
(-7.7608e-05 0.0139674 0)
(0.000317167 0.0131125 0)
(0.000644016 0.0115787 0)
(0.000962296 0.00941171 0)
(0.00131125 0.00664598 0)
(0.00170624 0.00332451 0)
(-0.000138006 -0.000268607 0)
(0.000163242 -0.000434171 0)
(0.000464338 -0.000485676 0)
(0.000775211 -0.000418892 0)
(0.00102304 -0.000192626 -0)
(0.00106797 0.000184505 -0)
(0.000826514 0.000638391 1.47458e-20)
(0.00032511 0.00106476 -1.66313e-20)
(-0.000370016 0.00137564 0)
(-0.00116736 0.0015325 -9.55099e-21)
(-0.00198998 0.00154726 0)
(-0.00277461 0.00144906 0)
(-0.00347678 0.00127316 0)
(-0.00407166 0.00104948 4.71036e-21)
(-0.00454785 0.000798487 0)
(-0.00490076 0.00053174 0)
(-0.00512802 0.000257553 -4.08589e-21)
(-0.00523355 -2.99049e-05 -0)
(-0.00519301 -0.000327656 0)
(-0.00500498 -0.000614693 -0)
(-0.00467831 -0.000871066 4.40088e-21)
(-0.00422474 -0.00107672 -0)
(-0.00366243 -0.00121077 5.21721e-21)
(-0.00301873 -0.0012542 0)
(-0.00233149 -0.0011931 -0)
(-0.00164957 -0.00102502 8.49746e-21)
(-0.00103005 -0.000766855 0)
(-0.000529112 -0.000464005 -1.41233e-20)
(-0.000178022 -0.000188635 0)
(4.21377e-05 -2.01046e-06 2.38636e-20)
(0.000182285 0.000105344 0)
(0.00026423 0.000193723 0)
(0.000259938 0.00029984 0)
(0.000156136 0.000445436 0)
(-8.0672e-05 0.000641961 0)
(-0.000479152 0.000850342 -1.55049e-20)
(-0.0010218 0.000993849 0)
(-0.00162298 0.00099883 1.8283e-20)
(-0.0021671 0.000854009 0)
(-0.00255815 0.000604212 -1.44434e-20)
(-0.00275418 0.000331273 0)
(-0.00277912 0.000108156 0)
(-0.00268718 -1.65119e-05 1.42111e-20)
(-0.00255404 -2.00941e-05 0)
(-0.00244678 9.43344e-05 1.47707e-20)
(-0.00237914 0.000278352 -1.48927e-20)
(-0.00230556 0.000409933 0)
(-0.00211021 0.000260644 -1.60388e-20)
(-0.00154147 -0.000351544 -1.84868e-20)
(-0.000322435 -0.00106847 0)
(0.00139106 -0.00163865 0)
(0.00322032 -0.00224053 0)
(0.00530069 -0.00289067 0)
(0.00762067 -0.00344556 -0)
(0.0101135 -0.00374843 3.57997e-21)
(0.0125991 -0.00373002 0)
(0.014994 -0.00373454 -2.78087e-21)
(0.0173413 -0.00368559 -0)
(0.0196084 -0.00345697 -0)
(0.0216915 -0.00323514 2.18195e-21)
(0.0248564 -0.00314483 0)
(0.0273955 -0.00287872 -2.12268e-21)
(0.0271094 -0.00238436 -0)
(0.030241 -0.00229878 0)
(0.0319286 -0.00213096 -0)
(0.0340759 -0.00199559 1.84463e-21)
(0.035947 -0.00186006 0)
(0.0377688 -0.00174053 -0)
(0.0395469 -0.00163612 1.79283e-21)
(0.0412226 -0.00154213 0)
(0.0428778 -0.00145918 1.77008e-21)
(0.0444555 -0.00138428 0)
(0.046006 -0.00131668 0)
(0.0475016 -0.00125474 0)
(0.0489658 -0.0011976 -1.73694e-21)
(0.0503879 -0.00114412 -0)
(0.0517773 -0.0010936 0)
(0.0531301 -0.00104542 -1.71649e-21)
(0.0544502 -0.000999172 -1.70987e-21)
(0.0557365 -0.00095435 -0)
(0.0569897 -0.000910695 -1.69636e-21)
(0.0582096 -0.000867868 0)
(0.0593958 -0.000825873 -3.36422e-21)
(0.0605485 -0.00078439 -0)
(0.0616666 -0.00074337 -3.33333e-21)
(0.0627502 -0.000702649 -0)
(0.0637983 -0.000662112 3.29935e-21)
(0.0648101 -0.000621602 0)
(0.0657846 -0.000581102 0)
(0.0667212 -0.000540344 0)
(0.067618 -0.000499311 -3.21972e-21)
(0.0684746 -0.000457689 -0)
(0.0692887 -0.000415239 3.173e-21)
(0.0700595 -0.000371632 0)
(0.0707843 -0.00032646 -3.12094e-21)
(0.0714612 -0.000279482 -3.09282e-21)
(0.0720879 -0.000230483 -3.06327e-21)
(0.0726622 -0.000179721 -0)
(0.0731825 -0.00012799 0)
(0.0736477 -7.79432e-05 0)
(0.0740605 -3.38322e-05 0)
(0.0744253 2.69419e-06 0)
(0.0747472 3.59937e-05 0)
(0.0750256 6.86858e-05 0)
(0.0752607 0.000100988 0)
(0.0754516 0.000133079 2.73027e-21)
(0.0755983 0.000165062 2.68445e-21)
(0.0757001 0.000196892 0)
(0.0757562 0.000228631 0)
(0.0757667 0.000260122 0)
(0.0757309 0.000291474 2.48189e-21)
(0.0756486 0.000322607 0)
(0.0755193 0.000353545 0)
(0.0753431 0.00038421 0)
(0.0751194 0.000414584 0)
(0.0748486 0.000444706 -2.18273e-21)
(0.0745299 0.000474477 0)
(0.0741642 0.000503856 0)
(0.0737511 0.000532864 1.97677e-21)
(0.0732909 0.000561529 -1.90341e-21)
(0.0727834 0.000589647 0)
(0.0722297 0.000617314 -1.74932e-21)
(0.0716298 0.00064446 0)
(0.070984 0.000671147 1.58501e-21)
(0.0702928 0.000697128 0)
(0.0695574 0.00072262 0)
(0.0687776 0.000747467 0)
(0.0679549 0.000771691 0)
(0.0670917 0.000795139 0)
(0.0661917 0.000817811 -2.05214e-21)
(0.0652423 0.000839231 -1.84505e-21)
(0.0642672 0.00086025 0)
(0.0632339 0.0008798 0)
(0.0621799 0.000897566 0)
(0.0610866 0.000912336 9.53831e-22)
(0.0599667 0.000921347 0)
(0.0588153 0.000921791 0)
(0.057637 0.000914516 0)
(0.0564253 0.000918719 -4.56904e-23)
(0.0551835 0.000934131 3.14605e-22)
(0.0539112 0.00094571 0)
(0.0526144 0.000956483 0)
(0.0512946 0.000966321 1.17241e-21)
(0.0499532 0.000975354 1.47645e-21)
(0.0485918 0.000983644 0)
(0.0472121 0.000991111 0)
(0.0458158 0.00099796 -2.44828e-21)
(0.0444037 0.00100412 2.79373e-21)
(0.0429773 0.00100964 0)
(0.041538 0.00101449 0)
(0.0400866 0.00101868 3.90313e-21)
(0.0386255 0.00102224 0)
(0.0371549 0.00102519 0)
(0.0356772 0.00102754 5.13832e-21)
(0.0341934 0.00102945 0)
(0.0327051 0.00103098 6.04463e-21)
(0.0312134 0.00103234 0)
(0.0297191 0.0010336 0)
(0.0282231 0.00103496 0)
(0.026726 0.0010365 -8.10567e-21)
(0.025228 0.00103835 0)
(0.0237293 0.00104057 0)
(0.0222299 0.00104321 0)
(0.0207299 0.00104625 0)
(0.0192293 0.00104971 0)
(0.0177282 0.00105364 0)
(0.0162266 0.00105813 -1.29036e-20)
(0.0147246 0.00106329 -1.37731e-20)
(0.0132219 0.00106922 0)
(0.0117183 0.00107596 0)
(0.0102134 0.00108342 0)
(0.00870736 0.0010913 1.79808e-20)
(0.00720065 0.00109911 0)
(0.00569488 0.00110659 -4.13715e-20)
(0.00419339 0.00111179 4.44897e-20)
(0.00270353 0.00111004 4.79382e-20)
(0.00123423 0.00109052 -5.17584e-20)
(-0.000138575 0.0010465 5.3983e-20)
(-0.00166465 0.000895907 -5.31337e-20)
(-0.00204319 0.000534511 0)
(-0.0039875 0.00119301 -3.15294e-18)
(-0.00699115 0.000977863 -2.84616e-18)
(-0.00996835 0.000651113 -3.00927e-36)
(-0.0130774 0.000342615 -4.81527e-18)
(-0.0164074 1.31694e-05 -8.93554e-18)
(-0.0199566 -0.000337235 -4.16171e-18)
(-0.0237368 -0.000709093 3.88782e-18)
(-0.0277686 -0.00110592 -1.80556e-35)
(-0.0320773 -0.00153074 0)
(-0.0366805 -0.00198642 3.20546e-18)
(-0.0415947 -0.00247954 3.01121e-18)
(-0.0468398 -0.00297389 3.00927e-36)
(-0.0524213 -0.00348428 0)
(-0.0583926 -0.00406665 0)
(-0.0648133 -0.00471591 -8.85853e-35)
(-0.0716922 -0.00542222 -1.09556e-35)
(-0.0791672 -0.0061844 3.61112e-35)
(-0.0871185 -0.00700795 -3.72134e-18)
(-0.0960728 -0.00790125 -3.38983e-18)
(-0.10516 -0.0088701 6.01853e-36)
(-0.116685 -0.00993458 5.33355e-18)
(-0.126286 -0.0111032 8.85452e-18)
(-0.14363 -0.0123374 0)
(-0.151112 -0.0138419 -4.27094e-18)
(-0.185584 -0.0161881 -3.00927e-36)
)
;
    }
    frontAndBack
    {
        type            empty;
    }
}


// ************************************************************************* //
