/*--------------------------------*- C++ -*----------------------------------*\
  =========                 |
  \\      /  F ield         | OpenFOAM: The Open Source CFD Toolbox
   \\    /   O peration     | Website:  https://openfoam.org
    \\  /    A nd           | Version:  8
     \\/     M anipulation  |
\*---------------------------------------------------------------------------*/
FoamFile
{
    version     2.0;
    format      ascii;
    class       volVectorField;
    location    "1900";
    object      wallShearStress;
}
// * * * * * * * * * * * * * * * * * * * * * * * * * * * * * * * * * * * * * //

dimensions      [0 2 -2 0 0 0 0];

internalField   uniform (0 0 0);

boundaryField
{
    inlet
    {
        type            calculated;
        value           uniform (0 0 0);
    }
    outlet
    {
        type            calculated;
        value           uniform (0 0 0);
    }
    upperWall
    {
        type            calculated;
        value           nonuniform List<vector> 
223
(
(-0.444057 0.00268883 0)
(-0.43404 0.00482588 0)
(-0.466875 0.0063588 0)
(-0.485377 0.00727512 0)
(-0.487594 0.00753664 0)
(-0.482508 0.00737641 0)
(-0.471564 0.00693205 0)
(-0.460034 0.00639193 0)
(-0.448277 0.00580536 0)
(-0.436285 0.00520645 0)
(-0.425058 0.00463526 0)
(-0.41474 0.00410509 0)
(-0.405385 0.00362131 0)
(-0.39697 0.00318443 0)
(-0.389438 0.00279381 0)
(-0.382728 0.00245229 0)
(-0.376708 0.00216216 0)
(-0.371358 0.00197488 0)
(-0.367091 0.00186171 0)
(-0.363735 0.00178494 5.88366e-22)
(-0.360467 0.00169003 0)
(-0.357292 0.00158681 0)
(-0.354211 0.00148019 0)
(-0.351226 0.00137299 6.00239e-22)
(-0.348343 0.00126718 0)
(-0.345565 0.00116372 0)
(-0.342893 0.00106386 0)
(-0.340327 0.00096799 -1.22158e-21)
(-0.337866 0.000876489 1.22658e-21)
(-0.335511 0.000789397 1.23147e-21)
(-0.333259 0.000707026 0)
(-0.331108 0.000629092 -1.241e-21)
(-0.329058 0.000555874 0)
(-0.327104 0.000487187 1.25021e-21)
(-0.325247 0.000422979 1.25473e-21)
(-0.32348 0.000363157 -1.25919e-21)
(-0.321804 0.000307709 0)
(-0.320213 0.000256424 0)
(-0.318707 0.000209294 0)
(-0.317278 0.000166183 0)
(-0.315927 0.000126852 -1.28089e-21)
(-0.314646 9.11788e-05 0)
(-0.313438 5.90755e-05 0)
(-0.312293 3.04733e-05 1.29365e-21)
(-0.311213 5.17741e-06 0)
(-0.310188 -1.69367e-05 1.30216e-21)
(-0.309222 -3.59347e-05 -1.30644e-21)
(-0.308303 -5.18797e-05 1.31071e-21)
(-0.307438 -6.47097e-05 0)
(-0.306607 -7.46378e-05 0)
(-0.305828 -8.17132e-05 0)
(-0.305068 -8.62263e-05 1.32814e-21)
(-0.30436 -8.83065e-05 -1.33263e-21)
(-0.30366 -8.80749e-05 0)
(-0.303003 -8.5656e-05 0)
(-0.302352 -8.15913e-05 0)
(-0.30173 -7.52946e-05 0)
(-0.301112 -6.79021e-05 0)
(-0.300531 -6.08282e-05 0)
(-0.2999 -4.56907e-05 0)
(-0.299369 -2.84401e-05 0)
(-0.298681 -2.43649e-05 1.37495e-21)
(-0.298144 -2.18033e-05 -1.38016e-21)
(-0.297742 -2.33516e-05 0)
(-0.297005 -1.79943e-05 0)
(-0.296771 6.62275e-06 0)
(-0.296529 5.44029e-05 -1.40317e-21)
(-0.296381 6.82926e-05 0)
(-0.296243 6.40852e-05 0)
(-0.296091 5.63287e-05 0)
(-0.295957 1.52543e-05 0)
(-0.339562 -6.62713e-05 0)
(-0.358587 0.000122654 -3.4433e-21)
(-0.332581 0.000907893 0)
(-0.331018 0.00154655 0)
(-0.337482 0.00168459 0)
(-0.341593 0.00168398 0)
(-0.353666 0.00164297 0)
(-0.332315 0.000930423 0)
(-0.334516 4.47822e-05 0)
(-0.322364 -0.000345279 3.23765e-21)
(-0.312906 -0.000374986 0)
(-0.303786 -0.000254799 0)
(-0.300991 -0.000237405 0)
(-0.293053 -0.000391717 -3.08556e-21)
(-0.311473 -0.000512193 0)
(-0.353077 8.06095e-05 -3.75618e-21)
(-0.33604 0.00104165 0)
(-0.311303 0.000951917 0)
(-0.311693 0.000392742 0)
(-0.307168 -1.23212e-05 -3.33591e-21)
(-0.293953 0.000245548 0)
(-0.291213 0.000473959 3.18446e-21)
(-0.294468 0.000191943 3.24743e-21)
(-0.299797 5.32973e-05 0)
(-0.290491 -7.38188e-05 3.24499e-21)
(-0.332611 0.000247441 0)
(-0.313378 0.000366678 0)
(-0.304886 8.01186e-06 0)
(-0.289499 0.000192496 -3.271e-21)
(-0.289084 0.00038293 0)
(-0.288773 0.000356091 -3.28345e-21)
(-0.288418 0.000188382 3.28052e-21)
(-0.31374 0.000341255 0)
(-0.297621 0.000443734 0)
(-0.293698 0.000336071 0)
(-0.287004 0.000153931 0)
(-0.317976 -0.00010883 0)
(-0.298068 9.19636e-05 0)
(-0.312988 0.000220503 0)
(-0.310874 7.56862e-05 -3.52507e-21)
(-0.337319 0.000102265 0)
(-0.34432 0.000357561 0)
(-0.324821 0.000401897 0)
(-0.331117 0.000418312 0)
(-0.336229 0.000881836 0)
(-0.310224 0.00158987 0)
(-0.280429 0.00118962 0)
(-0.279839 0.000462621 0)
(-0.279345 0.00051907 0)
(-0.278436 0.000475006 0)
(-0.285337 0.000270795 0)
(-0.303333 0.00039314 0)
(-0.297371 0.000490028 -6.37663e-21)
(-0.315076 0.000648466 0)
(-0.303605 0.000738579 0)
(-0.324651 0.000555774 0)
(-0.307784 0.000281604 6.34957e-21)
(-0.289377 0.000365119 0)
(-0.292846 0.00116511 0)
(-0.26543 0.00118616 5.16348e-21)
(-0.29508 0.00137483 0)
(-0.263697 0.00112946 -4.85608e-21)
(-0.296924 0.00113661 0)
(-0.262044 0.000877899 0)
(-0.294834 0.000863216 0)
(-0.260053 0.000698822 4.24451e-21)
(-0.289813 0.000703636 0)
(-0.257677 0.000626735 -3.9307e-21)
(-0.282816 0.000655468 0)
(-0.254938 0.000633388 0)
(-0.27453 0.000617094 0)
(-0.251821 0.00108817 0)
(-0.250172 0.000524709 0)
(-0.25326 0.000552101 0)
(-0.246928 0.000570371 0)
(-0.248633 0.000558683 0)
(-0.243512 0.00162066 0)
(-0.241885 0.00181677 0)
(-0.240056 0.00175389 0)
(-0.238519 0.000686315 -1.32452e-21)
(-0.236439 -0.000803282 1.08565e-21)
(-0.234275 -0.000448014 0)
(-0.230956 0.000555313 0)
(-0.236918 0.000877528 0)
(-0.248373 0.000343501 0)
(-0.240969 0.00115863 -4.47807e-22)
(-0.222802 0.000869427 7.47081e-22)
(-0.220237 -0.000357554 -1.16368e-21)
(-0.217359 -0.00048286 0)
(-0.21325 0.00119895 -1.98377e-21)
(-0.212752 0.00305074 -4.48114e-21)
(-0.212195 0.001791 0)
(-0.210903 0.00121933 -6.16489e-21)
(-0.210242 0.000409325 6.90863e-21)
(-0.207478 -0.00118112 0)
(-0.203357 -0.000762004 0)
(-0.199313 0.000114315 0)
(-0.197219 0.00105417 0)
(-0.206893 0.00207617 0)
(-0.196748 0.00237659 -1.25381e-20)
(-0.196317 0.00168065 0)
(-0.194128 0.00132314 -1.49292e-20)
(-0.192399 -0.000178491 0)
(-0.188325 -0.00211708 0)
(-0.182817 0.000114472 0)
(-0.183372 0.000913538 0)
(-0.178762 -0.000597 0)
(-0.17485 0.000204017 2.39693e-20)
(-0.173852 0.0016389 0)
(-0.174182 0.00186674 0)
(-0.172444 0.00113864 -2.67833e-20)
(-0.169296 0.000730252 0)
(-0.166045 0.000575302 0)
(-0.162156 0.000545501 0)
(-0.157335 0.000547293 3.55608e-20)
(-0.1507 0.000647408 0)
(-0.141369 0.000867068 0)
(-0.129482 0.00123657 0)
(-0.116293 0.00158432 0)
(-0.103486 0.00168531 -6.53039e-20)
(-0.0924206 0.0015166 0)
(-0.0835314 0.00122936 0)
(-0.0762097 0.00100291 0)
(-0.0701983 0.000945701 9.91125e-20)
(-0.0621502 0.00104759 0)
(-0.0584853 0.00156209 0)
(-0.0313817 0.00138318 -1.41742e-19)
(-0.0624119 0.000249895 0)
(-0.0946737 0.0053387 1.20961e-17)
(-0.11691 0.00954485 2.17649e-17)
(-0.128641 0.0119961 2.05195e-17)
(-0.13562 0.0132999 1.97468e-17)
(-0.140928 0.014114 1.91184e-17)
(-0.145183 0.0146858 -1.85791e-17)
(-0.148377 0.0151152 -1.80841e-17)
(-0.150945 0.0154265 0)
(-0.153289 0.0156758 -3.44313e-17)
(-0.155714 0.0159117 -1.67838e-17)
(-0.158209 0.0161505 8.78706e-34)
(-0.160887 0.0163926 -1.20371e-35)
(-0.16397 0.0166552 -3.0716e-17)
(-0.167539 0.0169617 -2.9527e-17)
(-0.171785 0.0173224 -2.81694e-17)
(-0.176664 0.0177532 2.40741e-35)
(-0.182351 0.01825 4.96278e-17)
(-0.188828 0.0188329 2.27431e-17)
(-0.196122 0.0194865 1.20371e-35)
(-0.204714 0.0202639 -3.54094e-17)
(-0.213174 0.0210514 -1.23418e-20)
(-0.226354 0.0221932 0)
(-0.231152 0.0229322 1.33668e-17)
(-0.255966 0.024485 -6.96192e-18)
)
;
    }
    lowerWall
    {
        type            calculated;
        value           nonuniform List<vector> 
250
(
(-0.623088 -0.00622543 0)
(-0.624768 -0.0104726 0)
(-0.581968 -0.0108104 0)
(-0.538779 -0.0103383 0)
(-0.515048 -0.00926493 0)
(-0.495479 -0.0070586 0)
(-0.525557 -0.00646842 0)
(-0.475204 -0.00536144 0)
(-0.455087 -0.00354974 0)
(-0.510735 -0.00265748 0)
(-0.502567 -0.00161167 0)
(-0.518234 -0.002107 0)
(-0.462028 -0.00220464 0)
(-0.4264 -0.00190598 0)
(-0.430692 -0.00240879 0)
(-0.420557 -0.00195673 0)
(-0.41864 -0.000194295 0)
(-0.418362 0.000837811 0)
(0.00209782 6.41545e-05 0)
(0.00234236 -0.00276215 0)
(0.00261438 -0.00569662 0)
(0.00296232 -0.00880866 1.13832e-19)
(0.00332394 -0.0119011 -9.60267e-20)
(0.00350035 -0.0156867 8.55459e-20)
(0.00292357 -0.0155266 -7.7445e-20)
(0.00812246 -0.0344367 0)
(-0.0529653 -0.120362 0)
(0.000221219 -0.000269508 0)
(6.43701e-05 -0.000778799 0)
(-2.31519e-06 -0.000869775 0)
(5.47807e-05 -0.000871764 0)
(2.91761e-05 -0.000834467 1.53691e-19)
(-0.000143503 -0.000270132 -1.49538e-19)
(-0.000566924 0.00114492 0)
(-0.00114507 0.003781 -1.73036e-19)
(-0.00151383 0.00713615 1.32749e-19)
(-0.00146533 0.0103082 0)
(-0.00108572 0.0126537 0)
(-0.00056508 0.0138882 0)
(-6.25377e-05 0.0139807 0)
(0.000336646 0.0131149 0)
(0.000668427 0.0115687 0)
(0.000992817 0.00938815 0)
(0.00134826 0.00660895 0)
(0.00175073 0.00327675 0)
(-0.000139741 -0.000273579 0)
(0.00016798 -0.000440843 0)
(0.000475181 -0.000490568 0)
(0.000789653 -0.000419115 0)
(0.00103703 -0.000186439 -0)
(0.00107678 0.000196317 -0)
(0.000828465 0.000654879 1.45523e-20)
(0.000318726 0.00108427 -1.6354e-20)
(-0.000385104 0.00139599 0)
(-0.00119087 0.00155188 -9.33833e-21)
(-0.0020205 0.00156446 0)
(-0.00281055 0.00146387 0)
(-0.00351696 0.0012859 0)
(-0.00411529 0.00106064 4.61442e-21)
(-0.00459444 0.000808632 0)
(-0.00495021 0.00054144 0)
(-0.00518036 0.000267255 -4.00339e-21)
(-0.00528914 -1.97132e-05 -0)
(-0.00525258 -0.000316944 0)
(-0.00506893 -0.000603751 -0)
(-0.00474705 -0.000860274 4.30453e-21)
(-0.00429868 -0.00106682 -0)
(-0.00374173 -0.0012029 5.08775e-21)
(-0.00310316 -0.00124995 0)
(-0.00242011 -0.00119447 -0)
(-0.00174025 -0.00103418 8.2017e-21)
(-0.00111875 -0.000785184 0)
(-0.00060955 -0.00048992 -1.34423e-20)
(-0.000244703 -0.000214889 0)
(-1.26658e-05 -1.99529e-05 2.35034e-20)
(0.000132055 9.42544e-05 0)
(0.000216653 0.000185325 0)
(0.000214279 0.000289582 0)
(0.000113261 0.000429862 0)
(-0.000116481 0.000618352 0)
(-0.00050391 0.000821769 -1.50719e-20)
(-0.00103627 0.000967949 0)
(-0.00163329 0.000982198 1.79202e-20)
(-0.00218046 0.00084659 0)
(-0.00257856 0.000602025 -1.41519e-20)
(-0.00278217 0.000329694 0)
(-0.00281265 0.000104011 0)
(-0.00272323 -2.42487e-05 1.39231e-20)
(-0.00258958 -3.05905e-05 0)
(-0.00248284 8.72333e-05 1.44888e-20)
(-0.00242309 0.000281647 -1.45932e-20)
(-0.00236431 0.000434262 0)
(-0.00218921 0.000313042 -1.55944e-20)
(-0.00165522 -0.00026633 -1.7894e-20)
(-0.000505283 -0.00100569 0)
(0.00119565 -0.00163206 0)
(0.00304485 -0.00227549 0)
(0.00515233 -0.0029278 0)
(0.00749256 -0.00347253 -0)
(0.0100316 -0.00380219 3.60895e-21)
(0.0127055 -0.00383023 0)
(0.0155501 -0.00385074 -2.93006e-21)
(0.0178993 -0.0037043 -0)
(0.0200165 -0.00347374 -0)
(0.023308 -0.00341092 2.33348e-21)
(0.0238639 -0.00295403 0)
(0.0266626 -0.00284487 -2.02749e-21)
(0.0292824 -0.00261489 -0)
(0.0295597 -0.00224761 0)
(0.0321543 -0.0021518 -0)
(0.0340573 -0.00198682 1.82105e-21)
(0.0359867 -0.00185734 0)
(0.0377981 -0.00173806 -0)
(0.0395682 -0.00163267 1.77263e-21)
(0.0412524 -0.0015389 0)
(0.0428951 -0.00145539 1.74999e-21)
(0.0444782 -0.00138069 0)
(0.0460201 -0.00131305 0)
(0.0475168 -0.00125139 0)
(0.0489758 -0.00119444 -1.71648e-21)
(0.0503966 -0.00114135 -0)
(0.0517826 -0.00109122 0)
(0.0531337 -0.00104358 -1.69546e-21)
(0.0544518 -0.00099774 -1.68864e-21)
(0.0557364 -0.000953474 -0)
(0.0569886 -0.000910275 -1.67479e-21)
(0.0582075 -0.000868016 0)
(0.0593936 -0.000826494 -3.32055e-21)
(0.0605464 -0.000785427 -0)
(0.0616649 -0.000744717 -3.28934e-21)
(0.0627492 -0.000704338 -0)
(0.0637983 -0.00066397 3.25516e-21)
(0.0648111 -0.00062351 0)
(0.0657866 -0.000582958 0)
(0.0667239 -0.000542167 0)
(0.067622 -0.000500851 -3.17549e-21)
(0.0684788 -0.000458854 -0)
(0.0692934 -0.000415991 3.12883e-21)
(0.0700639 -0.000371832 0)
(0.070788 -0.000326135 -3.07691e-21)
(0.0714639 -0.000278661 -3.04885e-21)
(0.0720893 -0.000229073 -3.01939e-21)
(0.0726613 -0.000177762 -0)
(0.0731792 -0.000125649 0)
(0.0736413 -7.53573e-05 0)
(0.074051 -3.13634e-05 0)
(0.0744127 5.28342e-06 0)
(0.0747309 3.89397e-05 0)
(0.0750052 7.19269e-05 0)
(0.0752356 0.000104531 0)
(0.0754217 0.000136898 2.68521e-21)
(0.075563 0.000169193 2.63905e-21)
(0.0756588 0.000201227 0)
(0.075709 0.000233163 0)
(0.0757131 0.000264828 0)
(0.0756707 0.00029639 2.43485e-21)
(0.0755814 0.000327668 0)
(0.0754452 0.00035867 0)
(0.0752619 0.000389414 0)
(0.0750313 0.000419902 0)
(0.0747532 0.000450033 -2.13337e-21)
(0.0744279 0.000479767 0)
(0.0740555 0.000509112 0)
(0.0736361 0.000538033 1.92593e-21)
(0.0731698 0.000566561 -1.85207e-21)
(0.0726569 0.000594491 0)
(0.0720983 0.000621897 -1.69695e-21)
(0.0714939 0.000648716 0)
(0.0708446 0.000674921 1.53158e-21)
(0.070151 0.000700452 0)
(0.0694136 0.000725322 0)
(0.0686335 0.000749454 0)
(0.0678111 0.000772889 0)
(0.0669501 0.000795438 0)
(0.0660531 0.000817042 -1.93937e-21)
(0.0651078 0.000837314 -1.73162e-21)
(0.064139 0.000857097 0)
(0.0631138 0.000875351 0)
(0.0620704 0.000891858 0)
(0.0609875 0.000905406 8.39537e-22)
(0.0598804 0.000913345 0)
(0.0587445 0.000912737 0)
(0.0575823 0.000903999 0)
(0.0563888 0.000906634 -1.56816e-22)
(0.0551667 0.000920817 4.24179e-22)
(0.0539151 0.000931099 0)
(0.0526405 0.000940623 0)
(0.051343 0.000949163 1.27502e-21)
(0.0500243 0.000956938 1.57592e-21)
(0.0486859 0.000963844 0)
(0.0473292 0.000970169 0)
(0.045955 0.000975847 -2.53608e-21)
(0.0445648 0.000981084 2.87704e-21)
(0.0431601 0.000985834 0)
(0.041742 0.000990299 0)
(0.0403119 0.000994467 3.97133e-21)
(0.0388705 0.000998422 0)
(0.0374186 0.001002 0)
(0.0359581 0.00100534 5.1906e-21)
(0.0344895 0.00100851 0)
(0.0330139 0.00101162 6.08718e-21)
(0.0315327 0.00101474 0)
(0.0300463 0.0010181 0)
(0.0285553 0.00102174 0)
(0.0270602 0.00102581 -8.13571e-21)
(0.0255609 0.00103036 0)
(0.0240576 0.00103542 0)
(0.0225501 0.00104097 0)
(0.0210387 0.00104699 0)
(0.0195235 0.00105348 0)
(0.0180046 0.00106049 0)
(0.0164824 0.0010681 -1.29623e-20)
(0.014957 0.00107641 -1.38449e-20)
(0.0134282 0.00108552 0)
(0.0118961 0.00109539 0)
(0.0103606 0.00110601 0)
(0.00882185 0.00111695 1.81446e-20)
(0.00728085 0.0011278 0)
(0.00573951 0.00113816 -4.18607e-20)
(0.00420146 0.00114605 4.5085e-20)
(0.00267448 0.00114663 4.86623e-20)
(0.00116732 0.00112892 -5.26385e-20)
(-0.000243687 0.00108323 5.45747e-20)
(-0.00180882 0.000926768 -5.33381e-20)
(-0.002212 0.000556683 0)
(-0.00419817 0.00119822 -3.16222e-18)
(-0.00725407 0.000976723 -2.85491e-18)
(-0.0102853 0.000642237 0)
(-0.0134375 0.000326579 -4.83213e-18)
(-0.0168047 -8.37019e-06 -8.96976e-18)
(-0.0203848 -0.000363926 -4.17905e-18)
(-0.0241881 -0.000740106 3.90533e-18)
(-0.0282372 -0.00114059 6.01853e-36)
(-0.0325533 -0.00156791 3.00927e-36)
(-0.0371541 -0.00202538 3.22253e-18)
(-0.0420568 -0.00252019 3.02776e-18)
(-0.0472827 -0.00300921 3.00927e-36)
(-0.052833 -0.0035162 0)
(-0.0587706 -0.00410196 0)
(-0.0651532 -0.00475212 -4.43867e-35)
(-0.071989 -0.00545632 8.98078e-36)
(-0.0794173 -0.0062152 1.29398e-34)
(-0.0873165 -0.0070346 -3.73931e-18)
(-0.0962157 -0.00792333 -3.40463e-18)
(-0.105246 -0.0088871 6.01853e-36)
(-0.116704 -0.00994531 5.35067e-18)
(-0.126242 -0.0111084 8.87656e-18)
(-0.143499 -0.0123345 0)
(-0.150921 -0.0138358 -4.27504e-18)
(-0.18525 -0.0161658 1.50463e-35)
)
;
    }
    frontAndBack
    {
        type            empty;
    }
}


// ************************************************************************* //
