/*--------------------------------*- C++ -*----------------------------------*\
  =========                 |
  \\      /  F ield         | OpenFOAM: The Open Source CFD Toolbox
   \\    /   O peration     | Website:  https://openfoam.org
    \\  /    A nd           | Version:  8
     \\/     M anipulation  |
\*---------------------------------------------------------------------------*/
FoamFile
{
    version     2.0;
    format      ascii;
    class       volVectorField;
    location    "3700";
    object      wallShearStress;
}
// * * * * * * * * * * * * * * * * * * * * * * * * * * * * * * * * * * * * * //

dimensions      [0 2 -2 0 0 0 0];

internalField   uniform (0 0 0);

boundaryField
{
    inlet
    {
        type            calculated;
        value           uniform (0 0 0);
    }
    outlet
    {
        type            calculated;
        value           uniform (0 0 0);
    }
    upperWall
    {
        type            calculated;
        value           nonuniform List<vector> 
223
(
(-0.582193 -0.392359 0)
(-0.977814 -0.219377 0)
(-0.939335 -0.0567746 0)
(-0.81071 -0.00585788 0)
(-0.734594 0.00331366 0)
(-0.695452 0.00231537 0)
(-0.67094 0.000424086 0)
(-0.653508 -0.00144907 0)
(-0.640533 -0.00256383 0)
(-0.629819 -0.00218244 0)
(-0.620063 -0.00131141 0)
(-0.610955 -0.00108354 0)
(-0.603068 -0.00141059 0)
(-0.596128 -0.00113888 0)
(-0.590229 -0.000828766 0)
(-0.585437 -0.000755752 0)
(-0.580234 0.000753754 0)
(-0.574816 0.002749 0)
(-0.570787 0.00183734 0)
(-0.567966 0.00149055 4.23056e-22)
(-0.564783 0.00318186 0)
(-0.561363 0.00293715 0)
(-0.558327 0.00230469 0)
(-0.555556 0.0022221 4.46165e-22)
(-0.552844 0.00233298 0)
(-0.550125 0.00330497 0)
(-0.547032 0.00386679 0)
(-0.544026 0.0035881 -9.37922e-22)
(-0.541248 0.00309887 9.47573e-22)
(-0.538553 0.00299716 9.58479e-22)
(-0.535798 0.00267234 0)
(-0.53314 0.00233829 -9.79412e-22)
(-0.530509 0.00205427 0)
(-0.527888 0.00182855 1.00238e-21)
(-0.525259 0.00163856 1.0144e-21)
(-0.522619 0.00149384 -1.02692e-21)
(-0.519957 0.00137763 0)
(-0.51728 0.0012859 0)
(-0.51458 0.00121514 0)
(-0.511856 0.00116085 0)
(-0.509104 0.00111961 -1.09133e-21)
(-0.506322 0.00108884 0)
(-0.503507 0.00106667 0)
(-0.500656 0.00105156 1.13132e-21)
(-0.497766 0.00104226 0)
(-0.494835 0.00103784 1.15772e-21)
(-0.491859 0.00103759 -1.17069e-21)
(-0.488835 0.00104067 1.18341e-21)
(-0.485759 0.00104659 0)
(-0.48263 0.0010541 0)
(-0.479445 0.00106248 0)
(-0.476207 0.00107046 1.23086e-21)
(-0.472922 0.00107692 -1.24153e-21)
(-0.4696 0.00108213 0)
(-0.466258 0.00108708 0)
(-0.462909 0.00109218 0)
(-0.459565 0.00109667 0)
(-0.456231 0.00109933 0)
(-0.452907 0.00109938 0)
(-0.449589 0.00109692 0)
(-0.44627 0.00109261 0)
(-0.442938 0.00108747 1.29205e-21)
(-0.439583 0.00108261 -1.29183e-21)
(-0.436194 0.00107892 0)
(-0.432761 0.00107704 0)
(-0.429271 0.00107721 0)
(-0.425716 0.00107946 -1.27845e-21)
(-0.422089 0.00108364 0)
(-0.418381 0.00108949 0)
(-0.414588 0.00109668 0)
(-0.410704 0.00110471 0)
(-0.406728 0.00111321 0)
(-0.402656 0.00112169 -2.4345e-21)
(-0.398487 0.00112954 0)
(-0.394224 0.00113619 0)
(-0.389869 0.00114128 0)
(-0.385427 0.00114445 0)
(-0.380908 0.00114563 0)
(-0.376323 0.00114471 0)
(-0.371683 0.00114134 0)
(-0.367002 0.00113535 2.09541e-21)
(-0.362289 0.00112659 0)
(-0.357552 0.00111502 0)
(-0.352796 0.00110108 0)
(-0.348023 0.0010853 -1.83972e-21)
(-0.343232 0.00106815 0)
(-0.338423 0.00105028 -1.69027e-21)
(-0.333591 0.00103238 0)
(-0.328732 0.00101533 0)
(-0.323838 0.000999804 0)
(-0.319026 0.000992016 -1.35103e-21)
(-0.316385 0.00100116 0)
(-0.313661 0.00101502 1.18054e-21)
(-0.310856 0.00102969 1.08983e-21)
(-0.307976 0.00104287 0)
(-0.305031 0.00105375 8.96114e-22)
(-0.302034 0.00106249 0)
(-0.298997 0.00106989 0)
(-0.295936 0.00107678 0)
(-0.292864 0.00108483 -4.54622e-22)
(-0.289796 0.00109213 0)
(-0.286744 0.00110375 -2.05176e-22)
(-0.283724 0.0011055 7.30936e-23)
(-0.280737 0.00111522 0)
(-0.277807 0.00111164 0)
(-0.274921 0.00110311 0)
(-0.272115 0.00109711 0)
(-0.26935 0.0010221 0)
(-0.26669 0.000943114 0)
(-0.264151 0.000910655 0)
(-0.261612 0.000953875 1.15401e-21)
(-0.259215 0.00116545 0)
(-0.256978 0.00104225 0)
(-0.254696 0.00124359 0)
(-0.252629 0.00117278 0)
(-0.250377 0.000677756 0)
(-0.248198 0.000863167 0)
(-0.246159 0.000779822 0)
(-0.244129 0.00110538 0)
(-0.242452 0.00157165 0)
(-0.240787 0.00106741 0)
(-0.239083 0.000900631 0)
(-0.237526 0.00121241 0)
(-0.235933 0.00056193 7.13132e-21)
(-0.233917 -0.000158924 0)
(-0.232209 -6.62536e-05 0)
(-0.230292 0.000227269 0)
(-0.228694 0.000443225 -8.83585e-21)
(-0.227224 0.00043255 0)
(-0.225798 0.000412079 0)
(-0.224385 0.000427159 -1.00611e-20)
(-0.223018 0.000439666 0)
(-0.221418 0.000556069 1.09246e-20)
(-0.220234 0.000543938 0)
(-0.218746 0.000454524 0)
(-0.217665 0.00053554 0)
(-0.216213 0.000494964 -1.26217e-20)
(-0.215034 0.000391357 0)
(-0.213552 0.000551633 1.35018e-20)
(-0.212675 0.00060759 0)
(-0.211627 0.000682247 0)
(-0.2106 0.000686216 0)
(-0.209569 0.000926473 0)
(-0.208854 0.00104808 0)
(-0.207834 0.000521236 0)
(-0.20678 0.000594962 0)
(-0.206279 0.000773673 0)
(-0.206002 0.000626844 0)
(-0.205158 0.000575335 0)
(-0.204262 0.000570269 0)
(-0.203764 0.000485895 1.83396e-20)
(-0.202987 0.000232223 -1.88113e-20)
(-0.202243 -3.30191e-05 0)
(-0.201647 0.000276917 0)
(-0.200808 0.000553339 0)
(-0.200356 0.000177063 0)
(-0.199899 0.000270562 -2.08508e-20)
(-0.19917 0.000479836 2.13107e-20)
(-0.198804 0.000375092 -2.16222e-20)
(-0.198433 -9.47133e-05 0)
(-0.197185 -0.000574065 -2.27623e-20)
(-0.196665 -0.000332686 -4.61121e-20)
(-0.195954 -6.25441e-05 0)
(-0.195587 6.41012e-05 -4.76667e-20)
(-0.194848 0.000154933 4.86778e-20)
(-0.194621 0.000132172 0)
(-0.194398 0.000284573 0)
(-0.193907 0.00050318 0)
(-0.193234 0.000661849 0)
(-0.193286 0.000710575 0)
(-0.193158 0.00017167 -5.31572e-20)
(-0.19218 -0.000105795 0)
(-0.191758 0.000416081 -5.52776e-20)
(-0.191278 0.000660363 0)
(-0.191146 0.000462578 0)
(-0.191321 0.000403437 0)
(-0.190583 0.00025294 0)
(-0.190089 0.000285056 0)
(-0.189545 0.000385337 6.05388e-20)
(-0.189267 0.000237613 0)
(-0.188861 0.000226542 0)
(-0.188104 0.000290581 -6.35505e-20)
(-0.186942 -5.17487e-05 0)
(-0.185457 -0.000296181 0)
(-0.184071 -0.000106618 0)
(-0.1834 9.78719e-05 6.8876e-20)
(-0.181849 0.000219472 0)
(-0.180846 0.000288548 0)
(-0.178906 0.000400237 0)
(-0.177103 0.000418461 0)
(-0.175148 0.00046812 -7.71273e-20)
(-0.172738 0.000538855 0)
(-0.170036 0.000687094 0)
(-0.165862 0.000875944 0)
(-0.161236 0.00103414 8.84896e-20)
(-0.154602 0.00141086 0)
(-0.147158 0.00235457 0)
(-0.122845 0.00241513 -1.07457e-19)
(-0.140653 0.00690907 1.20371e-35)
(-0.16938 0.0134519 1.2463e-17)
(-0.186994 0.0172479 2.35174e-17)
(-0.193486 0.0189884 2.26923e-17)
(-0.196963 0.0197564 2.19829e-17)
(-0.200949 0.0203562 2.11678e-17)
(-0.205412 0.021037 -2.02519e-17)
(-0.209674 0.0215412 -1.95285e-17)
(-0.213871 0.0218858 -6.01853e-36)
(-0.218099 0.0220258 -3.66597e-17)
(-0.220229 0.0221859 -1.8076e-17)
(-0.224689 0.0227233 4.5139e-34)
(-0.227509 0.0229052 -2.40741e-35)
(-0.231049 0.0233639 -3.228e-17)
(-0.235333 0.0239352 -3.06868e-17)
(-0.242331 0.0247786 -2.8467e-17)
(-0.249512 0.0254441 -2.40741e-35)
(-0.256855 0.0260674 4.94063e-17)
(-0.263905 0.0266472 2.26472e-17)
(-0.272748 0.027446 0)
(-0.282654 0.028357 -3.48632e-17)
(-0.291213 0.0289992 -1.58069e-20)
(-0.300879 0.0295775 -3.00927e-36)
(-0.304435 0.0304165 1.34858e-17)
(-0.332561 0.0321494 -7.62921e-18)
)
;
    }
    lowerWall
    {
        type            calculated;
        value           nonuniform List<vector> 
250
(
(-0.653909 0.466638 0)
(-1.14095 0.204678 0)
(-1.03492 0.0379587 0)
(-0.869573 -0.000935979 0)
(-0.786941 -0.00419162 0)
(-0.746063 -0.00160781 0)
(-0.719878 0.00041618 0)
(-0.700645 -0.000651806 0)
(-0.685088 -0.00405595 0)
(-0.671318 -0.00471224 0)
(-0.658933 -0.00298824 0)
(-0.64772 -0.000864239 0)
(-0.637517 0.00142603 0)
(-0.628189 0.00210382 0)
(-0.619321 0.00136791 0)
(-0.611521 0.00135753 0)
(-0.604581 0.00169587 0)
(-0.605069 0.00194302 0)
(-0.00426045 -0.0228576 0)
(-0.00275884 -0.0176422 0)
(-0.000676823 -0.014493 0)
(0.00194478 -0.0137776 9.02233e-20)
(0.0052693 -0.0151982 -7.86164e-20)
(0.00896219 -0.0208213 6.28475e-20)
(0.0127408 -0.020087 -4.84721e-20)
(0.0256278 -0.0633161 0)
(-0.0840663 -0.144715 0)
(0.000872625 -0.00384072 0)
(-0.00766541 0.00954664 0)
(-0.00851619 0.0328215 0)
(-0.0025495 0.0448554 0)
(0.00295327 0.0442615 1.8222e-20)
(0.00618264 0.0360632 -1.89655e-20)
(0.00818718 0.024161 0)
(0.00946046 0.0101605 -5.42285e-20)
(0.00943164 -0.00404262 6.11421e-20)
(0.0079332 -0.0174227 0)
(0.00614116 -0.0291953 0)
(0.00438167 -0.0385629 0)
(0.00268714 -0.0451402 0)
(0.000985956 -0.0488797 0)
(-0.000885207 -0.0495149 0)
(-0.00282062 -0.0464084 0)
(-0.00437911 -0.0399025 0)
(-0.00492624 -0.0308267 0)
(0.00132861 -0.00151225 0)
(0.00133799 0.00652723 0)
(-0.00450925 0.00961861 0)
(-0.00959723 0.00975649 0)
(-0.0133832 0.0082995 0)
(-0.0158894 0.00623517 0)
(-0.0172644 0.00409756 1.49571e-21)
(-0.0177831 0.00200604 -1.52732e-21)
(-0.0173315 -7.10932e-06 0)
(-0.0160539 -0.00168638 -1.65306e-21)
(-0.0141884 -0.00283769 0)
(-0.0120503 -0.00329657 0)
(-0.0100506 -0.00303597 -0)
(-0.00855295 -0.00228034 2.57028e-21)
(-0.00761628 -0.00142308 0)
(-0.00693801 -0.000815871 0)
(-0.00612049 -0.000623432 -3.37818e-21)
(-0.00499289 -0.00100046 0)
(-0.00340849 -0.00238591 0)
(-0.000488659 -0.00505752 0)
(0.00436067 -0.00740362 3.03307e-21)
(0.00994563 -0.00889515 0)
(0.0158467 -0.00984998 1.46913e-21)
(0.0218921 -0.0106169 0)
(0.0280979 -0.0112689 -0)
(0.0344083 -0.0115143 8.44692e-22)
(0.0405407 -0.0113546 0)
(0.0491485 -0.0116033 -7.54037e-22)
(0.0589387 -0.0117552 -0)
(0.0686328 -0.0115827 7.70698e-22)
(0.0780417 -0.0111689 0)
(0.0870146 -0.010584 0)
(0.095459 -0.00989002 0)
(0.103317 -0.00913654 -0)
(0.110563 -0.00836068 0)
(0.117196 -0.00758957 -8.11152e-22)
(0.12323 -0.0068404 -0)
(0.128686 -0.00612263 1.63308e-21)
(0.133591 -0.00544045 0)
(0.137973 -0.00479414 -1.63496e-21)
(0.141859 -0.004182 -0)
(0.145271 -0.0036014 -0)
(0.148232 -0.00304955 1.62105e-21)
(0.150758 -0.00252408 0)
(0.152863 -0.00202402 1.60083e-21)
(0.154561 -0.00155028 -1.58752e-21)
(0.155863 -0.00110631 -0)
(0.156781 -0.000698879 -1.5549e-21)
(0.157328 -0.00033779 -1.53587e-21)
(0.157513 -3.97572e-05 -0)
(0.157408 0.000194722 0)
(0.157076 0.000391513 0)
(0.156522 0.000568226 0)
(0.155761 0.000731062 -0)
(0.1548 0.00088419 1.37581e-21)
(0.153648 0.00102831 0)
(0.152312 0.00116406 -1.30703e-21)
(0.150799 0.00129172 -0)
(0.149116 0.00141125 -0)
(0.147271 0.00152281 1.19058e-21)
(0.145272 0.00162647 0)
(0.143126 0.00172198 -1.10488e-21)
(0.140842 0.00180928 -0)
(0.138429 0.00188857 0)
(0.135895 0.0019599 -0)
(0.133249 0.00202312 9.16861e-22)
(0.130501 0.00207841 0)
(0.127659 0.00212607 -0)
(0.124733 0.00216595 7.63819e-22)
(0.121732 0.00219838 0)
(0.118665 0.00222362 6.57287e-22)
(0.115541 0.00224181 0)
(0.11237 0.00225326 0)
(0.10916 0.00225823 0)
(0.105919 0.00225696 -4.36211e-22)
(0.102656 0.00224984 -0)
(0.0993797 0.00223713 0)
(0.0960972 0.00221915 -2.65611e-22)
(0.0928159 0.00219633 -2.08162e-22)
(0.089543 0.00216888 -0)
(0.0862855 0.00213717 -9.26954e-23)
(0.0830494 0.0021015 -0)
(0.0798411 0.00206224 4.65148e-23)
(0.0766661 0.00201997 -0)
(0.0735294 0.00197527 2.78928e-22)
(0.0704356 0.0019287 0)
(0.0673886 0.00188059 -5.11626e-22)
(0.0643926 0.00183128 -0)
(0.061451 0.00178163 0)
(0.0585665 0.0017334 -0)
(0.0557409 0.00168892 9.78365e-22)
(0.0529751 0.00165005 0)
(0.0502696 0.00161819 -1.21379e-21)
(0.0476234 0.00159469 0)
(0.0457847 0.00160341 1.47555e-21)
(0.0442423 0.00162097 1.63404e-21)
(0.0427034 0.00162584 1.79896e-21)
(0.0411761 0.00161301 0)
(0.0396656 0.00158968 0)
(0.0381719 0.00156399 0)
(0.0366937 0.00153815 0)
(0.035231 0.00151246 0)
(0.0337837 0.00148686 0)
(0.0323529 0.00146137 0)
(0.0309387 0.00143615 0)
(0.0295418 0.0014113 -3.69165e-21)
(0.0281626 0.0013871 -3.96728e-21)
(0.0268009 0.00136369 0)
(0.025457 0.00134071 0)
(0.0241316 0.00131664 0)
(0.0228259 0.00129174 -5.26716e-21)
(0.0215398 0.00126756 0)
(0.020273 0.00124389 0)
(0.0190261 0.0012208 0)
(0.0177988 0.00119839 0)
(0.0165912 0.00117665 7.5356e-21)
(0.0154034 0.00115569 0)
(0.0142352 0.00113561 0)
(0.0130867 0.00111649 -9.45424e-21)
(0.0119577 0.00109837 1.02317e-20)
(0.0108481 0.00108135 0)
(0.00975799 0.00106573 1.20678e-20)
(0.00868721 0.00105213 0)
(0.00763538 0.00104175 -1.44059e-20)
(0.00660183 0.00103486 0)
(0.00558623 0.00103045 0)
(0.00458855 0.00102823 0)
(0.00360833 0.00102851 0)
(0.00264514 0.00103154 0)
(0.00169943 0.00103726 5.57022e-20)
(0.000772709 0.00104285 6.42099e-20)
(-0.000137061 0.00103018 0)
(-0.00103431 0.000987392 0)
(-0.00191611 0.00093501 0)
(-0.00278242 0.000885522 -5.28966e-20)
(-0.00363312 0.0008406 0)
(-0.00446801 0.000799853 0)
(-0.0052875 0.000762793 0)
(-0.00609215 0.000728919 -4.04201e-20)
(-0.00688251 0.000697774 3.83697e-20)
(-0.00765909 0.000668987 0)
(-0.00842238 0.000642242 0)
(-0.00917278 0.000617302 3.36209e-20)
(-0.00991077 0.000593961 3.23805e-20)
(-0.0106368 0.000572062 0)
(-0.0113512 0.000551468 0)
(-0.0120544 0.000532063 -2.93548e-20)
(-0.0127469 0.000513752 2.8527e-20)
(-0.0134292 0.000496448 0)
(-0.0141015 0.000480088 0)
(-0.0147644 0.000464609 2.64369e-20)
(-0.0154184 0.000449958 0)
(-0.0160637 0.000436086 0)
(-0.016701 0.000422952 2.47912e-20)
(-0.0173306 0.000410523 0)
(-0.017953 0.000398762 2.38751e-20)
(-0.0185687 0.000387641 0)
(-0.0191781 0.000377128 0)
(-0.0197818 0.00036719 0)
(-0.0203801 0.000357794 -2.23591e-20)
(-0.0209734 0.000348908 0)
(-0.0215623 0.000340505 0)
(-0.0221471 0.00033253 0)
(-0.0227282 0.000324883 0)
(-0.0233056 0.000317505 0)
(-0.0238794 0.000310297 0)
(-0.0244495 0.000303117 -2.03857e-20)
(-0.0250157 0.000295737 -2.01553e-20)
(-0.0255768 0.000287897 0)
(-0.0261316 0.000279248 0)
(-0.026678 0.000269214 0)
(-0.0272124 0.000257063 1.93606e-20)
(-0.0277298 0.000241586 0)
(-0.0282218 0.000221346 -3.8135e-20)
(-0.0286787 0.000192293 3.79288e-20)
(-0.0290718 0.000152652 3.78197e-20)
(-0.0294029 7.7904e-05 -3.7858e-20)
(-0.0294846 -3.9354e-05 3.80452e-20)
(-0.0295093 -0.000356533 -3.83974e-20)
(-0.0279747 -0.000616883 0)
(-0.0293472 -0.000516233 -2.43315e-18)
(-0.032771 -0.00134245 -2.26974e-18)
(-0.0364148 -0.00203348 3.00927e-36)
(-0.0395354 -0.00257618 -4.06085e-18)
(-0.0424856 -0.00301872 -7.75776e-18)
(-0.0455579 -0.00342196 -3.7196e-18)
(-0.0487808 -0.00381943 3.56797e-18)
(-0.0521113 -0.00429728 -7.82409e-35)
(-0.0556079 -0.00470044 3.00927e-36)
(-0.0593016 -0.00508913 3.15253e-18)
(-0.06325 -0.005493 3.01759e-18)
(-0.0674483 -0.0058221 0)
(-0.071932 -0.00623429 0)
(-0.076744 -0.00669785 0)
(-0.0819327 -0.00719543 -4.64085e-35)
(-0.0875498 -0.0077405 1.29916e-34)
(-0.0936658 -0.00834342 8.42594e-35)
(-0.100335 -0.00900806 -4.15808e-18)
(-0.107697 -0.00972958 -3.81226e-18)
(-0.116759 -0.0106232 6.01853e-36)
(-0.127575 -0.0116268 6.13681e-18)
(-0.138429 -0.0127337 1.03493e-17)
(-0.153654 -0.0139269 6.01853e-36)
(-0.162853 -0.0152938 -5.09813e-18)
(-0.191967 -0.0169815 -6.01853e-36)
)
;
    }
    frontAndBack
    {
        type            empty;
    }
}


// ************************************************************************* //
