/*--------------------------------*- C++ -*----------------------------------*\
  =========                 |
  \\      /  F ield         | OpenFOAM: The Open Source CFD Toolbox
   \\    /   O peration     | Website:  https://openfoam.org
    \\  /    A nd           | Version:  8
     \\/     M anipulation  |
\*---------------------------------------------------------------------------*/
FoamFile
{
    version     2.0;
    format      ascii;
    class       volVectorField;
    location    "900";
    object      wallShearStress;
}
// * * * * * * * * * * * * * * * * * * * * * * * * * * * * * * * * * * * * * //

dimensions      [0 2 -2 0 0 0 0];

internalField   uniform (0 0 0);

boundaryField
{
    inlet
    {
        type            calculated;
        value           uniform (0 0 0);
    }
    outlet
    {
        type            calculated;
        value           uniform (0 0 0);
    }
    upperWall
    {
        type            calculated;
        value           nonuniform List<vector> 
223
(
(-0.582193 -0.392359 0)
(-0.977814 -0.219377 0)
(-0.939336 -0.0567747 0)
(-0.81071 -0.00585779 0)
(-0.734594 0.00331369 0)
(-0.695452 0.00231539 0)
(-0.67094 0.000424292 0)
(-0.6535 -0.00144896 0)
(-0.64054 -0.0025668 0)
(-0.629801 -0.00217397 0)
(-0.620128 -0.00134621 0)
(-0.610876 -0.000985211 0)
(-0.603119 -0.00163202 0)
(-0.597042 -0.00155397 0)
(-0.590603 0.000492267 0)
(-0.584433 0.000986369 0)
(-0.579778 -0.00024168 0)
(-0.575269 0.000870883 0)
(-0.570771 0.00263079 0)
(-0.567431 0.00184026 4.23302e-22)
(-0.564755 0.00123539 0)
(-0.561951 0.00280865 0)
(-0.558576 0.00308047 0)
(-0.55551 0.00260439 4.46755e-22)
(-0.55286 0.00288846 0)
(-0.550044 0.00332074 0)
(-0.547174 0.0035276 0)
(-0.544236 0.00352749 -9.38373e-22)
(-0.541362 0.00306557 9.46555e-22)
(-0.538646 0.00261293 9.56945e-22)
(-0.535973 0.00248509 0)
(-0.533262 0.00219321 -9.78896e-22)
(-0.530612 0.00193281 0)
(-0.527977 0.00173288 1.00185e-21)
(-0.525334 0.00156353 1.01389e-21)
(-0.522682 0.00143378 -1.02644e-21)
(-0.52001 0.00132948 0)
(-0.517323 0.00124719 0)
(-0.514616 0.00118384 0)
(-0.511886 0.00113556 0)
(-0.509128 0.00109917 -1.09104e-21)
(-0.506342 0.00107239 0)
(-0.503523 0.00105348 0)
(-0.500669 0.00104091 1.13113e-21)
(-0.497778 0.00103379 0)
(-0.494845 0.00103128 1.15759e-21)
(-0.491867 0.00103249 -1.17058e-21)
(-0.488842 0.00103675 1.18332e-21)
(-0.485765 0.00104378 0)
(-0.482634 0.00105209 0)
(-0.479449 0.00106101 0)
(-0.476211 0.00106961 1.23083e-21)
(-0.472925 0.00107657 -1.24151e-21)
(-0.469603 0.00108209 0)
(-0.46626 0.00108726 0)
(-0.462911 0.00109265 0)
(-0.459566 0.00109731 0)
(-0.456232 0.00110004 0)
(-0.452908 0.00110019 0)
(-0.44959 0.00109779 0)
(-0.44627 0.0010935 0)
(-0.442939 0.00108837 1.29209e-21)
(-0.439584 0.00108353 -1.29187e-21)
(-0.436195 0.00107983 0)
(-0.432762 0.00107798 0)
(-0.429271 0.00107811 0)
(-0.425717 0.00108027 -1.2785e-21)
(-0.422089 0.0010844 0)
(-0.418381 0.00109015 0)
(-0.414588 0.00109728 0)
(-0.410705 0.00110531 0)
(-0.406729 0.00111376 0)
(-0.402657 0.00112219 -2.43467e-21)
(-0.398488 0.00112998 0)
(-0.394225 0.00113664 0)
(-0.389869 0.00114163 0)
(-0.385428 0.00114471 0)
(-0.380909 0.00114585 0)
(-0.376324 0.00114494 0)
(-0.371684 0.00114158 0)
(-0.367003 0.00113553 2.09567e-21)
(-0.36229 0.0011267 0)
(-0.357553 0.00111515 0)
(-0.352797 0.00110123 0)
(-0.348024 0.00108535 -1.84003e-21)
(-0.343234 0.00106819 0)
(-0.338424 0.00105034 -1.69061e-21)
(-0.333593 0.00103242 0)
(-0.328734 0.00101536 0)
(-0.323839 0.000999864 0)
(-0.319026 0.00099203 -1.35142e-21)
(-0.316386 0.00100114 0)
(-0.313662 0.00101502 1.18095e-21)
(-0.310856 0.00102966 1.09027e-21)
(-0.307977 0.00104286 0)
(-0.305032 0.0010538 8.96584e-22)
(-0.302035 0.00106246 0)
(-0.298998 0.00107006 0)
(-0.295937 0.00107656 0)
(-0.292865 0.0010856 -4.55162e-22)
(-0.289797 0.00109159 0)
(-0.286743 0.00110545 -2.05774e-22)
(-0.283717 0.00110596 7.37598e-23)
(-0.280727 0.00111058 0)
(-0.277794 0.00111686 0)
(-0.274915 0.00109298 0)
(-0.272104 0.00107985 0)
(-0.269364 0.00114228 0)
(-0.266707 0.00113194 0)
(-0.264104 0.000889534 0)
(-0.261528 0.00075727 1.15316e-21)
(-0.259121 0.000725718 0)
(-0.256758 0.000786768 0)
(-0.254618 0.000824938 0)
(-0.252488 0.00081102 0)
(-0.250445 0.000774475 0)
(-0.248549 0.000763228 0)
(-0.246482 0.0009112 0)
(-0.244319 0.000735463 0)
(-0.242599 0.000545176 0)
(-0.240496 0.00084065 0)
(-0.238584 0.00095693 0)
(-0.236782 0.00098247 0)
(-0.235022 0.000960134 7.15686e-21)
(-0.233206 0.00117941 0)
(-0.231866 0.00145017 0)
(-0.230523 0.00125657 0)
(-0.229019 0.000874332 -8.762e-21)
(-0.227511 0.000759305 0)
(-0.226311 0.00070274 0)
(-0.224769 0.000638956 -1.00331e-20)
(-0.223594 0.000616236 0)
(-0.22212 0.000605879 1.08713e-20)
(-0.220956 0.000790291 0)
(-0.219957 0.00060305 0)
(-0.218525 0.000713965 0)
(-0.217418 0.000716664 -1.24838e-20)
(-0.216448 0.000532274 0)
(-0.215304 0.000620877 1.33405e-20)
(-0.214345 0.000651147 0)
(-0.212981 0.000492499 0)
(-0.211987 0.000482796 0)
(-0.211318 0.000483229 0)
(-0.210165 0.000367273 0)
(-0.208964 0.000317845 0)
(-0.208082 0.000363455 0)
(-0.207073 0.000356773 0)
(-0.206277 7.93592e-05 0)
(-0.205269 0.000225063 0)
(-0.204653 0.000477889 0)
(-0.20399 0.00027957 1.83446e-20)
(-0.20357 0.000306286 -1.87068e-20)
(-0.202807 0.000140168 0)
(-0.202121 0.00025022 0)
(-0.201161 0.000474325 0)
(-0.200618 0.000104369 0)
(-0.199901 0.000128367 -2.09019e-20)
(-0.199298 0.000413049 2.1246e-20)
(-0.198708 -0.000100732 -2.16681e-20)
(-0.197438 -0.000500462 0)
(-0.196774 -0.000257337 -2.27075e-20)
(-0.196299 -0.000146894 -4.61504e-20)
(-0.195984 5.59865e-05 0)
(-0.195537 0.000160457 -4.76688e-20)
(-0.195234 0.000203557 4.83219e-20)
(-0.195056 0.000587501 0)
(-0.194617 0.000739263 0)
(-0.194698 0.000547356 0)
(-0.194302 0.000542103 0)
(-0.194026 0.000523858 0)
(-0.193188 0.000368386 -5.33775e-20)
(-0.192944 0.000318104 0)
(-0.19273 -0.000123424 -5.48554e-20)
(-0.191614 -0.000443889 0)
(-0.190702 -0.000214962 0)
(-0.190417 -6.77146e-05 0)
(-0.189745 9.15557e-05 0)
(-0.188888 0.000101623 0)
(-0.18883 0.000120882 6.05903e-20)
(-0.188105 0.000215579 0)
(-0.187295 0.000314678 0)
(-0.186615 0.00035556 -6.39901e-20)
(-0.185826 0.000474911 0)
(-0.184912 0.000766147 0)
(-0.184378 0.000818839 0)
(-0.183733 0.000286836 6.84526e-20)
(-0.182081 1.20624e-06 0)
(-0.18047 0.000265954 0)
(-0.179001 0.00060153 0)
(-0.177527 0.000737731 0)
(-0.176113 0.000740199 -7.65363e-20)
(-0.173666 0.000798667 0)
(-0.170832 0.000806313 0)
(-0.167387 0.000905717 0)
(-0.162678 0.00100322 8.80213e-20)
(-0.155906 0.00128678 0)
(-0.149082 0.0022673 0)
(-0.124098 0.00226403 -1.07631e-19)
(-0.141763 0.00668347 6.01853e-36)
(-0.169821 0.0131805 1.25355e-17)
(-0.187215 0.0170525 2.35483e-17)
(-0.193529 0.01887 2.26901e-17)
(-0.196931 0.0196822 2.19991e-17)
(-0.201065 0.0203107 2.11451e-17)
(-0.205521 0.0210113 -2.02225e-17)
(-0.209713 0.0215203 -1.9517e-17)
(-0.21387 0.0218711 -6.01853e-36)
(-0.218075 0.0220145 -3.66539e-17)
(-0.220203 0.0221775 -1.80743e-17)
(-0.224668 0.0227174 3.91205e-34)
(-0.227494 0.0229017 -1.20371e-35)
(-0.231041 0.0233619 -3.22793e-17)
(-0.23533 0.0239345 -3.0686e-17)
(-0.242332 0.0247787 -2.84664e-17)
(-0.249514 0.0254445 0)
(-0.256858 0.026068 4.94049e-17)
(-0.263908 0.0266477 2.26466e-17)
(-0.272751 0.0274464 2.40741e-35)
(-0.282655 0.0283572 -3.48626e-17)
(-0.291214 0.0289994 -1.58063e-20)
(-0.30088 0.0295776 -3.00927e-36)
(-0.304435 0.0304165 1.34855e-17)
(-0.33256 0.0321494 -7.62905e-18)
)
;
    }
    lowerWall
    {
        type            calculated;
        value           nonuniform List<vector> 
250
(
(-0.653909 0.466638 0)
(-1.14095 0.204678 0)
(-1.03492 0.0379587 0)
(-0.869573 -0.000935979 0)
(-0.786941 -0.00419161 0)
(-0.746063 -0.0016078 0)
(-0.719878 0.00041622 0)
(-0.700646 -0.000651747 0)
(-0.685089 -0.00405594 0)
(-0.671318 -0.00471219 0)
(-0.658933 -0.00298817 0)
(-0.64772 -0.000864195 0)
(-0.637517 0.00142614 0)
(-0.62819 0.00210395 0)
(-0.619321 0.00136797 0)
(-0.611522 0.00135763 0)
(-0.604582 0.00169583 0)
(-0.605069 0.00194454 0)
(-0.00426045 -0.0228575 0)
(-0.00275896 -0.0176419 0)
(-0.000677127 -0.0144924 0)
(0.00194422 -0.0137767 9.02294e-20)
(0.00526832 -0.0151964 -7.86241e-20)
(0.00896 -0.0208195 6.28545e-20)
(0.0127374 -0.0200792 -4.84784e-20)
(0.025631 -0.0633102 0)
(-0.084051 -0.144712 0)
(0.000872374 -0.00384022 0)
(-0.0076653 0.00954713 0)
(-0.00851595 0.0328217 0)
(-0.00254932 0.0448554 0)
(0.00295344 0.0442618 1.8222e-20)
(0.00618278 0.0360635 -1.89655e-20)
(0.00818725 0.0241616 0)
(0.00946048 0.0101613 -5.42273e-20)
(0.00943166 -0.00404163 6.11428e-20)
(0.00793332 -0.0174215 0)
(0.00614125 -0.029194 0)
(0.00438175 -0.0385614 0)
(0.00268725 -0.0451386 0)
(0.000986071 -0.0488786 0)
(-0.000885067 -0.0495137 0)
(-0.00282043 -0.0464076 0)
(-0.00437894 -0.0399021 0)
(-0.00492614 -0.0308264 0)
(0.00132873 -0.00151193 0)
(0.00133795 0.00652733 0)
(-0.00450921 0.00961871 0)
(-0.00959717 0.00975658 0)
(-0.0133831 0.0082996 0)
(-0.0158894 0.00623531 0)
(-0.0172644 0.00409772 1.49572e-21)
(-0.017783 0.0020062 -1.52732e-21)
(-0.0173316 -6.91196e-06 0)
(-0.016054 -0.00168618 -1.65306e-21)
(-0.0141886 -0.00283749 0)
(-0.0120506 -0.00329641 0)
(-0.0100509 -0.00303586 -0)
(-0.00855325 -0.00228026 2.57025e-21)
(-0.00761659 -0.00142303 0)
(-0.00693833 -0.000815824 0)
(-0.00612083 -0.000623383 -3.37808e-21)
(-0.00499321 -0.00100037 0)
(-0.00340885 -0.00238572 0)
(-0.000489049 -0.00505731 0)
(0.00436021 -0.00740345 3.03324e-21)
(0.00994514 -0.00889503 0)
(0.0158462 -0.00984988 1.46918e-21)
(0.0218916 -0.0106168 0)
(0.0280973 -0.0112689 -0)
(0.0344078 -0.0115143 8.44709e-22)
(0.0405404 -0.0113547 0)
(0.0491479 -0.0116033 -7.54041e-22)
(0.058938 -0.0117554 -0)
(0.0686324 -0.0115828 7.70704e-22)
(0.0780413 -0.0111691 0)
(0.0870145 -0.0105842 0)
(0.0954589 -0.00989021 0)
(0.103317 -0.00913675 -0)
(0.110564 -0.00836079 0)
(0.117197 -0.00758969 -8.1116e-22)
(0.12323 -0.00684052 -0)
(0.128686 -0.0061228 1.6331e-21)
(0.133592 -0.00544061 0)
(0.137974 -0.00479425 -1.63497e-21)
(0.14186 -0.0041821 -0)
(0.145272 -0.00360158 -0)
(0.148233 -0.00304966 1.62107e-21)
(0.150759 -0.00252418 0)
(0.152865 -0.00202426 1.60085e-21)
(0.154563 -0.00155044 -1.58754e-21)
(0.155865 -0.0011064 -0)
(0.156783 -0.000698955 -1.55493e-21)
(0.15733 -0.000337926 -1.53589e-21)
(0.157516 -3.98796e-05 -0)
(0.15741 0.000194752 0)
(0.157079 0.000391473 0)
(0.156525 0.000568115 0)
(0.155763 0.000731026 -0)
(0.154803 0.000884148 1.37584e-21)
(0.153651 0.00102827 0)
(0.152315 0.00116395 -1.30706e-21)
(0.150802 0.00129161 -0)
(0.149119 0.0014112 -0)
(0.147274 0.00152282 1.19061e-21)
(0.145275 0.00162641 0)
(0.143129 0.00172178 -1.10492e-21)
(0.140845 0.0018092 -0)
(0.138432 0.00188854 0)
(0.135898 0.00195973 -0)
(0.133252 0.00202299 9.16899e-22)
(0.130504 0.00207827 0)
(0.127662 0.00212578 -0)
(0.124736 0.00216575 7.63862e-22)
(0.121735 0.00219821 0)
(0.118668 0.00222337 6.57332e-22)
(0.115545 0.00224149 0)
(0.112373 0.00225292 0)
(0.109163 0.00225795 0)
(0.105922 0.0022567 -4.36259e-22)
(0.10266 0.00224956 -0)
(0.0993833 0.00223695 0)
(0.0961005 0.00221907 -2.65658e-22)
(0.0928193 0.00219627 -2.08208e-22)
(0.0895464 0.00216891 -0)
(0.0862888 0.0021373 -9.27371e-23)
(0.0830529 0.00210188 -0)
(0.0798443 0.0020629 4.64466e-23)
(0.0766691 0.00202078 -0)
(0.073532 0.00197599 2.78868e-22)
(0.0704379 0.00192899 0)
(0.067391 0.00188039 -5.11546e-22)
(0.0643952 0.00183092 -0)
(0.0614536 0.00178164 0)
(0.0585689 0.00173384 -0)
(0.0557429 0.00168922 9.78308e-22)
(0.052977 0.00164991 0)
(0.0502716 0.00161807 -1.21375e-21)
(0.0476256 0.00159479 0)
(0.0457859 0.00160342 1.47548e-21)
(0.0442435 0.00162093 1.63398e-21)
(0.0427046 0.00162588 1.7989e-21)
(0.0411771 0.00161302 0)
(0.0396668 0.00158969 0)
(0.0381729 0.00156402 0)
(0.0366947 0.00153819 0)
(0.0352318 0.00151247 0)
(0.0337847 0.00148687 0)
(0.0323537 0.00146141 0)
(0.0309395 0.00143616 0)
(0.0295426 0.00141134 -3.69162e-21)
(0.0281631 0.00138714 -3.96726e-21)
(0.0268015 0.0013637 0)
(0.0254576 0.00134075 0)
(0.024132 0.00131668 0)
(0.0228262 0.00129178 -5.26716e-21)
(0.02154 0.00126757 0)
(0.0202734 0.00124391 0)
(0.0190263 0.00122085 0)
(0.0177989 0.00119841 0)
(0.0165912 0.00117668 7.53572e-21)
(0.0154033 0.00115572 0)
(0.0142351 0.00113563 0)
(0.0130865 0.00111652 -9.45449e-21)
(0.0119574 0.0010984 1.0232e-20)
(0.0108478 0.00108139 0)
(0.00975763 0.00106577 1.20683e-20)
(0.00868676 0.00105217 0)
(0.00763487 0.00104179 -1.44067e-20)
(0.00660125 0.0010349 0)
(0.00558557 0.0010305 0)
(0.00458781 0.00102828 0)
(0.00360751 0.00102856 0)
(0.00264424 0.00103159 0)
(0.00169847 0.00103732 5.571e-20)
(0.000771674 0.00104291 6.42207e-20)
(-0.000138178 0.00103019 0)
(-0.00103551 0.000987362 0)
(-0.00191737 0.00093497 0)
(-0.00278374 0.000885479 -5.28897e-20)
(-0.00363448 0.000840556 0)
(-0.00446944 0.000799809 0)
(-0.00528896 0.000762744 0)
(-0.00609364 0.000728868 -4.04157e-20)
(-0.00688404 0.000697727 3.83657e-20)
(-0.00766066 0.000668933 0)
(-0.00842395 0.000642189 0)
(-0.00917438 0.000617245 3.3618e-20)
(-0.00991236 0.000593902 3.23776e-20)
(-0.0106383 0.000572001 0)
(-0.0113527 0.000551403 0)
(-0.012056 0.000532 -2.93526e-20)
(-0.0127485 0.000513687 2.85248e-20)
(-0.0134307 0.000496388 0)
(-0.014103 0.000480032 0)
(-0.0147659 0.000464555 2.64353e-20)
(-0.0154198 0.000449907 0)
(-0.0160651 0.000436036 0)
(-0.0167023 0.000422908 2.479e-20)
(-0.0173319 0.000410479 0)
(-0.0179543 0.000398719 2.38741e-20)
(-0.01857 0.000387595 0)
(-0.0191793 0.000377081 0)
(-0.019783 0.000367141 0)
(-0.0203812 0.000357738 -2.23585e-20)
(-0.0209745 0.000348872 0)
(-0.0215635 0.000340458 0)
(-0.0221482 0.000332444 0)
(-0.0227291 0.000324814 0)
(-0.0233064 0.000317452 0)
(-0.0238803 0.000310225 0)
(-0.0244502 0.000303044 -2.03852e-20)
(-0.0250163 0.000295683 -2.01549e-20)
(-0.0255774 0.000287825 0)
(-0.026132 0.000279161 0)
(-0.0266782 0.000269145 0)
(-0.0272126 0.000256996 1.93601e-20)
(-0.0277298 0.000241522 0)
(-0.0282218 0.000221284 -3.81341e-20)
(-0.0286785 0.000192234 3.79279e-20)
(-0.0290716 0.000152612 3.78188e-20)
(-0.0294027 7.78623e-05 -3.78574e-20)
(-0.0294844 -3.94126e-05 3.80446e-20)
(-0.0295089 -0.000356584 -3.83967e-20)
(-0.0279743 -0.000616906 0)
(-0.0293468 -0.000516242 -2.43313e-18)
(-0.0327706 -0.00134245 -2.26972e-18)
(-0.0364141 -0.00203346 -3.00927e-36)
(-0.0395347 -0.00257615 -4.0608e-18)
(-0.042485 -0.00301869 -7.75764e-18)
(-0.0455572 -0.00342178 -3.7196e-18)
(-0.0487812 -0.00381956 3.56774e-18)
(-0.0521102 -0.0043005 -6.01853e-35)
(-0.055609 -0.00472047 3.00927e-36)
(-0.0592962 -0.00504494 3.15618e-18)
(-0.0632358 -0.00543221 3.0286e-18)
(-0.0674321 -0.00584446 3.00927e-36)
(-0.0719198 -0.00626779 0)
(-0.0767367 -0.00671576 0)
(-0.0819297 -0.00720466 -6.81787e-36)
(-0.087549 -0.00774358 5.61886e-35)
(-0.0936659 -0.00834315 9.93058e-35)
(-0.100335 -0.00900658 -4.15797e-18)
(-0.107697 -0.0097278 -3.81221e-18)
(-0.116759 -0.0106215 1.20371e-35)
(-0.127575 -0.0116255 6.13671e-18)
(-0.138428 -0.0127327 1.03492e-17)
(-0.153653 -0.0139263 0)
(-0.162852 -0.0152934 -5.09798e-18)
(-0.191966 -0.0169814 -1.20371e-35)
)
;
    }
    frontAndBack
    {
        type            empty;
    }
}


// ************************************************************************* //
