/*--------------------------------*- C++ -*----------------------------------*\
  =========                 |
  \\      /  F ield         | OpenFOAM: The Open Source CFD Toolbox
   \\    /   O peration     | Website:  https://openfoam.org
    \\  /    A nd           | Version:  8
     \\/     M anipulation  |
\*---------------------------------------------------------------------------*/
FoamFile
{
    version     2.0;
    format      ascii;
    class       volVectorField;
    location    "1000";
    object      wallShearStress;
}
// * * * * * * * * * * * * * * * * * * * * * * * * * * * * * * * * * * * * * //

dimensions      [0 2 -2 0 0 0 0];

internalField   uniform (0 0 0);

boundaryField
{
    inlet
    {
        type            calculated;
        value           uniform (0 0 0);
    }
    outlet
    {
        type            calculated;
        value           uniform (0 0 0);
    }
    upperWall
    {
        type            calculated;
        value           nonuniform List<vector> 
223
(
(-0.444168 0.00311972 0)
(-0.473671 0.00554004 0)
(-0.500993 0.00681858 0)
(-0.505712 0.00729369 0)
(-0.500884 0.00731274 0)
(-0.490458 0.00698673 0)
(-0.478527 0.00649644 0)
(-0.466251 0.00593941 0)
(-0.45377 0.00535869 0)
(-0.441994 0.00480072 0)
(-0.4311 0.004276 0)
(-0.421185 0.00378909 0)
(-0.41222 0.00334155 0)
(-0.404198 0.00293451 0)
(-0.397037 0.00257518 0)
(-0.390642 0.00227039 0)
(-0.384893 0.0020269 0)
(-0.379714 0.00188089 0)
(-0.375522 0.00178366 0)
(-0.372241 0.0017174 5.82397e-22)
(-0.369082 0.00162738 0)
(-0.36606 0.00152453 0)
(-0.363167 0.00141721 0)
(-0.360401 0.00130966 5.945e-22)
(-0.357758 0.00120546 0)
(-0.355228 0.00110568 0)
(-0.352808 0.00101185 0)
(-0.350489 0.000923501 -1.21027e-21)
(-0.348267 0.00084075 1.21521e-21)
(-0.346139 0.000763105 1.22e-21)
(-0.344101 0.000691051 0)
(-0.34215 0.000624314 -1.22932e-21)
(-0.340283 0.000562645 0)
(-0.338497 0.000505902 1.23835e-21)
(-0.336788 0.000454055 1.24279e-21)
(-0.335153 0.000406214 -1.24717e-21)
(-0.333588 0.000362233 0)
(-0.33209 0.000322164 0)
(-0.330654 0.000285923 0)
(-0.329277 0.000253377 0)
(-0.327955 0.000224079 -1.26845e-21)
(-0.326685 0.000197881 0)
(-0.325463 0.000174449 0)
(-0.324289 0.000153492 1.28117e-21)
(-0.323157 0.000134883 0)
(-0.322067 0.000118249 1.28977e-21)
(-0.321017 0.000103432 -1.29411e-21)
(-0.320006 9.04464e-05 1.29848e-21)
(-0.319031 7.95546e-05 0)
(-0.318088 7.08207e-05 0)
(-0.317176 6.41538e-05 0)
(-0.316287 5.99236e-05 1.31635e-21)
(-0.315422 5.80625e-05 -1.32095e-21)
(-0.314574 5.78088e-05 0)
(-0.313746 5.89161e-05 0)
(-0.31293 6.04182e-05 0)
(-0.312131 6.18575e-05 0)
(-0.311344 6.4127e-05 0)
(-0.31057 6.8016e-05 0)
(-0.309808 7.32093e-05 0)
(-0.309045 7.91599e-05 0)
(-0.308306 8.57585e-05 1.36427e-21)
(-0.307542 9.34369e-05 -1.36924e-21)
(-0.306831 0.000101584 0)
(-0.306041 0.00011123 0)
(-0.305359 0.000120732 0)
(-0.304526 0.00013205 -1.38919e-21)
(-0.30383 0.000138312 0)
(-0.302951 0.000154953 0)
(-0.302258 0.000492376 0)
(-0.303773 0.000509377 0)
(-0.303518 0.000521242 0)
(-0.30423 0.000819646 -2.88221e-21)
(-0.30363 0.000797994 0)
(-0.303239 0.00072024 0)
(-0.302285 0.000427037 0)
(-0.307519 0.000180162 0)
(-0.302297 0.000187881 0)
(-0.300229 0.000108927 0)
(-0.301363 -7.99113e-05 0)
(-0.298348 -3.67477e-05 3.05179e-21)
(-0.298191 5.9459e-05 0)
(-0.298034 4.95094e-05 0)
(-0.297883 4.12733e-05 0)
(-0.297731 1.72655e-05 -3.1166e-21)
(-0.32079 -1.94835e-05 0)
(-0.324189 -3.60825e-05 -3.42266e-21)
(-0.362095 8.52441e-06 0)
(-0.375408 5.25134e-05 0)
(-0.382606 0.000127416 0)
(-0.389194 0.000221738 -4.14935e-21)
(-0.357253 0.000152442 0)
(-0.377979 0.000190555 4.04876e-21)
(-0.388002 0.00045403 4.16575e-21)
(-0.342415 0.000543995 0)
(-0.313002 0.000363838 3.37297e-21)
(-0.342836 0.00031297 0)
(-0.362443 0.000373363 0)
(-0.371401 0.000879638 0)
(-0.341184 0.000937434 -3.67547e-21)
(-0.323023 0.000498278 0)
(-0.299433 0.000563329 -3.2556e-21)
(-0.29299 0.000405886 3.1918e-21)
(-0.314353 0.000124871 0)
(-0.33139 0.000145602 0)
(-0.322573 0.000157072 0)
(-0.349652 0.00060459 0)
(-0.32442 0.001082 0)
(-0.295065 0.000896591 0)
(-0.290163 0.000998051 0)
(-0.289288 0.000818802 -3.07951e-21)
(-0.290539 0.000162519 0)
(-0.288323 3.69834e-05 0)
(-0.307936 5.18617e-05 0)
(-0.329003 -4.42844e-05 0)
(-0.334203 0.000833073 0)
(-0.305325 0.00121204 0)
(-0.284677 0.000455252 0)
(-0.313965 0.000140178 0)
(-0.331584 0.000849244 0)
(-0.300191 0.00103561 0)
(-0.281689 0.000322749 0)
(-0.320618 0.000813008 0)
(-0.290745 0.00089917 -5.79247e-21)
(-0.279237 0.000234931 0)
(-0.313935 0.000670149 0)
(-0.293656 0.00112957 0)
(-0.276393 0.00112033 5.21781e-21)
(-0.27506 0.000776191 0)
(-0.274091 0.000149723 0)
(-0.28388 -8.39609e-05 5.17149e-21)
(-0.295727 0.000667968 0)
(-0.275474 0.00134157 -4.77425e-21)
(-0.2686 0.00104204 0)
(-0.266935 0.00107297 0)
(-0.265276 0.000935494 0)
(-0.263812 0.000301006 4.17444e-21)
(-0.277626 0.000755641 0)
(-0.261344 0.000793661 -3.8165e-21)
(-0.281436 0.000795167 0)
(-0.258879 0.00068588 0)
(-0.278287 0.000685931 0)
(-0.256122 0.0010034 0)
(-0.254616 0.000727352 0)
(-0.252991 0.000292588 0)
(-0.253061 0.000432951 0)
(-0.249789 0.000519868 0)
(-0.250587 0.000506252 0)
(-0.246283 0.000446387 0)
(-0.244553 -0.000151408 0)
(-0.242181 0.000238397 -1.13979e-21)
(-0.239336 7.91515e-05 8.55345e-22)
(-0.235856 0.00100505 0)
(-0.234675 0.00238 0)
(-0.23321 0.00137559 0)
(-0.23112 0.000903768 0)
(-0.243772 0.000941891 -7.52143e-22)
(-0.24848 0.000206418 1.17387e-21)
(-0.238765 0.000792449 -1.52262e-21)
(-0.223859 0.00125859 0)
(-0.227562 0.00118843 -2.24784e-21)
(-0.220785 0.000971128 -5.16763e-21)
(-0.219977 0.00086968 0)
(-0.21743 0.00103502 -6.85804e-21)
(-0.217357 0.00142044 7.8558e-21)
(-0.213762 0.00057299 0)
(-0.210579 -0.000222329 0)
(-0.207881 0.000822483 0)
(-0.208069 0.00059372 0)
(-0.201428 0.000629782 0)
(-0.205971 0.00128531 -1.41594e-20)
(-0.203774 0.00105153 0)
(-0.200874 0.000713986 -1.62638e-20)
(-0.194651 0.000726859 0)
(-0.193117 0.000804347 0)
(-0.191678 0.00121575 0)
(-0.197615 0.00143589 0)
(-0.193878 4.68514e-05 0)
(-0.185008 -0.000579318 2.41757e-20)
(-0.182136 0.000781076 0)
(-0.181743 0.00155315 0)
(-0.181042 0.00128893 -2.71363e-20)
(-0.179689 0.000779305 0)
(-0.177777 0.000418528 0)
(-0.175136 0.000246325 0)
(-0.171976 0.000137011 3.37324e-20)
(-0.167687 8.95164e-05 0)
(-0.162069 0.000132619 0)
(-0.154541 0.000349961 0)
(-0.144597 0.000708401 0)
(-0.132186 0.0012037 -5.51371e-20)
(-0.1181 0.00164915 0)
(-0.103963 0.00185963 0)
(-0.0908752 0.00175366 0)
(-0.0800732 0.00154525 9.36167e-20)
(-0.0689009 0.00137915 0)
(-0.0634911 0.00175894 0)
(-0.0346001 0.00143872 -1.39777e-19)
(-0.0671961 0.000395088 -6.01853e-36)
(-0.101228 0.00572395 1.18946e-17)
(-0.124596 0.0101309 2.13246e-17)
(-0.137057 0.0127157 2.00298e-17)
(-0.144446 0.0141344 1.92461e-17)
(-0.149992 0.0150073 1.86205e-17)
(-0.154322 0.0156239 -1.80951e-17)
(-0.157439 0.0160636 -1.76108e-17)
(-0.159785 0.016368 -1.20371e-35)
(-0.161927 0.016601 -3.3612e-17)
(-0.16401 0.0168088 -1.64204e-17)
(-0.166196 0.0170063 5.29631e-34)
(-0.168623 0.0172158 -1.20371e-35)
(-0.171518 0.017454 -3.0198e-17)
(-0.17497 0.0177457 -2.90577e-17)
(-0.179091 0.018096 -2.77489e-17)
(-0.183918 0.0185179 0)
(-0.18949 0.0190085 4.89802e-17)
(-0.195944 0.0195845 2.24788e-17)
(-0.203105 0.0202313 0)
(-0.211738 0.0210057 -3.5089e-17)
(-0.22001 0.0217832 -1.23382e-20)
(-0.233466 0.0229348 -3.00927e-36)
(-0.237791 0.0236579 1.32204e-17)
(-0.263277 0.0252109 -7.0745e-18)
)
;
    }
    lowerWall
    {
        type            calculated;
        value           nonuniform List<vector> 
250
(
(-0.623658 -0.00565086 0)
(-0.594662 -0.0094768 0)
(-0.616541 -0.0107173 0)
(-0.686115 -0.0111413 0)
(-0.680478 -0.0112867 0)
(-0.581959 -0.00909612 0)
(-0.518974 -0.00679648 0)
(-0.494461 -0.00591547 0)
(-0.464118 -0.00438034 0)
(-0.455796 -0.00370326 0)
(-0.44826 -0.00401009 0)
(-0.441653 -0.00330549 0)
(-0.436574 -0.00192919 0)
(-0.432885 -0.000833152 0)
(-0.428878 -0.000723575 0)
(-0.425703 -0.000968032 0)
(-0.423004 2.57762e-05 0)
(-0.422005 0.000465199 0)
(0.00216621 0.000179583 0)
(0.00243462 -0.00270891 0)
(0.00272717 -0.00572086 0)
(0.00309933 -0.00891944 1.12978e-19)
(0.00347532 -0.0120887 -9.46346e-20)
(0.00368021 -0.0158994 8.37806e-20)
(0.00340527 -0.0155625 -7.46391e-20)
(0.00928547 -0.0350916 0)
(-0.0447477 -0.106125 0)
(0.00022074 -0.000273853 0)
(5.59776e-05 -0.000786284 0)
(-9.9787e-06 -0.000869363 0)
(5.3926e-05 -0.000863471 0)
(3.25009e-05 -0.000825679 1.54158e-19)
(-0.000141186 -0.000257292 -1.49734e-19)
(-0.000574214 0.00117729 0)
(-0.00116673 0.00385691 -1.72166e-19)
(-0.00154302 0.00726968 1.31811e-19)
(-0.00149099 0.0104941 0)
(-0.00110283 0.0128763 0)
(-0.000574862 0.0141308 0)
(-6.68117e-05 0.0142312 0)
(0.000335416 0.0133627 0)
(0.000671539 0.011809 0)
(0.00100227 0.00961412 0)
(0.001369 0.00681223 0)
(0.00178968 0.00344339 0)
(-0.000142228 -0.000276741 0)
(0.000171185 -0.000445452 0)
(0.000480837 -0.000494699 0)
(0.000800669 -0.000422195 0)
(0.00105364 -0.000185702 -0)
(0.00109619 0.000203422 -0)
(0.000845324 0.000668032 1.44214e-20)
(0.0003302 0.00110192 -1.63272e-20)
(-0.000380429 0.00141652 0)
(-0.00119364 0.00157395 -9.34113e-21)
(-0.00203175 0.00158665 0)
(-0.00283024 0.00148482 0)
(-0.00354429 0.00130455 0)
(-0.00414901 0.00107639 4.59343e-21)
(-0.004633 0.000821113 0)
(-0.00499223 0.000550449 0)
(-0.00522407 0.000272712 -3.98569e-21)
(-0.00533336 -1.7911e-05 -0)
(-0.00529522 -0.00031891 0)
(-0.00510846 -0.000608984 -0)
(-0.00478203 -0.000867875 4.29174e-21)
(-0.00432805 -0.00107554 -0)
(-0.00376483 -0.00121117 5.08023e-21)
(-0.00312009 -0.00125623 0)
(-0.00243183 -0.00119756 -0)
(-0.00174841 -0.00103397 8.21005e-21)
(-0.00112521 -0.000782854 0)
(-0.000615308 -0.000487845 -1.34632e-20)
(-0.000249159 -0.000214703 0)
(-1.46553e-05 -2.04178e-05 2.36166e-20)
(0.000132466 9.77496e-05 0)
(0.000215922 0.000198223 0)
(0.000202075 0.000311969 0)
(8.78917e-05 0.000459517 0)
(-0.000161228 0.000651661 0)
(-0.000569316 0.000849338 -1.43154e-20)
(-0.00111551 0.00097885 0)
(-0.00171217 0.000970768 1.7396e-20)
(-0.00224406 0.000814497 0)
(-0.00261433 0.000557875 -1.40408e-20)
(-0.00278734 0.00028706 0)
(-0.00279328 7.67889e-05 0)
(-0.00269341 -2.89855e-05 1.39649e-20)
(-0.00256263 -5.61935e-06 0)
(-0.00247051 0.000139979 1.44973e-20)
(-0.00242306 0.000344389 -1.45695e-20)
(-0.00235801 0.00044701 0)
(-0.00211775 0.000204578 -1.59331e-20)
(-0.00144084 -0.000484892 -1.8746e-20)
(-7.13349e-05 -0.0011791 0)
(0.00168096 -0.00180028 0)
(0.0036026 -0.00249714 0)
(0.00581876 -0.00314898 0)
(0.00838303 -0.00366516 -0)
(0.0111894 -0.00395491 3.5313e-21)
(0.0140288 -0.00409891 0)
(0.0164384 -0.00399713 -2.80254e-21)
(0.0183883 -0.00368732 -0)
(0.0204065 -0.00342791 -0)
(0.0231913 -0.00328647 2.18791e-21)
(0.0260504 -0.00308374 0)
(0.0262415 -0.00260416 -1.91116e-21)
(0.0293104 -0.00249666 -0)
(0.0311515 -0.0023144 0)
(0.0333617 -0.00215751 -0)
(0.0353892 -0.00200621 1.82025e-21)
(0.0372931 -0.00187234 0)
(0.0391627 -0.00175326 -0)
(0.0409319 -0.00164735 1.77339e-21)
(0.0426526 -0.00155336 0)
(0.0443108 -0.00146944 1.75265e-21)
(0.0459193 -0.00139404 0)
(0.0474811 -0.00132566 0)
(0.0489996 -0.00126305 0)
(0.0504778 -0.00120501 -1.72117e-21)
(0.0519177 -0.00115081 -0)
(0.0533211 -0.00109952 0)
(0.0546887 -0.00105069 -1.70062e-21)
(0.0560218 -0.0010037 -1.69376e-21)
(0.0573203 -0.000958219 -0)
(0.0585847 -0.000913854 -1.67958e-21)
(0.0598144 -0.000870481 0)
(0.0610098 -0.000827766 -3.32895e-21)
(0.0621701 -0.000785573 -0)
(0.0632949 -0.000743668 -3.29615e-21)
(0.0643835 -0.000702044 -0)
(0.0654354 -0.000660399 3.26013e-21)
(0.0664495 -0.000618647 0)
(0.0674249 -0.000576575 0)
(0.0683604 -0.000534053 0)
(0.0692545 -0.000490657 -3.17601e-21)
(0.0701049 -0.00044637 -0)
(0.0709106 -0.000400873 3.12701e-21)
(0.071669 -0.000353845 0)
(0.0723783 -0.00030504 -3.07294e-21)
(0.0730362 -0.00025407 -3.04395e-21)
(0.0736397 -0.000200995 -3.01363e-21)
(0.0741872 -0.000146509 -0)
(0.0746772 -9.26334e-05 0)
(0.0751113 -4.36591e-05 0)
(0.0754948 -3.07693e-06 0)
(0.0758319 3.26734e-05 0)
(0.0761245 6.78046e-05 0)
(0.0763713 0.000102247 0)
(0.0765728 0.000136541 0)
(0.0767277 0.000170453 2.66808e-21)
(0.0768367 0.000204168 2.61982e-21)
(0.0768983 0.000237515 0)
(0.0769133 0.000270576 0)
(0.0768806 0.000303141 0)
(0.0768008 0.000335415 2.40506e-21)
(0.0766728 0.00036708 0)
(0.076498 0.00039833 0)
(0.0762752 0.000429005 0)
(0.076005 0.000459226 0)
(0.0756875 0.000488732 -2.08622e-21)
(0.0753232 0.000517829 0)
(0.0749117 0.000546255 0)
(0.0744537 0.000574169 1.86736e-21)
(0.0739494 0.000601403 -1.78972e-21)
(0.0733994 0.000628168 0)
(0.0728035 0.000654299 -1.6273e-21)
(0.0721627 0.000679818 0)
(0.0714774 0.000704831 1.45512e-21)
(0.0707473 0.000729286 0)
(0.0699733 0.000753233 0)
(0.0691544 0.000776605 0)
(0.0682917 0.000799614 0)
(0.0673966 0.000822052 0)
(0.0664637 0.000843829 -1.75253e-21)
(0.0654822 0.000864428 -1.53981e-21)
(0.0644666 0.000884416 0)
(0.0634093 0.000903067 0)
(0.0623203 0.000919021 0)
(0.0611986 0.000929896 6.2689e-22)
(0.0600464 0.000932457 0)
(0.0588635 0.000925605 0)
(0.0576439 0.000929619 0)
(0.0563927 0.000946375 -3.97948e-22)
(0.0551076 0.000960074 6.74659e-22)
(0.0537954 0.000972924 0)
(0.0524567 0.000985032 0)
(0.0510925 0.000996283 1.56111e-21)
(0.049705 0.00100682 1.87695e-21)
(0.0482956 0.00101657 0)
(0.0468668 0.00102573 0)
(0.0454204 0.00103426 -2.89272e-21)
(0.0439557 0.00104189 3.25614e-21)
(0.0424779 0.00104905 0)
(0.0409837 0.00105514 0)
(0.0394805 0.00106075 4.42948e-21)
(0.0379632 0.00106521 0)
(0.0364404 0.0010692 0)
(0.034907 0.00107219 5.74729e-21)
(0.0333703 0.00107465 0)
(0.0318286 0.0010766 6.72036e-21)
(0.0302844 0.00107815 0)
(0.0287387 0.00107942 0)
(0.0271924 0.00108064 0)
(0.0256462 0.0010819 -8.94913e-21)
(0.0241006 0.00108329 0)
(0.0225562 0.00108486 0)
(0.021013 0.00108665 0)
(0.0194716 0.00108866 0)
(0.0179322 0.00109101 0)
(0.016395 0.00109378 0)
(0.0148602 0.00109716 -1.42022e-20)
(0.0133276 0.00110128 -1.51629e-20)
(0.0117972 0.00110627 0)
(0.0102684 0.00111218 0)
(0.00874113 0.0011189 0)
(0.00721533 0.00112622 1.98536e-20)
(0.00569167 0.0011344 0)
(0.00417165 0.00114234 -4.58156e-20)
(0.00265921 0.00114687 4.93649e-20)
(0.0011639 0.00114293 5.33143e-20)
(-0.000311663 0.00110624 -5.52216e-20)
(-0.00167358 0.00103533 5.38665e-20)
(-0.00318072 0.000869131 -5.1942e-20)
(-0.00350644 0.000481746 0)
(-0.00546374 0.00107445 -3.10024e-18)
(-0.00855246 0.000849316 -2.81194e-18)
(-0.0116139 0.000504106 0)
(-0.0147624 0.000181089 -4.78827e-18)
(-0.0181165 -0.000156586 -8.90788e-18)
(-0.0216835 -0.000512433 -4.15766e-18)
(-0.0254744 -0.000888 3.8909e-18)
(-0.0295109 -0.00128715 -6.01853e-36)
(-0.0338196 -0.00171347 3.00927e-36)
(-0.0384178 -0.00217036 3.22015e-18)
(-0.0433238 -0.00265851 3.02794e-18)
(-0.0485541 -0.00314224 3.00927e-36)
(-0.0541208 -0.00365438 0)
(-0.0600819 -0.00424576 0)
(-0.0664953 -0.00489846 -5.21919e-36)
(-0.0733634 -0.00560472 4.54681e-35)
(-0.0808334 -0.0063662 1.26389e-34)
(-0.08877 -0.00718845 -3.75227e-18)
(-0.0977289 -0.00808145 -3.41817e-18)
(-0.106798 -0.00904898 1.20371e-35)
(-0.118339 -0.0101127 5.37783e-18)
(-0.127912 -0.0112812 8.92601e-18)
(-0.145301 -0.0125124 6.01853e-36)
(-0.152728 -0.0140216 -4.30442e-18)
(-0.187331 -0.0163637 -6.01853e-36)
)
;
    }
    frontAndBack
    {
        type            empty;
    }
}


// ************************************************************************* //
