/*--------------------------------*- C++ -*----------------------------------*\
  =========                 |
  \\      /  F ield         | OpenFOAM: The Open Source CFD Toolbox
   \\    /   O peration     | Website:  https://openfoam.org
    \\  /    A nd           | Version:  8
     \\/     M anipulation  |
\*---------------------------------------------------------------------------*/
FoamFile
{
    version     2.0;
    format      ascii;
    class       volVectorField;
    location    "1800";
    object      wallShearStress;
}
// * * * * * * * * * * * * * * * * * * * * * * * * * * * * * * * * * * * * * //

dimensions      [0 2 -2 0 0 0 0];

internalField   uniform (0 0 0);

boundaryField
{
    inlet
    {
        type            calculated;
        value           uniform (0 0 0);
    }
    outlet
    {
        type            calculated;
        value           uniform (0 0 0);
    }
    upperWall
    {
        type            calculated;
        value           nonuniform List<vector> 
223
(
(-0.443906 0.00288693 0)
(-0.466661 0.00538907 0)
(-0.496666 0.00683475 0)
(-0.503855 0.00733777 0)
(-0.500403 0.00734248 0)
(-0.490097 0.00699773 0)
(-0.478399 0.00649802 0)
(-0.466365 0.00592671 0)
(-0.453983 0.00532666 0)
(-0.442315 0.00474526 0)
(-0.431598 0.00420108 0)
(-0.421885 0.00370093 0)
(-0.413178 0.00324673 0)
(-0.405409 0.00283915 0)
(-0.398507 0.00247762 0)
(-0.392379 0.00217186 0)
(-0.386889 0.00192588 0)
(-0.382 0.00177924 0)
(-0.378076 0.00170457 0)
(-0.374976 0.00165578 5.87274e-22)
(-0.371947 0.00158775 0)
(-0.369001 0.00150863 0)
(-0.366134 0.00142432 0)
(-0.363349 0.00133744 5.99235e-22)
(-0.360651 0.00125045 0)
(-0.358043 0.00116467 0)
(-0.355525 0.00108156 0)
(-0.353095 0.00100121 -1.21979e-21)
(-0.350755 0.000924556 1.22489e-21)
(-0.348502 0.000851473 1.22992e-21)
(-0.346335 0.000782318 0)
(-0.344251 0.000716641 -1.2398e-21)
(-0.34225 0.000654746 0)
(-0.340328 0.00059615 1.24946e-21)
(-0.338485 0.000540803 1.25423e-21)
(-0.33672 0.00048852 -1.25896e-21)
(-0.33503 0.000439451 0)
(-0.333414 0.000393479 0)
(-0.331869 0.000350484 0)
(-0.330394 0.000310603 0)
(-0.328985 0.000273854 -1.28225e-21)
(-0.327641 0.000240309 0)
(-0.326357 0.000210023 0)
(-0.32513 0.000182974 1.29603e-21)
(-0.323957 0.000159108 0)
(-0.322833 0.000138336 1.30522e-21)
(-0.321756 0.000120591 -1.30982e-21)
(-0.320718 0.000105757 1.31445e-21)
(-0.31972 9.38744e-05 0)
(-0.318753 8.45135e-05 0)
(-0.317818 7.76346e-05 0)
(-0.316907 7.27163e-05 1.33332e-21)
(-0.316021 6.96969e-05 -1.33817e-21)
(-0.315155 6.8087e-05 0)
(-0.31431 6.77464e-05 0)
(-0.31348 6.83419e-05 0)
(-0.31267 6.97491e-05 0)
(-0.311872 7.1765e-05 0)
(-0.311094 7.4454e-05 0)
(-0.310322 7.7791e-05 0)
(-0.30957 8.15167e-05 0)
(-0.308822 8.58626e-05 1.38472e-21)
(-0.30809 9.09961e-05 -1.39025e-21)
(-0.307361 9.6806e-05 0)
(-0.306638 0.000103077 0)
(-0.305926 0.00010961 0)
(-0.305206 0.00011712 -1.41296e-21)
(-0.3045 0.000125217 0)
(-0.303781 0.000131829 0)
(-0.303077 0.000148156 0)
(-0.302285 0.000159843 0)
(-0.301733 0.000145961 0)
(-0.339018 0.00014124 -3.26707e-21)
(-0.362408 0.000173419 0)
(-0.378432 0.0002344 0)
(-0.357939 0.000179663 0)
(-0.337101 0.000136307 0)
(-0.391138 0.000238731 0)
(-0.396854 0.000260768 0)
(-0.4002 0.000158688 0)
(-0.359629 9.16523e-05 3.62167e-21)
(-0.403686 0.000231168 0)
(-0.356144 0.000316445 0)
(-0.333895 0.000219772 0)
(-0.342929 0.000165569 -3.52363e-21)
(-0.325397 0.000147901 0)
(-0.388718 0.000218382 -4.02531e-21)
(-0.393937 0.000505177 0)
(-0.349643 0.000597827 0)
(-0.326659 0.000610564 0)
(-0.313964 0.00044576 -3.28849e-21)
(-0.342685 0.000796842 0)
(-0.325141 0.000813166 3.40676e-21)
(-0.312275 0.000632102 3.28904e-21)
(-0.30362 0.000817915 0)
(-0.296626 0.000671281 3.16349e-21)
(-0.300197 0.000628403 0)
(-0.294573 0.00037877 0)
(-0.329117 0.000406789 0)
(-0.319685 0.00108655 -3.44236e-21)
(-0.293402 0.000991125 0)
(-0.293047 0.00083229 -3.15034e-21)
(-0.292598 0.000781376 3.14197e-21)
(-0.292295 0.000735095 0)
(-0.291725 0.000533392 0)
(-0.297429 -9.3816e-05 0)
(-0.291194 -2.67203e-05 0)
(-0.290801 -0.000124752 0)
(-0.296147 -0.000265056 0)
(-0.355005 0.000142157 0)
(-0.323759 8.72348e-05 -3.57637e-21)
(-0.341473 -8.87659e-05 0)
(-0.35701 0.000143749 0)
(-0.360151 0.00043511 0)
(-0.36696 0.000301776 0)
(-0.358423 0.000622621 0)
(-0.320976 0.000772299 0)
(-0.285399 0.000238001 0)
(-0.339049 0.000652603 0)
(-0.314184 0.00126026 0)
(-0.283022 0.000917821 0)
(-0.282316 0.000247218 0)
(-0.321457 0.000795843 0)
(-0.291555 0.00108032 -5.887e-21)
(-0.279559 0.000359299 0)
(-0.304914 -2.06322e-05 0)
(-0.314263 -2.17086e-05 0)
(-0.30642 0.000235083 5.98436e-21)
(-0.318131 0.000299152 0)
(-0.324535 0.000822254 0)
(-0.294327 0.0013607 5.40994e-21)
(-0.27219 0.00117771 0)
(-0.270832 0.00111327 -4.78116e-21)
(-0.269273 0.000803886 0)
(-0.285282 0.000271289 0)
(-0.28489 9.53703e-05 0)
(-0.295822 0.000846967 4.7761e-21)
(-0.263529 0.000958076 0)
(-0.284944 0.00110098 -4.23531e-21)
(-0.260904 0.000933177 0)
(-0.281318 0.000933867 0)
(-0.258259 0.000795026 0)
(-0.276323 0.000761376 0)
(-0.255304 0.000643539 0)
(-0.263122 3.45545e-05 0)
(-0.271512 0.000946726 0)
(-0.250064 0.00164959 0)
(-0.248282 0.00116197 0)
(-0.24681 0.000510301 0)
(-0.265011 0.000380134 0)
(-0.276499 0.000175354 -1.38884e-21)
(-0.262758 0.000415075 1.01844e-21)
(-0.271603 0.000438613 0)
(-0.25966 -8.44399e-05 0)
(-0.236627 0.000195929 0)
(-0.231648 0.00116478 0)
(-0.24401 0.00167154 -7.60576e-22)
(-0.249206 0.00107914 1.17813e-21)
(-0.242671 0.000845311 -1.55599e-21)
(-0.238609 0.000244525 0)
(-0.218912 0.00103198 -2.24727e-21)
(-0.218485 0.00131104 -5.10831e-21)
(-0.216473 -0.000115328 0)
(-0.214118 -0.000285608 -7.21618e-21)
(-0.21195 0.000217988 8.14769e-21)
(-0.20834 0.00101172 0)
(-0.206364 0.00172421 0)
(-0.206438 0.00149028 0)
(-0.205392 0.00129672 0)
(-0.205286 0.00164447 0)
(-0.204919 0.00162128 -1.31916e-20)
(-0.204263 0.00164306 0)
(-0.203122 0.00136193 -1.50623e-20)
(-0.201524 0.00102251 0)
(-0.199269 0.000685791 0)
(-0.196276 0.000586783 0)
(-0.199436 -0.00038885 0)
(-0.188878 -0.00124287 0)
(-0.184572 -6.04557e-06 2.42372e-20)
(-0.183185 0.00118463 0)
(-0.18236 0.000879334 0)
(-0.178893 0.00020804 -2.77368e-20)
(-0.175344 0.00068781 0)
(-0.174051 0.00125187 0)
(-0.173465 0.00122145 0)
(-0.171493 0.000857456 3.32378e-20)
(-0.167202 0.00037033 0)
(-0.159975 0.00015892 0)
(-0.15022 0.000385421 0)
(-0.138506 0.000816193 0)
(-0.125518 0.00129328 -5.79195e-20)
(-0.112233 0.00159223 0)
(-0.0999288 0.00164198 0)
(-0.0887735 0.00150083 0)
(-0.0796271 0.00134125 9.38434e-20)
(-0.0694274 0.0012959 0)
(-0.0644065 0.00176122 0)
(-0.0356218 0.00148211 -1.38311e-19)
(-0.0678761 0.00047574 0)
(-0.101884 0.0057832 1.18312e-17)
(-0.125215 0.0101879 2.12174e-17)
(-0.137615 0.0127683 1.99371e-17)
(-0.144939 0.0141857 1.91628e-17)
(-0.150427 0.0150549 1.85438e-17)
(-0.154728 0.0156702 -1.80223e-17)
(-0.157785 0.0161075 -1.75437e-17)
(-0.160122 0.016408 -6.01853e-36)
(-0.162225 0.0166411 -3.34994e-17)
(-0.164315 0.0168476 -1.63712e-17)
(-0.166445 0.0170453 6.62038e-35)
(-0.168889 0.0172494 0)
(-0.171768 0.0174902 -3.01319e-17)
(-0.175271 0.0177814 -2.90109e-17)
(-0.179388 0.0181367 -2.77003e-17)
(-0.184275 0.0185595 0)
(-0.189862 0.019055 4.89193e-17)
(-0.196381 0.019634 2.24665e-17)
(-0.203575 0.0202854 1.20371e-35)
(-0.212277 0.0210647 -3.5087e-17)
(-0.220584 0.0218454 -1.23619e-20)
(-0.234143 0.0230056 0)
(-0.238466 0.023731 1.32105e-17)
(-0.264162 0.0252969 -7.10069e-18)
)
;
    }
    lowerWall
    {
        type            calculated;
        value           nonuniform List<vector> 
250
(
(-0.625009 -0.00590005 0)
(-0.622702 -0.0112807 0)
(-0.598203 -0.0124926 0)
(-0.541622 -0.0100088 0)
(-0.524872 -0.0082418 0)
(-0.500203 -0.00672028 0)
(-0.484986 -0.00474497 0)
(-0.504521 -0.0046725 0)
(-0.488972 -0.00588541 0)
(-0.452766 -0.00481038 0)
(-0.445766 -0.00278695 0)
(-0.440194 -0.00107493 0)
(-0.52064 -0.00062053 0)
(-0.540164 0.00027215 0)
(-0.529889 0.000319541 0)
(-0.479884 -0.000945019 0)
(-0.423311 -0.000431436 0)
(-0.42248 0.000100895 0)
(0.00210931 0.000122449 0)
(0.00235212 -0.00274699 0)
(0.00261251 -0.00572482 0)
(0.00291629 -0.00886471 1.15836e-19)
(0.00317317 -0.0119224 -9.76354e-20)
(0.00329933 -0.0155304 8.55614e-20)
(0.00295244 -0.0150241 -7.6824e-20)
(0.00983426 -0.0351245 0)
(-0.0471352 -0.106578 0)
(0.000218974 -0.000271577 0)
(5.51009e-05 -0.000778196 0)
(-9.30223e-06 -0.000861199 0)
(5.5225e-05 -0.00086072 0)
(3.29089e-05 -0.00082956 1.5457e-19)
(-0.000141153 -0.000264698 -1.50186e-19)
(-0.000574185 0.00116818 0)
(-0.00116699 0.00385018 -1.72759e-19)
(-0.0015425 0.00726532 1.32313e-19)
(-0.00148834 0.0104885 0)
(-0.00109802 0.0128652 0)
(-0.000569071 0.0141109 0)
(-6.21926e-05 0.0142003 0)
(0.000337851 0.0133231 0)
(0.00067027 0.0117597 0)
(0.000995113 0.00955586 0)
(0.00135234 0.00674826 0)
(0.00175729 0.00337837 0)
(-0.00014169 -0.00027395 0)
(0.000166514 -0.000442739 0)
(0.00047236 -0.000495038 0)
(0.000790139 -0.00042728 0)
(0.00104424 -0.000196326 -0)
(0.00109172 0.000188527 -0)
(0.00084691 0.00065115 1.45401e-20)
(0.000337741 0.00108538 -1.64749e-20)
(-0.000368254 0.00140147 0)
(-0.00117756 0.00156049 -9.4494e-21)
(-0.00201255 0.00157509 0)
(-0.00280888 0.00147497 0)
(-0.00352139 0.00129607 0)
(-0.00412493 0.00106888 4.64259e-21)
(-0.00460799 0.000814173 0)
(-0.00496622 0.000543671 0)
(-0.00519704 0.000265739 -4.02522e-21)
(-0.00530484 -2.54576e-05 -0)
(-0.00526494 -0.000327302 0)
(-0.00507572 -0.000618675 -0)
(-0.00474601 -0.000879425 4.33277e-21)
(-0.00428755 -0.0010893 -0)
(-0.00371851 -0.00122717 5.13401e-21)
(-0.00306622 -0.00127372 0)
(-0.00236873 -0.00121466 -0)
(-0.00167513 -0.00104708 8.36166e-21)
(-0.00104299 -0.000787346 0)
(-0.000529727 -0.00048028 -1.3944e-20)
(-0.000168889 -0.0001987 0)
(5.72291e-05 -6.37742e-06 2.36343e-20)
(0.000202241 0.000106872 0)
(0.000286878 0.000202935 0)
(0.000280246 0.000316993 0)
(0.000169568 0.000469041 0)
(-7.8612e-05 0.000668838 0)
(-0.000488864 0.0008748 -1.53181e-20)
(-0.00104086 0.00101076 0)
(-0.00164613 0.00100531 1.80925e-20)
(-0.00218683 0.000848439 0)
(-0.0025667 0.000589621 -1.4412e-20)
(-0.00274823 0.000314255 0)
(-0.00275955 9.62771e-05 0)
(-0.00265938 -1.72284e-05 1.42884e-20)
(-0.00252581 -3.14777e-06 0)
(-0.00242525 0.000129957 1.48707e-20)
(-0.00236348 0.000323397 -1.49879e-20)
(-0.00228495 0.000430862 0)
(-0.00204883 0.00021521 -1.64197e-20)
(-0.00140985 -0.0004383 -1.93582e-20)
(-0.000119829 -0.00118376 0)
(0.00159016 -0.00183769 0)
(0.0034858 -0.0025193 0)
(0.00571901 -0.00316715 0)
(0.0081703 -0.00343921 -0)
(0.0106627 -0.00356396 3.63667e-21)
(0.0131097 -0.00368263 0)
(0.0155683 -0.00369996 -2.75602e-21)
(0.0179373 -0.0036162 -0)
(0.0201961 -0.00348556 -0)
(0.0231105 -0.00335617 2.21882e-21)
(0.0258857 -0.00311763 0)
(0.0260768 -0.00263875 -1.93248e-21)
(0.029069 -0.00250035 -0)
(0.0309447 -0.00230954 0)
(0.0331605 -0.00216779 -0)
(0.0351823 -0.00201538 1.83366e-21)
(0.0371081 -0.00188102 0)
(0.0389772 -0.00176164 -0)
(0.0407528 -0.00165493 1.78506e-21)
(0.0424837 -0.00156062 0)
(0.0441427 -0.00147618 1.7635e-21)
(0.045762 -0.0014006 0)
(0.0473264 -0.00133192 0)
(0.0488533 -0.0012692 0)
(0.0503363 -0.00121116 -1.73161e-21)
(0.0517839 -0.00115695 -0)
(0.0531935 -0.00110576 0)
(0.054569 -0.00105707 -1.71123e-21)
(0.0559095 -0.00101029 -1.70446e-21)
(0.0572163 -0.00096516 -0)
(0.0584896 -0.000921183 -1.69051e-21)
(0.0597286 -0.000878264 0)
(0.0609342 -0.000836089 -3.35118e-21)
(0.062105 -0.000794629 -0)
(0.0632418 -0.000753538 -3.31869e-21)
(0.0643426 -0.000712785 -0)
(0.0654079 -0.000672195 3.28294e-21)
(0.0664363 -0.000631701 0)
(0.0674272 -0.000591042 0)
(0.0683796 -0.000549897 0)
(0.0692915 -0.00050789 -3.19937e-21)
(0.0701612 -0.000464985 -0)
(0.0709874 -0.000420858 3.1505e-21)
(0.0717682 -0.000375039 0)
(0.0725009 -0.000327228 -3.09653e-21)
(0.0731835 -0.000277189 -3.06753e-21)
(0.073813 -0.000224769 -3.03726e-21)
(0.074387 -0.000170654 -0)
(0.0749037 -0.000116582 0)
(0.0753631 -6.57093e-05 0)
(0.0757689 -2.26718e-05 0)
(0.0761268 1.41344e-05 0)
(0.076439 4.95544e-05 0)
(0.076705 8.44352e-05 0)
(0.0769245 0.000119123 0)
(0.0770968 0.000153795 2.69705e-21)
(0.0772211 0.00018835 2.64991e-21)
(0.0772973 0.000222786 0)
(0.0773248 0.000257088 0)
(0.0773028 0.000291254 0)
(0.0772314 0.000325135 2.44027e-21)
(0.07711 0.000358813 0)
(0.0769384 0.000392101 0)
(0.076717 0.000425116 0)
(0.0764448 0.000457676 0)
(0.0761229 0.000489815 -2.1275e-21)
(0.0757507 0.00052148 0)
(0.0753287 0.000552618 0)
(0.0748571 0.000583194 1.91064e-21)
(0.0743363 0.00061318 -1.83323e-21)
(0.073767 0.000642527 0)
(0.0731493 0.000671267 -1.67041e-21)
(0.0724839 0.00069926 0)
(0.0717719 0.000726523 1.49664e-21)
(0.0710138 0.000753128 0)
(0.0702101 0.000778885 0)
(0.0693624 0.000803869 0)
(0.0684724 0.000827973 0)
(0.067541 0.000850921 0)
(0.0665744 0.000873258 -1.81213e-21)
(0.06555 0.000894224 -1.59361e-21)
(0.0645065 0.000914207 0)
(0.0634076 0.000932235 0)
(0.0622881 0.000946777 0)
(0.061134 0.00095565 6.55816e-22)
(0.0599499 0.000955547 0)
(0.058739 0.00094769 0)
(0.0574938 0.000951628 0)
(0.0562185 0.000967168 -3.9382e-22)
(0.0549118 0.000978682 6.76266e-22)
(0.0535805 0.000989467 0)
(0.0522253 0.000999116 0)
(0.0508489 0.00100802 1.57698e-21)
(0.0494524 0.00101613 1.89625e-21)
(0.0480374 0.00102355 0)
(0.0466055 0.00103017 0)
(0.0451584 0.0010362 -2.91766e-21)
(0.0436972 0.00104155 3.28122e-21)
(0.0422234 0.00104631 0)
(0.0407373 0.00105032 0)
(0.039242 0.00105377 4.45084e-21)
(0.0377365 0.0010564 0)
(0.0362254 0.00105851 0)
(0.0347074 0.00106003 5.7572e-21)
(0.0331857 0.00106111 0)
(0.0316609 0.00106176 6.71858e-21)
(0.0301349 0.00106228 0)
(0.0286078 0.00106276 0)
(0.0270808 0.00106333 0)
(0.0255544 0.00106412 -8.91441e-21)
(0.0240289 0.00106523 0)
(0.0225044 0.00106673 0)
(0.0209809 0.00106861 0)
(0.0194586 0.0010709 0)
(0.0179376 0.00107362 0)
(0.0164181 0.0010769 0)
(0.0148999 0.00108084 -1.40821e-20)
(0.013383 0.00108562 -1.50275e-20)
(0.0118671 0.00109131 0)
(0.0103516 0.00109799 0)
(0.00883636 0.0011055 0)
(0.00732127 0.00111372 1.96459e-20)
(0.00580678 0.00112278 0)
(0.00429444 0.00113168 -4.53082e-20)
(0.00278815 0.00113731 4.88043e-20)
(0.00129713 0.00113456 5.26942e-20)
(-0.000174911 0.00110077 -5.49225e-20)
(-0.0015348 0.00103312 5.39059e-20)
(-0.00304413 0.00086834 -5.19647e-20)
(-0.00336913 0.000482555 0)
(-0.0053303 0.00108664 -3.0999e-18)
(-0.00842193 0.000861941 -2.81007e-18)
(-0.0114875 0.000517774 0)
(-0.0146464 0.000195536 -4.78156e-18)
(-0.0180154 -0.000142539 -8.89303e-18)
(-0.0216003 -0.000499481 -4.1499e-18)
(-0.0254119 -0.00087648 3.88306e-18)
(-0.0294714 -0.00127755 -4.81482e-35)
(-0.0338062 -0.00170601 -3.00927e-36)
(-0.0384321 -0.00216554 3.21309e-18)
(-0.0433676 -0.00265699 3.02132e-18)
(-0.0486295 -0.0031442 3.00927e-36)
(-0.054227 -0.00365867 0)
(-0.0602209 -0.00425282 0)
(-0.0666647 -0.00490853 -1.04854e-35)
(-0.0735641 -0.00561825 9.73309e-36)
(-0.0810659 -0.00638345 6.62038e-35)
(-0.0890328 -0.00720937 -3.74692e-18)
(-0.0980245 -0.00810611 -3.41405e-18)
(-0.107117 -0.0090768 6.01853e-36)
(-0.118714 -0.0101461 5.3746e-18)
(-0.128253 -0.0113128 8.9182e-18)
(-0.145752 -0.0125541 0)
(-0.15317 -0.0140628 -4.3034e-18)
(-0.187816 -0.0164152 6.01853e-36)
)
;
    }
    frontAndBack
    {
        type            empty;
    }
}


// ************************************************************************* //
