/*--------------------------------*- C++ -*----------------------------------*\
  =========                 |
  \\      /  F ield         | OpenFOAM: The Open Source CFD Toolbox
   \\    /   O peration     | Website:  https://openfoam.org
    \\  /    A nd           | Version:  8
     \\/     M anipulation  |
\*---------------------------------------------------------------------------*/
FoamFile
{
    version     2.0;
    format      ascii;
    class       volVectorField;
    location    "3400";
    object      wallShearStress;
}
// * * * * * * * * * * * * * * * * * * * * * * * * * * * * * * * * * * * * * //

dimensions      [0 2 -2 0 0 0 0];

internalField   uniform (0 0 0);

boundaryField
{
    inlet
    {
        type            calculated;
        value           uniform (0 0 0);
    }
    outlet
    {
        type            calculated;
        value           uniform (0 0 0);
    }
    upperWall
    {
        type            calculated;
        value           nonuniform List<vector> 
223
(
(-0.582193 -0.392359 0)
(-0.977814 -0.219377 0)
(-0.939335 -0.0567746 0)
(-0.81071 -0.00585788 0)
(-0.734594 0.00331366 0)
(-0.695452 0.00231537 0)
(-0.67094 0.000424077 0)
(-0.653508 -0.00144907 0)
(-0.640533 -0.00256381 0)
(-0.629819 -0.00218244 0)
(-0.620063 -0.00131141 0)
(-0.610955 -0.00108353 0)
(-0.603068 -0.00141058 0)
(-0.596128 -0.00113888 0)
(-0.590229 -0.000828818 0)
(-0.585438 -0.000755758 0)
(-0.580234 0.000753801 0)
(-0.574816 0.00274892 0)
(-0.570788 0.00183726 0)
(-0.567967 0.00149062 4.23072e-22)
(-0.564783 0.00318194 0)
(-0.561363 0.00293713 0)
(-0.558327 0.0023046 0)
(-0.555557 0.00222209 4.4618e-22)
(-0.552844 0.00233305 0)
(-0.550125 0.00330488 0)
(-0.547033 0.00386677 0)
(-0.544027 0.00358809 -9.37952e-22)
(-0.541249 0.00309878 9.47597e-22)
(-0.538554 0.00299723 9.58503e-22)
(-0.535798 0.0026724 0)
(-0.53314 0.00233827 -9.79436e-22)
(-0.530509 0.00205418 0)
(-0.527889 0.00182854 1.0024e-21)
(-0.525259 0.00163863 1.01442e-21)
(-0.522619 0.00149377 -1.02695e-21)
(-0.519958 0.00137763 0)
(-0.51728 0.00128597 0)
(-0.51458 0.00121514 0)
(-0.511856 0.00116085 0)
(-0.509104 0.00111961 -1.09135e-21)
(-0.506322 0.00108884 0)
(-0.503507 0.00106667 0)
(-0.500656 0.00105157 1.13134e-21)
(-0.497766 0.00104227 0)
(-0.494835 0.00103785 1.15775e-21)
(-0.491859 0.0010376 -1.1707e-21)
(-0.488835 0.00104067 1.18343e-21)
(-0.485759 0.0010466 0)
(-0.48263 0.00105411 0)
(-0.479445 0.00106249 0)
(-0.476207 0.00107047 1.23088e-21)
(-0.472922 0.00107698 -1.24154e-21)
(-0.4696 0.00108214 0)
(-0.466258 0.00108708 0)
(-0.462909 0.00109225 0)
(-0.459564 0.00109668 0)
(-0.45623 0.00109934 0)
(-0.452906 0.00109933 0)
(-0.449589 0.00109687 0)
(-0.446269 0.00109261 0)
(-0.442938 0.00108747 1.29207e-21)
(-0.439583 0.00108261 -1.29184e-21)
(-0.436194 0.00107898 0)
(-0.43276 0.0010771 0)
(-0.42927 0.00107721 0)
(-0.425716 0.00107947 -1.27846e-21)
(-0.422088 0.00108364 0)
(-0.41838 0.00108949 0)
(-0.414587 0.00109664 0)
(-0.410704 0.00110472 0)
(-0.406727 0.00111326 0)
(-0.402655 0.00112166 -2.43451e-21)
(-0.398487 0.00112955 0)
(-0.394223 0.00113625 0)
(-0.389868 0.00114129 0)
(-0.385426 0.00114446 0)
(-0.380907 0.00114564 0)
(-0.376322 0.00114472 0)
(-0.371682 0.00114139 0)
(-0.367001 0.0011354 2.0954e-21)
(-0.362288 0.00112656 0)
(-0.357551 0.00111503 0)
(-0.352794 0.00110113 0)
(-0.348021 0.00108528 -1.83972e-21)
(-0.343231 0.00106813 0)
(-0.338422 0.00105033 -1.69027e-21)
(-0.33359 0.00103243 0)
(-0.328731 0.00101534 0)
(-0.323836 0.000999858 0)
(-0.319024 0.000992037 -1.35104e-21)
(-0.316384 0.00100119 0)
(-0.313659 0.00101508 1.18055e-21)
(-0.310854 0.00102968 1.08985e-21)
(-0.307975 0.00104289 0)
(-0.30503 0.00105381 8.96139e-22)
(-0.302033 0.00106252 0)
(-0.298996 0.00106999 0)
(-0.295935 0.00107675 0)
(-0.292862 0.00108513 -4.54679e-22)
(-0.289794 0.00109193 0)
(-0.286742 0.00110417 -2.0526e-22)
(-0.283719 0.00110552 7.31862e-23)
(-0.280734 0.00110851 0)
(-0.277798 0.00111367 0)
(-0.274921 0.0011042 0)
(-0.272106 0.00111053 0)
(-0.269364 0.00110042 0)
(-0.266666 0.000988398 0)
(-0.26401 0.000836609 0)
(-0.261552 0.000798266 1.15157e-21)
(-0.259099 0.000920905 0)
(-0.256982 0.00104328 0)
(-0.254838 0.0014619 0)
(-0.252903 0.00156697 0)
(-0.25092 0.000829538 0)
(-0.248597 0.000477751 0)
(-0.246576 0.000719985 0)
(-0.244551 0.000740984 0)
(-0.242411 0.00111338 0)
(-0.240823 0.00147731 0)
(-0.239147 0.00108644 0)
(-0.237514 0.00103245 0)
(-0.235936 0.0010829 7.1207e-21)
(-0.234513 0.000619597 0)
(-0.232768 0.000602621 0)
(-0.231307 0.000903504 0)
(-0.229566 0.000943853 -8.76077e-21)
(-0.228054 0.000317521 0)
(-0.226239 -0.000222114 0)
(-0.224381 8.97564e-05 -1.01336e-20)
(-0.222824 0.000232462 0)
(-0.221435 0.000721926 1.08941e-20)
(-0.220107 0.00104699 0)
(-0.219117 0.000872538 0)
(-0.217952 0.000797949 0)
(-0.216983 0.000731153 -1.25159e-20)
(-0.215853 0.000664684 0)
(-0.214843 0.000519879 1.33456e-20)
(-0.213922 0.000451309 0)
(-0.21289 0.000608423 0)
(-0.211682 8.69e-05 0)
(-0.210148 -0.000447589 0)
(-0.208825 -0.000151282 0)
(-0.207695 7.3339e-05 0)
(-0.207 0.00013719 0)
(-0.205939 0.000114353 0)
(-0.205223 0.000270019 0)
(-0.204444 0.000320243 0)
(-0.203855 0.000366066 0)
(-0.202998 0.000605494 1.84404e-20)
(-0.202288 0.00053409 -1.88708e-20)
(-0.201623 0.000719178 0)
(-0.200989 0.000883136 0)
(-0.200765 0.000695184 0)
(-0.200279 0.000540205 0)
(-0.199857 0.000341811 -2.08008e-20)
(-0.199612 0.00028353 2.11715e-20)
(-0.199016 0.000326795 -2.1638e-20)
(-0.198062 0.000305417 0)
(-0.197693 8.62439e-05 -2.24686e-20)
(-0.197309 0.000212553 -4.57853e-20)
(-0.196915 0.000470964 0)
(-0.1962 0.000213988 -4.75402e-20)
(-0.195742 0.00024433 4.83125e-20)
(-0.195497 -9.21344e-05 0)
(-0.194517 -0.000548859 0)
(-0.193748 -0.000257104 0)
(-0.193541 -7.96386e-05 0)
(-0.19325 -5.3503e-06 0)
(-0.192869 0.000181459 -5.3426e-20)
(-0.192111 0.000303235 0)
(-0.191451 0.000289191 -5.52629e-20)
(-0.191223 0.000603498 0)
(-0.190967 0.000754739 0)
(-0.191153 0.000463803 0)
(-0.190387 0.000455412 0)
(-0.190021 0.000535439 0)
(-0.189628 2.78083e-05 6.04324e-20)
(-0.188322 -0.000319765 0)
(-0.187481 -7.67579e-05 0)
(-0.186479 5.93115e-05 -6.441e-20)
(-0.186135 0.000120808 0)
(-0.185013 0.000237629 0)
(-0.183938 0.000262164 0)
(-0.183392 0.000481804 6.84003e-20)
(-0.18222 0.000775297 0)
(-0.180963 0.000787804 0)
(-0.180099 0.000731823 0)
(-0.178103 0.000620732 0)
(-0.176427 0.000589065 -7.64843e-20)
(-0.174466 0.000628519 0)
(-0.171473 0.000761586 0)
(-0.167465 0.000848214 0)
(-0.16302 0.000979309 8.76182e-20)
(-0.155962 0.00135821 0)
(-0.14902 0.00226097 0)
(-0.124288 0.00221461 -1.07454e-19)
(-0.141824 0.00666726 6.01853e-36)
(-0.169731 0.0131495 1.2542e-17)
(-0.187078 0.0170147 2.35426e-17)
(-0.193475 0.0188442 2.26954e-17)
(-0.196851 0.019692 2.20267e-17)
(-0.200629 0.0202773 2.12275e-17)
(-0.205281 0.0209679 -2.02425e-17)
(-0.209619 0.0215002 -1.95277e-17)
(-0.213852 0.0218654 0)
(-0.218102 0.0220167 -3.66583e-17)
(-0.220242 0.0221822 -1.80755e-17)
(-0.224706 0.0227218 7.64353e-34)
(-0.227525 0.0229047 -1.20371e-35)
(-0.231061 0.0233636 -3.22781e-17)
(-0.235342 0.023935 -3.06852e-17)
(-0.242339 0.0247786 -2.84655e-17)
(-0.249517 0.0254443 -2.40741e-35)
(-0.256859 0.0260676 4.9404e-17)
(-0.263909 0.0266474 2.26461e-17)
(-0.272752 0.0274463 2.40741e-35)
(-0.282656 0.0283572 -3.48617e-17)
(-0.291215 0.0289994 -1.5806e-20)
(-0.30088 0.0295776 0)
(-0.304436 0.0304166 1.34851e-17)
(-0.33256 0.0321494 -7.62893e-18)
)
;
    }
    lowerWall
    {
        type            calculated;
        value           nonuniform List<vector> 
250
(
(-0.653909 0.466638 0)
(-1.14095 0.204678 0)
(-1.03492 0.0379587 0)
(-0.869573 -0.000935979 0)
(-0.786941 -0.00419161 0)
(-0.746063 -0.00160781 0)
(-0.719878 0.00041618 0)
(-0.700645 -0.000651792 0)
(-0.685088 -0.00405593 0)
(-0.671318 -0.00471222 0)
(-0.658932 -0.00298823 0)
(-0.64772 -0.000864256 0)
(-0.637516 0.00142604 0)
(-0.628189 0.00210387 0)
(-0.61932 0.00136791 0)
(-0.611521 0.00135746 0)
(-0.60458 0.00169583 0)
(-0.605069 0.0019428 0)
(-0.00426047 -0.022858 0)
(-0.00275887 -0.0176425 0)
(-0.000676853 -0.0144932 0)
(0.00194479 -0.0137778 9.02244e-20)
(0.00526933 -0.0151985 -7.86172e-20)
(0.00896231 -0.0208215 6.28479e-20)
(0.0127411 -0.0200877 -4.84725e-20)
(0.0256275 -0.0633163 0)
(-0.0840668 -0.144716 0)
(0.000872626 -0.00384068 0)
(-0.00766542 0.0095468 0)
(-0.00851613 0.0328217 0)
(-0.0025494 0.0448554 0)
(0.00295337 0.0442615 1.82223e-20)
(0.00618275 0.036063 -1.89658e-20)
(0.00818729 0.0241609 0)
(0.00946057 0.0101603 -5.42296e-20)
(0.0094317 -0.00404289 6.11432e-20)
(0.00793325 -0.017423 0)
(0.00614121 -0.0291956 0)
(0.00438171 -0.0385633 0)
(0.00268716 -0.0451405 0)
(0.000985976 -0.0488801 0)
(-0.000885182 -0.0495152 0)
(-0.00282059 -0.0464088 0)
(-0.00437909 -0.0399029 0)
(-0.00492623 -0.030827 0)
(0.00132867 -0.00151223 0)
(0.00133802 0.00652735 0)
(-0.00450928 0.00961871 0)
(-0.00959727 0.00975655 0)
(-0.0133832 0.00829955 0)
(-0.0158895 0.00623522 0)
(-0.0172644 0.00409761 1.49573e-21)
(-0.0177831 0.00200608 -1.52733e-21)
(-0.0173316 -7.05619e-06 0)
(-0.016054 -0.00168632 -1.65308e-21)
(-0.0141885 -0.00283762 0)
(-0.0120504 -0.00329651 0)
(-0.0100507 -0.00303593 -0)
(-0.00855303 -0.00228033 2.5703e-21)
(-0.00761634 -0.0014231 0)
(-0.00693803 -0.000815904 0)
(-0.00612047 -0.000623477 -3.37823e-21)
(-0.00499282 -0.00100051 0)
(-0.00340839 -0.00238603 0)
(-0.000488423 -0.00505767 0)
(0.00436099 -0.00740373 3.03303e-21)
(0.00994599 -0.00889519 0)
(0.015847 -0.00985001 1.46913e-21)
(0.0218925 -0.010617 0)
(0.0280982 -0.011269 -0)
(0.0344087 -0.0115143 8.44697e-22)
(0.0405411 -0.0113546 0)
(0.0491491 -0.0116033 -7.54044e-22)
(0.0589393 -0.0117553 -0)
(0.0686335 -0.0115827 7.70707e-22)
(0.0780424 -0.0111689 0)
(0.0870153 -0.010584 0)
(0.0954597 -0.00989004 0)
(0.103317 -0.00913657 -0)
(0.110564 -0.00836066 0)
(0.117197 -0.00758952 -8.1116e-22)
(0.12323 -0.00684034 -0)
(0.128686 -0.00612261 1.63309e-21)
(0.133591 -0.00544042 0)
(0.137974 -0.00479413 -1.63497e-21)
(0.141859 -0.00418198 -0)
(0.145272 -0.00360139 -0)
(0.148232 -0.00304954 1.62106e-21)
(0.150758 -0.00252407 0)
(0.152864 -0.00202401 1.60084e-21)
(0.154562 -0.00155026 -1.58753e-21)
(0.155863 -0.0011063 -0)
(0.156782 -0.000698868 -1.55491e-21)
(0.157328 -0.000337781 -1.53588e-21)
(0.157514 -3.9751e-05 -0)
(0.157408 0.000194727 0)
(0.157077 0.000391516 0)
(0.156523 0.000568228 0)
(0.155761 0.000731063 -0)
(0.154801 0.000884256 1.37581e-21)
(0.153649 0.00102838 0)
(0.152312 0.00116399 -1.30703e-21)
(0.150799 0.00129164 -0)
(0.149117 0.00141123 -0)
(0.147272 0.00152285 1.19058e-21)
(0.145272 0.00162644 0)
(0.143126 0.00172187 -1.10488e-21)
(0.140843 0.00180923 -0)
(0.138429 0.00188856 0)
(0.135895 0.00195981 -0)
(0.13325 0.00202301 9.16857e-22)
(0.130501 0.00207834 0)
(0.127659 0.00212585 -0)
(0.124733 0.0021657 7.63812e-22)
(0.121732 0.00219815 0)
(0.118665 0.00222337 6.57281e-22)
(0.115542 0.00224153 0)
(0.11237 0.00225297 0)
(0.10916 0.00225795 0)
(0.105919 0.00225672 -4.36205e-22)
(0.102657 0.00224967 -0)
(0.0993802 0.00223706 0)
(0.0960976 0.00221919 -2.65601e-22)
(0.0928164 0.0021965 -2.0815e-22)
(0.0895435 0.00216923 -0)
(0.0862857 0.0021376 -9.26757e-23)
(0.0830497 0.00210204 -0)
(0.0798411 0.00206288 4.65679e-23)
(0.076666 0.00202056 -0)
(0.073529 0.00197568 2.78983e-22)
(0.0704351 0.00192874 0)
(0.0673884 0.00188039 -5.11674e-22)
(0.0643926 0.00183117 -0)
(0.0614508 0.00178178 0)
(0.0585661 0.00173368 -0)
(0.0557405 0.00168909 9.78427e-22)
(0.0529745 0.00165003 0)
(0.0502691 0.0016182 -1.21387e-21)
(0.047623 0.00159482 0)
(0.0457844 0.00160351 1.47563e-21)
(0.0442419 0.00162107 1.63414e-21)
(0.0427029 0.00162596 1.79906e-21)
(0.0411755 0.00161309 0)
(0.0396651 0.00158976 0)
(0.0381714 0.00156406 0)
(0.0366932 0.00153826 0)
(0.0352302 0.00151257 0)
(0.033783 0.00148695 0)
(0.0323521 0.00146146 0)
(0.030938 0.00143624 0)
(0.029541 0.00141142 -3.69187e-21)
(0.0281616 0.00138725 -3.96753e-21)
(0.0267998 0.00136382 0)
(0.0254559 0.0013408 0)
(0.0241305 0.00131674 0)
(0.0228247 0.00129187 -5.26751e-21)
(0.0215385 0.00126768 0)
(0.0202717 0.00124401 0)
(0.0190247 0.00122092 0)
(0.0177973 0.0011985 0)
(0.0165897 0.00117677 7.53622e-21)
(0.0154018 0.00115581 0)
(0.0142336 0.00113573 0)
(0.013085 0.00111661 -9.45515e-21)
(0.0119559 0.00109849 1.02327e-20)
(0.0108464 0.00108148 0)
(0.00975619 0.00106586 1.20692e-20)
(0.00868537 0.00105227 0)
(0.0076335 0.00104189 -1.44078e-20)
(0.00659991 0.001035 0)
(0.00558429 0.00103059 0)
(0.00458656 0.00102838 0)
(0.0036063 0.00102866 0)
(0.00264309 0.00103169 0)
(0.00169737 0.00103741 5.57153e-20)
(0.000770639 0.00104299 6.42272e-20)
(-0.000139146 0.00103026 0)
(-0.00103641 0.000987399 0)
(-0.0019182 0.000935004 0)
(-0.0027845 0.000885509 -5.2885e-20)
(-0.00363517 0.000840588 0)
(-0.00447005 0.000799841 0)
(-0.0052895 0.000762779 0)
(-0.00609412 0.000728908 -4.04139e-20)
(-0.00688446 0.000697762 3.83642e-20)
(-0.007661 0.000668968 0)
(-0.00842423 0.000642224 0)
(-0.0091746 0.00061728 3.3617e-20)
(-0.00991254 0.000593939 3.2377e-20)
(-0.0106385 0.000572033 0)
(-0.0113528 0.000551434 0)
(-0.0120561 0.000532023 -2.9352e-20)
(-0.0127485 0.000513705 2.85244e-20)
(-0.0134307 0.000496406 0)
(-0.014103 0.000480046 0)
(-0.0147658 0.000464565 2.64351e-20)
(-0.0154197 0.000449914 0)
(-0.016065 0.000436044 0)
(-0.0167022 0.000422911 2.47898e-20)
(-0.0173317 0.000410485 0)
(-0.0179541 0.000398723 2.38739e-20)
(-0.0185697 0.000387601 0)
(-0.019179 0.000377087 0)
(-0.0197826 0.000367149 0)
(-0.0203808 0.000357754 -2.23583e-20)
(-0.020974 0.000348873 0)
(-0.0215629 0.000340459 0)
(-0.0221475 0.000332463 0)
(-0.0227284 0.000324815 0)
(-0.0233056 0.000317453 0)
(-0.0238794 0.00031026 0)
(-0.0244495 0.000303062 -2.03854e-20)
(-0.0250155 0.000295681 -2.01551e-20)
(-0.0255766 0.00028784 0)
(-0.0261312 0.000279174 0)
(-0.0266774 0.000269141 0)
(-0.0272116 0.000257007 1.93604e-20)
(-0.0277289 0.000241533 0)
(-0.0282207 0.000221295 -3.81348e-20)
(-0.0286776 0.000192246 3.79286e-20)
(-0.0290705 0.000152608 3.78197e-20)
(-0.0294016 7.78781e-05 -3.78583e-20)
(-0.0294833 -3.93923e-05 3.80454e-20)
(-0.0295078 -0.000356555 -3.83978e-20)
(-0.0279732 -0.000616869 0)
(-0.0293457 -0.000516193 -2.43319e-18)
(-0.0327695 -0.00134236 -2.26978e-18)
(-0.0364128 -0.00203336 -3.00927e-36)
(-0.0395336 -0.00257602 -4.06091e-18)
(-0.0424834 -0.00301858 -7.75787e-18)
(-0.0455558 -0.00342166 -3.71962e-18)
(-0.0487786 -0.00381863 3.56817e-18)
(-0.0521158 -0.0042997 -4.81482e-35)
(-0.0555951 -0.00475876 -3.00927e-36)
(-0.0592927 -0.00507786 3.14891e-18)
(-0.0632318 -0.00540204 3.02896e-18)
(-0.067421 -0.00580442 6.01853e-36)
(-0.0719023 -0.00624783 0)
(-0.0767178 -0.00670964 0)
(-0.0819125 -0.00720577 -1.25496e-34)
(-0.0875346 -0.00774761 -1.00058e-34)
(-0.093654 -0.00834764 9.93058e-35)
(-0.100325 -0.0090107 -4.15798e-18)
(-0.107689 -0.00973117 -3.8122e-18)
(-0.116748 -0.0106238 6.01853e-36)
(-0.127565 -0.011627 6.1365e-18)
(-0.13842 -0.0127336 1.03489e-17)
(-0.153645 -0.0139267 -6.01853e-36)
(-0.162846 -0.0152936 -5.0979e-18)
(-0.19196 -0.0169813 -1.80556e-35)
)
;
    }
    frontAndBack
    {
        type            empty;
    }
}


// ************************************************************************* //
