/*--------------------------------*- C++ -*----------------------------------*\
  =========                 |
  \\      /  F ield         | OpenFOAM: The Open Source CFD Toolbox
   \\    /   O peration     | Website:  https://openfoam.org
    \\  /    A nd           | Version:  8
     \\/     M anipulation  |
\*---------------------------------------------------------------------------*/
FoamFile
{
    version     2.0;
    format      ascii;
    class       volVectorField;
    location    "500";
    object      wallShearStress;
}
// * * * * * * * * * * * * * * * * * * * * * * * * * * * * * * * * * * * * * //

dimensions      [0 2 -2 0 0 0 0];

internalField   uniform (0 0 0);

boundaryField
{
    inlet
    {
        type            calculated;
        value           uniform (0 0 0);
    }
    outlet
    {
        type            calculated;
        value           uniform (0 0 0);
    }
    upperWall
    {
        type            calculated;
        value           nonuniform List<vector> 
223
(
(-0.582193 -0.392359 0)
(-0.977814 -0.219377 0)
(-0.939335 -0.0567745 0)
(-0.81071 -0.00585769 0)
(-0.734594 0.00331377 0)
(-0.695452 0.00231549 0)
(-0.67094 0.000424654 0)
(-0.653501 -0.00144881 0)
(-0.640532 -0.00256293 0)
(-0.629821 -0.00218379 0)
(-0.620058 -0.0013047 0)
(-0.610988 -0.00107781 0)
(-0.603026 -0.00138476 0)
(-0.596184 -0.00127473 0)
(-0.590419 -0.00103603 0)
(-0.585058 -0.000304813 0)
(-0.580068 0.00167278 0)
(-0.575203 0.0021496 0)
(-0.570977 0.00270366 0)
(-0.567768 0.00340163 4.29449e-22)
(-0.564503 0.00394421 0)
(-0.56114 0.00357618 0)
(-0.558252 0.00139475 0)
(-0.556283 0.00118798 4.44773e-22)
(-0.553645 0.00284856 0)
(-0.550416 0.00350415 0)
(-0.547283 0.0034715 0)
(-0.544303 0.00328258 -9.32015e-22)
(-0.541362 0.00301764 9.42526e-22)
(-0.538567 0.0025052 9.52152e-22)
(-0.535915 0.00213375 0)
(-0.53325 0.00209209 -9.75778e-22)
(-0.530528 0.00188488 0)
(-0.527864 0.00168132 9.98796e-22)
(-0.525213 0.00152334 1.01055e-21)
(-0.522549 0.00140534 -1.02254e-21)
(-0.519867 0.00130944 0)
(-0.517173 0.00123085 0)
(-0.514464 0.00116925 0)
(-0.511734 0.00112237 0)
(-0.50898 0.00108696 -1.08753e-21)
(-0.506198 0.00106095 0)
(-0.503384 0.00104263 0)
(-0.500537 0.00103061 1.12915e-21)
(-0.497652 0.00102382 0)
(-0.494726 0.00102147 1.1563e-21)
(-0.491756 0.00102291 -1.16952e-21)
(-0.488737 0.00102744 1.18246e-21)
(-0.485667 0.00103427 0)
(-0.482543 0.001043 0)
(-0.479363 0.0010524 0)
(-0.47613 0.00106113 1.23042e-21)
(-0.472849 0.00106827 -1.24113e-21)
(-0.469533 0.00107412 0)
(-0.466195 0.00107969 0)
(-0.462851 0.00108535 0)
(-0.45951 0.00109048 0)
(-0.456179 0.00109362 0)
(-0.452859 0.00109411 0)
(-0.449544 0.0010921 0)
(-0.446227 0.0010883 0)
(-0.442897 0.0010835 1.29176e-21)
(-0.439545 0.00107897 -1.29154e-21)
(-0.436158 0.00107567 0)
(-0.432726 0.00107408 0)
(-0.429238 0.00107457 0)
(-0.425684 0.00107708 -1.27819e-21)
(-0.422057 0.00108155 0)
(-0.41835 0.00108762 0)
(-0.414558 0.00109497 0)
(-0.410675 0.00110325 0)
(-0.406698 0.00111193 0)
(-0.402627 0.00112058 -2.434e-21)
(-0.398459 0.00112863 0)
(-0.394196 0.00113547 0)
(-0.389841 0.00114064 0)
(-0.385399 0.00114387 0)
(-0.38088 0.00114519 0)
(-0.376295 0.00114435 0)
(-0.371656 0.00114104 0)
(-0.366975 0.00113511 2.0949e-21)
(-0.362262 0.00112635 0)
(-0.357525 0.00111485 0)
(-0.352769 0.00110097 0)
(-0.347996 0.00108513 -1.83923e-21)
(-0.343206 0.00106799 0)
(-0.338397 0.00105016 -1.68981e-21)
(-0.333566 0.00103226 0)
(-0.328707 0.00101518 0)
(-0.323813 0.000999707 0)
(-0.319011 0.000991969 -1.35068e-21)
(-0.31637 0.00100109 0)
(-0.313646 0.00101498 1.18022e-21)
(-0.310841 0.00102964 1.08954e-21)
(-0.307961 0.00104281 0)
(-0.305016 0.00105366 8.95876e-22)
(-0.302019 0.00106247 0)
(-0.298983 0.00106959 0)
(-0.295922 0.00107735 0)
(-0.292851 0.00108341 -4.54517e-22)
(-0.289781 0.001097 0)
(-0.286729 0.00109611 -2.05125e-22)
(-0.283697 0.00110538 7.32248e-23)
(-0.280719 0.00110703 0)
(-0.277774 0.00111198 0)
(-0.274908 0.0011165 0)
(-0.272091 0.00108824 0)
(-0.269366 0.00107391 0)
(-0.266675 0.00116212 0)
(-0.264192 0.00110548 0)
(-0.261609 0.00152805 1.14174e-21)
(-0.259557 0.00152643 0)
(-0.257364 0.00132757 0)
(-0.255385 0.00157617 0)
(-0.253601 0.00128099 0)
(-0.251646 0.00123684 0)
(-0.249907 0.00118937 0)
(-0.248024 0.00100144 0)
(-0.246133 0.000961906 0)
(-0.244301 0.000400158 0)
(-0.241947 -0.00029013 0)
(-0.239833 -0.000168424 0)
(-0.237616 0.000197011 0)
(-0.235442 0.000300823 7.23791e-21)
(-0.233777 0.00029921 0)
(-0.232039 0.000461016 0)
(-0.230631 0.000501887 0)
(-0.228853 0.000469859 -8.83747e-21)
(-0.227386 0.000477101 0)
(-0.22595 0.000470726 0)
(-0.224258 0.000596981 -1.00869e-20)
(-0.222675 0.000720571 0)
(-0.221515 0.000673 1.08753e-20)
(-0.220161 0.000559939 0)
(-0.218809 0.00097704 0)
(-0.21754 0.00129961 0)
(-0.216552 0.000808456 -1.25155e-20)
(-0.215493 0.00086154 0)
(-0.214431 0.000832808 1.33708e-20)
(-0.21308 0.000642458 0)
(-0.212218 0.000889897 0)
(-0.211435 0.000211039 0)
(-0.210052 -0.000382008 0)
(-0.208756 -0.000168005 0)
(-0.207975 0.000153051 0)
(-0.206952 0.0002619 0)
(-0.206004 0.000398196 0)
(-0.20504 0.000463395 0)
(-0.20439 0.00071582 0)
(-0.203809 0.00091769 0)
(-0.20353 0.000523469 1.83251e-20)
(-0.203046 0.000228379 -1.879e-20)
(-0.202089 0.000432521 0)
(-0.201665 0.000719294 0)
(-0.200996 0.000626372 0)
(-0.200565 -5.84312e-05 0)
(-0.199517 -0.000559282 -2.1039e-20)
(-0.198567 -0.000275407 2.14919e-20)
(-0.198175 -9.06815e-05 -2.17582e-20)
(-0.197791 4.55021e-05 0)
(-0.197009 0.000101275 -2.26447e-20)
(-0.196574 9.59062e-05 -4.59199e-20)
(-0.196266 0.000117583 0)
(-0.196049 0.000190366 -4.74495e-20)
(-0.195323 0.000234403 4.85225e-20)
(-0.194917 0.000228876 0)
(-0.19411 0.000309399 0)
(-0.193858 0.000338688 0)
(-0.193617 0.000394487 0)
(-0.193289 0.000713719 0)
(-0.192868 0.000727935 -5.33005e-20)
(-0.192775 0.000453189 0)
(-0.192109 0.000529722 -5.52022e-20)
(-0.192001 0.000140168 0)
(-0.19082 -0.000276524 0)
(-0.190106 -8.96107e-05 0)
(-0.189798 -8.00329e-06 0)
(-0.189544 9.28908e-05 0)
(-0.188679 0.0001755 6.09549e-20)
(-0.188091 0.000220891 0)
(-0.187139 0.000267009 0)
(-0.186699 0.000232229 -6.3894e-20)
(-0.186048 0.000304706 0)
(-0.185096 0.000414141 0)
(-0.184099 0.000554537 0)
(-0.182981 0.000803801 6.87852e-20)
(-0.182439 0.000753486 0)
(-0.18149 0.000679049 0)
(-0.179804 0.00067914 0)
(-0.178594 0.000508438 0)
(-0.176847 0.000549766 -7.64138e-20)
(-0.174413 0.000653355 0)
(-0.171205 0.000755558 0)
(-0.167106 0.000863251 0)
(-0.163093 0.000944108 8.74763e-20)
(-0.156229 0.00128561 0)
(-0.14887 0.00202992 0)
(-0.123448 0.00196534 -1.0855e-19)
(-0.141097 0.00674339 -6.01853e-36)
(-0.169384 0.0133398 1.25247e-17)
(-0.186751 0.0171411 2.35835e-17)
(-0.193246 0.0188838 2.27381e-17)
(-0.196869 0.0196987 2.19672e-17)
(-0.200832 0.0203134 2.11964e-17)
(-0.20538 0.0210065 -2.02522e-17)
(-0.209627 0.021521 -1.95281e-17)
(-0.21382 0.0218704 -6.01853e-36)
(-0.218059 0.0220155 -3.66624e-17)
(-0.220207 0.0221804 -1.80766e-17)
(-0.224687 0.0227212 7.64353e-34)
(-0.227522 0.022906 -1.20371e-35)
(-0.231068 0.0233662 -3.22763e-17)
(-0.235353 0.0239378 -3.06831e-17)
(-0.242349 0.0247808 -2.84636e-17)
(-0.249526 0.0254459 -2.40741e-35)
(-0.256867 0.0260685 4.94016e-17)
(-0.263917 0.0266482 2.26447e-17)
(-0.272755 0.027447 2.40741e-35)
(-0.282657 0.0283575 -3.48607e-17)
(-0.291217 0.0289995 -1.5804e-20)
(-0.300886 0.0295777 0)
(-0.304437 0.0304172 1.34809e-17)
(-0.33256 0.0321494 -7.62936e-18)
)
;
    }
    lowerWall
    {
        type            calculated;
        value           nonuniform List<vector> 
250
(
(-0.653909 0.466638 0)
(-1.14095 0.204678 0)
(-1.03492 0.0379587 0)
(-0.869573 -0.000935907 0)
(-0.786941 -0.00419153 0)
(-0.746064 -0.0016077 0)
(-0.719879 0.000416416 0)
(-0.700648 -0.000651529 0)
(-0.685092 -0.00405578 0)
(-0.671321 -0.00471208 0)
(-0.658937 -0.00298804 0)
(-0.647726 -0.000863986 0)
(-0.637525 0.00142662 0)
(-0.628201 0.00210481 0)
(-0.619338 0.00136897 0)
(-0.611545 0.00136044 0)
(-0.604625 0.0016979 0)
(-0.6051 0.00195981 0)
(-0.00423662 -0.0228265 0)
(-0.00276139 -0.0176293 0)
(-0.000681482 -0.0144702 0)
(0.00194035 -0.0137768 9.03349e-20)
(0.00526083 -0.01519 -7.87043e-20)
(0.00894694 -0.0208143 6.29163e-20)
(0.0127136 -0.0200231 -4.85188e-20)
(0.0256607 -0.0632832 0)
(-0.0839665 -0.144691 0)
(0.000870311 -0.00383883 0)
(-0.00766517 0.00955064 0)
(-0.00851414 0.0328221 0)
(-0.00254712 0.0448516 0)
(0.00295515 0.0442542 1.82221e-20)
(0.00618435 0.0360538 -1.89666e-20)
(0.00818896 0.0241498 0)
(0.0094622 0.0101483 -5.4244e-20)
(0.0094322 -0.00405495 6.11394e-20)
(0.00793284 -0.017435 0)
(0.00614049 -0.0292068 0)
(0.00438087 -0.0385727 0)
(0.00268619 -0.0451481 0)
(0.000984752 -0.0488851 0)
(-0.000888171 -0.0495175 0)
(-0.00282088 -0.0463975 0)
(-0.0044005 -0.0399072 0)
(-0.00491348 -0.0307421 0)
(0.00132852 -0.00151065 0)
(0.00133703 0.00652719 0)
(-0.00450978 0.00961797 0)
(-0.00959723 0.00975539 0)
(-0.0133825 0.00829823 0)
(-0.0158881 0.00623393 0)
(-0.0172625 0.00409646 1.49579e-21)
(-0.0177807 0.00200513 -1.52742e-21)
(-0.0173288 -7.78962e-06 0)
(-0.0160508 -0.00168665 -1.6532e-21)
(-0.0141853 -0.00283743 0)
(-0.0120475 -0.00329576 0)
(-0.0100483 -0.00303479 -0)
(-0.0085514 -0.0022792 2.57049e-21)
(-0.00761502 -0.00142236 0)
(-0.00693641 -0.000815669 0)
(-0.00611825 -0.00062382 -3.379e-21)
(-0.00499007 -0.00100189 0)
(-0.00340452 -0.00239003 0)
(-0.000480718 -0.00506316 0)
(0.00437147 -0.00740742 3.02978e-21)
(0.00995719 -0.00889753 0)
(0.0158585 -0.0098515 1.46826e-21)
(0.021904 -0.0106186 0)
(0.02811 -0.0112698 -0)
(0.0344202 -0.0115142 8.44473e-22)
(0.0405519 -0.011354 0)
(0.0491665 -0.0116036 -7.54013e-22)
(0.058956 -0.0117549 -0)
(0.0686494 -0.0115818 7.7068e-22)
(0.0780571 -0.0111675 0)
(0.0870285 -0.0105824 0)
(0.0954712 -0.0098882 0)
(0.103327 -0.00913459 -0)
(0.110572 -0.0083587 0)
(0.117203 -0.00758754 -8.11118e-22)
(0.123235 -0.00683844 -0)
(0.128689 -0.00612071 1.633e-21)
(0.133593 -0.00543846 0)
(0.137973 -0.00479224 -1.63485e-21)
(0.141857 -0.00418019 -0)
(0.145268 -0.00359959 -0)
(0.148227 -0.00304776 1.62093e-21)
(0.150752 -0.0025223 0)
(0.152856 -0.00202234 1.60069e-21)
(0.154552 -0.00154864 -1.58737e-21)
(0.155852 -0.00110461 -0)
(0.156769 -0.000697288 -1.55474e-21)
(0.157314 -0.000336527 -1.5357e-21)
(0.157498 -3.87691e-05 -0)
(0.157392 0.00019564 0)
(0.157059 0.000392322 0)
(0.156504 0.000568931 0)
(0.155742 0.000731787 -0)
(0.154781 0.000884885 1.37558e-21)
(0.153628 0.00102898 0)
(0.152291 0.00116463 -1.30678e-21)
(0.150777 0.00129219 -0)
(0.149093 0.00141175 -0)
(0.147248 0.00152334 1.19031e-21)
(0.145248 0.0016269 0)
(0.143101 0.0017223 -1.1046e-21)
(0.140817 0.00180963 -0)
(0.138403 0.00188888 0)
(0.135869 0.00196005 -0)
(0.133223 0.00202328 9.16556e-22)
(0.130475 0.00207859 0)
(0.127632 0.00212608 -0)
(0.124706 0.00216592 7.63503e-22)
(0.121705 0.00219836 0)
(0.118638 0.00222351 6.56968e-22)
(0.115515 0.00224166 0)
(0.112343 0.00225308 0)
(0.109133 0.00225798 0)
(0.105893 0.0022567 -4.3589e-22)
(0.102631 0.00224958 -0)
(0.0993543 0.00223688 0)
(0.0960721 0.0022189 -2.65294e-22)
(0.0927913 0.00219603 -2.07846e-22)
(0.0895191 0.0021686 -0)
(0.086262 0.00213695 -9.23828e-23)
(0.0830266 0.0021014 -0)
(0.0798187 0.00206234 4.71332e-23)
(0.0766441 0.00202017 -0)
(0.0735078 0.00197533 2.79532e-22)
(0.0704146 0.00192831 0)
(0.0673686 0.00187978 -5.12193e-22)
(0.0643736 0.00183042 -0)
(0.0614328 0.0017812 0)
(0.0585488 0.00173347 -0)
(0.0557236 0.0016889 9.78918e-22)
(0.0529584 0.00164965 0)
(0.0502538 0.00161787 -1.21434e-21)
(0.0476084 0.00159465 0)
(0.0457757 0.00160348 1.47626e-21)
(0.0442336 0.00162097 1.63478e-21)
(0.0426947 0.00162582 1.79971e-21)
(0.0411676 0.00161283 0)
(0.0396575 0.00158945 0)
(0.0381642 0.00156377 0)
(0.0366862 0.00153796 0)
(0.0352236 0.00151225 0)
(0.0337767 0.00148665 0)
(0.0323461 0.00146116 0)
(0.0309323 0.00143594 0)
(0.0295355 0.00141112 -3.69262e-21)
(0.0281565 0.00138693 -3.96828e-21)
(0.026795 0.00136349 0)
(0.0254515 0.00134051 0)
(0.0241263 0.00131645 0)
(0.0228209 0.00129154 -5.26827e-21)
(0.021535 0.00126736 0)
(0.0202686 0.00124371 0)
(0.0190218 0.00122065 0)
(0.0177948 0.00119822 0)
(0.0165874 0.00117649 7.53689e-21)
(0.0153998 0.00115554 0)
(0.0142319 0.00113546 0)
(0.0130836 0.00111635 -9.45565e-21)
(0.0119548 0.00109823 1.02331e-20)
(0.0108455 0.00108122 0)
(0.00975563 0.00106561 1.20693e-20)
(0.00868506 0.00105202 0)
(0.00763346 0.00104163 -1.44074e-20)
(0.00660012 0.00103474 0)
(0.00558475 0.00103032 0)
(0.00458728 0.0010281 0)
(0.00360726 0.00102838 0)
(0.00264428 0.0010314 0)
(0.00169879 0.0010371 5.57027e-20)
(0.000772273 0.00104268 6.42089e-20)
(-0.000137289 0.00103002 0)
(-0.00103433 0.000987251 0)
(-0.0019159 0.000934873 0)
(-0.00278194 0.00088538 -5.29009e-20)
(-0.00363239 0.000840468 0)
(-0.00446705 0.000799724 0)
(-0.0052863 0.000762664 0)
(-0.00609069 0.000728788 -4.04256e-20)
(-0.00688081 0.000697646 3.83751e-20)
(-0.00765712 0.000668855 0)
(-0.00842013 0.000642111 0)
(-0.00917028 0.000617169 3.36265e-20)
(-0.00990802 0.000593826 3.23861e-20)
(-0.0106337 0.000571924 0)
(-0.0113479 0.000551322 0)
(-0.0120509 0.000531908 -2.93602e-20)
(-0.0127432 0.000513589 2.85322e-20)
(-0.0134252 0.00049628 0)
(-0.0140974 0.000479915 0)
(-0.0147601 0.000464429 2.64421e-20)
(-0.0154137 0.000449776 0)
(-0.0160589 0.000435904 0)
(-0.0166959 0.000422773 2.47965e-20)
(-0.0173252 0.000410346 0)
(-0.0179474 0.000398591 2.38802e-20)
(-0.0185628 0.000387474 0)
(-0.019172 0.00037696 0)
(-0.0197754 0.000367027 0)
(-0.0203735 0.000357644 -2.2364e-20)
(-0.0209667 0.00034876 0)
(-0.0215553 0.000340336 0)
(-0.0221397 0.000332362 0)
(-0.0227206 0.000324737 0)
(-0.0232977 0.000317361 0)
(-0.0238714 0.000310155 0)
(-0.0244412 0.000302979 -2.03902e-20)
(-0.0250072 0.000295604 -2.01598e-20)
(-0.025568 0.000287769 0)
(-0.0261227 0.000279125 0)
(-0.0266688 0.000269097 0)
(-0.027203 0.000256953 1.93647e-20)
(-0.0277201 0.000241485 0)
(-0.0282119 0.00022127 -3.8143e-20)
(-0.0286688 0.000192229 3.79366e-20)
(-0.0290617 0.000152617 3.78275e-20)
(-0.0293929 7.79079e-05 -3.78659e-20)
(-0.0294746 -3.93249e-05 3.8053e-20)
(-0.0294993 -0.000356368 -3.84052e-20)
(-0.0279653 -0.000616632 0)
(-0.0293377 -0.000515929 -2.4336e-18)
(-0.0327607 -0.00134182 -2.27015e-18)
(-0.0364038 -0.00203264 0)
(-0.0395241 -0.00257522 -4.06151e-18)
(-0.0424739 -0.00301765 -7.75899e-18)
(-0.045546 -0.00342072 -3.7201e-18)
(-0.0487701 -0.003817 3.56877e-18)
(-0.0521001 -0.00430501 -3.00927e-35)
(-0.0555898 -0.00472179 6.01853e-36)
(-0.0592978 -0.00503149 3.15166e-18)
(-0.0632267 -0.00543584 3.03011e-18)
(-0.0674253 -0.0058558 3.00927e-36)
(-0.0719148 -0.00626456 0)
(-0.0767325 -0.00671065 0)
(-0.0819242 -0.00720147 -1.34712e-34)
(-0.0875417 -0.00774171 1.29916e-34)
(-0.0936569 -0.00834177 1.20371e-35)
(-0.100325 -0.00900526 -4.15844e-18)
(-0.107686 -0.00972625 -3.81264e-18)
(-0.116739 -0.0106191 1.20371e-35)
(-0.127554 -0.0116228 6.13697e-18)
(-0.138408 -0.0127299 1.03496e-17)
(-0.153631 -0.0139234 6.01853e-36)
(-0.162831 -0.0152906 -5.09828e-18)
(-0.191947 -0.0169785 6.01853e-36)
)
;
    }
    frontAndBack
    {
        type            empty;
    }
}


// ************************************************************************* //
