/*--------------------------------*- C++ -*----------------------------------*\
  =========                 |
  \\      /  F ield         | OpenFOAM: The Open Source CFD Toolbox
   \\    /   O peration     | Website:  https://openfoam.org
    \\  /    A nd           | Version:  8
     \\/     M anipulation  |
\*---------------------------------------------------------------------------*/
FoamFile
{
    version     2.0;
    format      ascii;
    class       volVectorField;
    location    "800";
    object      wallShearStress;
}
// * * * * * * * * * * * * * * * * * * * * * * * * * * * * * * * * * * * * * //

dimensions      [0 2 -2 0 0 0 0];

internalField   uniform (0 0 0);

boundaryField
{
    inlet
    {
        type            calculated;
        value           uniform (0 0 0);
    }
    outlet
    {
        type            calculated;
        value           uniform (0 0 0);
    }
    upperWall
    {
        type            calculated;
        value           nonuniform List<vector> 
223
(
(-0.444056 0.00268287 0)
(-0.43406 0.00480719 0)
(-0.465852 0.00631109 0)
(-0.484597 0.00723886 0)
(-0.487101 0.00752245 0)
(-0.48222 0.00738023 0)
(-0.471512 0.00694753 0)
(-0.460011 0.00641037 0)
(-0.448342 0.0058255 0)
(-0.436383 0.00522657 0)
(-0.425171 0.00465436 0)
(-0.414859 0.0041229 0)
(-0.405502 0.00363789 0)
(-0.397083 0.00319972 0)
(-0.389546 0.00280794 0)
(-0.38283 0.00246526 0)
(-0.376806 0.00217433 0)
(-0.371448 0.00198602 0)
(-0.367179 0.00187309 0)
(-0.363814 0.00179652 6.07221e-22)
(-0.360539 0.00170118 0)
(-0.357359 0.00159776 0)
(-0.354272 0.00149092 0)
(-0.351281 0.00138392 6.17728e-22)
(-0.348393 0.00127756 0)
(-0.345609 0.00117431 0)
(-0.342931 0.00107421 0)
(-0.340358 0.000978485 -1.25349e-21)
(-0.337891 0.000886497 1.25772e-21)
(-0.335527 0.000799389 1.26185e-21)
(-0.333268 0.000716438 0)
(-0.331109 0.000638321 -1.26988e-21)
(-0.329052 0.000564348 0)
(-0.327092 0.000495195 1.27767e-21)
(-0.325228 0.000430427 1.2815e-21)
(-0.323454 0.000370014 -1.28528e-21)
(-0.321773 0.000313792 0)
(-0.320175 0.000261677 0)
(-0.318665 0.000213716 0)
(-0.317231 0.000169756 0)
(-0.315879 0.000129637 -1.30381e-21)
(-0.314596 9.33097e-05 0)
(-0.313388 6.06797e-05 0)
(-0.31224 3.14808e-05 1.31484e-21)
(-0.311163 5.7241e-06 0)
(-0.310136 -1.67348e-05 1.32227e-21)
(-0.309173 -3.60726e-05 -1.32602e-21)
(-0.308253 -5.219e-05 1.32978e-21)
(-0.307391 -6.53071e-05 0)
(-0.306561 -7.54193e-05 0)
(-0.305784 -8.2675e-05 0)
(-0.305026 -8.72013e-05 1.34524e-21)
(-0.30432 -8.94247e-05 -1.34926e-21)
(-0.303619 -8.93218e-05 0)
(-0.302971 -8.72861e-05 0)
(-0.302312 -8.32258e-05 0)
(-0.301705 -7.76084e-05 0)
(-0.301085 -7.02855e-05 0)
(-0.300496 -6.16138e-05 0)
(-0.299907 -5.22709e-05 0)
(-0.299333 -4.22551e-05 0)
(-0.298736 -2.64882e-05 1.38768e-21)
(-0.298222 -1.5274e-05 -1.3926e-21)
(-0.29752 -1.47384e-05 0)
(-0.297151 -9.13358e-06 0)
(-0.296702 7.67416e-06 0)
(-0.296599 8.28202e-06 -1.41355e-21)
(-0.296496 -2.65559e-05 0)
(-0.311835 -5.51185e-05 0)
(-0.356191 -2.35586e-05 0)
(-0.339229 3.69271e-06 0)
(-0.329001 -1.18056e-05 0)
(-0.366299 0.000136552 -3.55675e-21)
(-0.342451 0.000930144 0)
(-0.341974 0.00144278 0)
(-0.322627 0.000994045 0)
(-0.327716 0.00064188 0)
(-0.320363 0.000469945 0)
(-0.309027 0.000383414 0)
(-0.309898 0.000259541 0)
(-0.304619 9.47005e-05 3.13472e-21)
(-0.304695 -8.94369e-05 0)
(-0.293973 -0.000257423 0)
(-0.312159 -0.000268153 0)
(-0.355407 -4.13672e-05 -3.77589e-21)
(-0.327516 8.8387e-05 0)
(-0.30604 6.90997e-05 -3.28591e-21)
(-0.293502 6.81464e-05 0)
(-0.334634 -1.30838e-05 0)
(-0.356483 1.54046e-06 0)
(-0.370811 0.000125217 -4.04171e-21)
(-0.345474 0.000164742 0)
(-0.368107 0.000535527 4.03104e-21)
(-0.340424 0.000638908 3.71548e-21)
(-0.319934 0.00053419 0)
(-0.302096 0.000433409 3.31745e-21)
(-0.291575 0.000153323 0)
(-0.336477 0.000384022 0)
(-0.318918 0.00124071 0)
(-0.297491 0.00124613 -3.23937e-21)
(-0.302831 0.000746734 0)
(-0.289644 0.000962733 -3.18426e-21)
(-0.289005 0.000875839 3.16628e-21)
(-0.291987 0.00025523 0)
(-0.291718 -4.0435e-05 0)
(-0.288124 8.28112e-05 0)
(-0.287708 0.000742843 0)
(-0.286927 0.000792471 0)
(-0.287668 0.000227405 0)
(-0.286044 -0.000131695 0)
(-0.326855 0.000123044 -3.69758e-21)
(-0.302144 0.000345527 0)
(-0.284558 -7.13404e-05 0)
(-0.322192 0.000602087 0)
(-0.297301 0.000835052 0)
(-0.291578 0.000313661 0)
(-0.281904 0.000276647 0)
(-0.300221 0.000182704 0)
(-0.304179 0.000230628 0)
(-0.327733 0.000455504 0)
(-0.337948 0.000233734 0)
(-0.334634 0.000453671 0)
(-0.303701 0.00151243 0)
(-0.275547 0.00159541 -5.88159e-21)
(-0.274435 0.000838363 0)
(-0.273636 0.000182377 0)
(-0.304385 0.000252304 0)
(-0.319469 0.000281745 6.6898e-21)
(-0.300849 9.12854e-05 0)
(-0.305818 0.00037069 0)
(-0.304297 0.000305802 6.17758e-21)
(-0.295815 0.000677002 0)
(-0.270383 0.00110509 -5.22313e-21)
(-0.263522 0.00108592 0)
(-0.262315 0.000790482 0)
(-0.274151 0.000948809 0)
(-0.260089 0.000876386 4.44835e-21)
(-0.279774 0.00094026 0)
(-0.257635 0.000822711 -4.09274e-21)
(-0.277607 0.000837707 0)
(-0.254925 0.000754274 0)
(-0.271913 0.000718686 0)
(-0.251822 0.00115614 0)
(-0.250194 0.000580739 0)
(-0.252737 0.000578108 0)
(-0.247029 0.000585096 0)
(-0.248419 0.000577847 0)
(-0.243622 0.00164896 0)
(-0.241856 0.00196364 0)
(-0.240165 0.00106105 0)
(-0.238273 0.000309734 -1.49511e-21)
(-0.242103 0.000263456 1.25742e-21)
(-0.249491 0.000297633 0)
(-0.247851 0.000227426 0)
(-0.240073 0.000253992 0)
(-0.235146 0.000253577 0)
(-0.223757 0.00114955 -2.83893e-22)
(-0.220386 0.000990458 6.19526e-22)
(-0.21841 -0.000196573 -1.04669e-21)
(-0.215651 0.00112395 0)
(-0.231103 0.00231412 -1.88956e-21)
(-0.213633 0.00178841 -4.28848e-21)
(-0.212684 0.00192712 0)
(-0.211942 0.00197784 -5.8403e-21)
(-0.210648 0.00150859 6.71221e-21)
(-0.208889 0.00107438 0)
(-0.206995 0.00039316 0)
(-0.204221 0.000585258 0)
(-0.202815 0.00106332 0)
(-0.201032 0.000476284 0)
(-0.206532 0.000555869 -1.34208e-20)
(-0.20886 0.000699882 0)
(-0.202155 -1.65021e-05 -1.59887e-20)
(-0.1901 0.000412879 0)
(-0.192608 0.00117973 0)
(-0.189087 0.000166735 0)
(-0.18154 -0.000737962 0)
(-0.17562 -0.0010658 0)
(-0.169103 -0.000570417 2.54937e-20)
(-0.167274 0.00134178 0)
(-0.170192 0.00206984 0)
(-0.171482 0.00144169 -2.66236e-20)
(-0.17033 0.000804648 0)
(-0.167393 0.000389937 0)
(-0.162956 0.000156322 0)
(-0.157196 0.000139264 3.58768e-20)
(-0.149918 0.000301369 0)
(-0.140941 0.000622965 0)
(-0.130314 0.0010425 0)
(-0.118339 0.0014388 0)
(-0.106306 0.00163781 -6.40028e-20)
(-0.0948656 0.0015957 0)
(-0.085129 0.00135537 0)
(-0.0765473 0.00111321 0)
(-0.0697443 0.000978303 9.99372e-20)
(-0.0613346 0.00103295 0)
(-0.0577356 0.00152 0)
(-0.0307307 0.00135395 -1.43429e-19)
(-0.0622148 0.000192736 0)
(-0.0945513 0.00531195 1.21558e-17)
(-0.116804 0.00953403 2.18707e-17)
(-0.128616 0.0119852 2.0605e-17)
(-0.135673 0.0132991 1.98228e-17)
(-0.141039 0.0141217 1.91898e-17)
(-0.145318 0.0147007 -1.86531e-17)
(-0.148516 0.0151338 -1.81599e-17)
(-0.151059 0.0154435 0)
(-0.153395 0.0156891 -3.45947e-17)
(-0.155808 0.0159218 -1.68646e-17)
(-0.158311 0.0161562 9.81021e-34)
(-0.160993 0.0163989 -1.20371e-35)
(-0.164128 0.0166627 -3.08548e-17)
(-0.16772 0.0169748 -2.9645e-17)
(-0.17203 0.0173393 -2.8276e-17)
(-0.176927 0.0177757 -2.40741e-35)
(-0.182678 0.0182764 4.97806e-17)
(-0.189152 0.0188632 2.28014e-17)
(-0.196503 0.0195179 1.20371e-35)
(-0.205079 0.020298 -3.54738e-17)
(-0.21361 0.0210862 -1.22546e-20)
(-0.226778 0.0222322 -3.00927e-36)
(-0.231576 0.0229726 1.33784e-17)
(-0.256315 0.0245214 -6.95412e-18)
)
;
    }
    lowerWall
    {
        type            calculated;
        value           nonuniform List<vector> 
250
(
(-0.622949 -0.00599654 0)
(-0.593837 -0.00986803 0)
(-0.630037 -0.0115303 0)
(-0.694642 -0.0122423 0)
(-0.683915 -0.0118007 0)
(-0.581714 -0.00897264 0)
(-0.504291 -0.00616039 0)
(-0.53569 -0.00566021 0)
(-0.570277 -0.00473606 0)
(-0.545628 -0.00459611 0)
(-0.479713 -0.00402446 0)
(-0.435891 -0.00212442 0)
(-0.474964 -0.00147506 0)
(-0.509966 -0.00140848 0)
(-0.524058 -0.000416652 0)
(-0.482008 0.000689062 0)
(-0.491312 0.000270401 0)
(-0.446399 -3.16238e-05 0)
(0.0020713 0.000196502 0)
(0.0023147 -0.00264565 0)
(0.00257368 -0.00560177 0)
(0.00287146 -0.00872436 1.16976e-19)
(0.00310752 -0.0117391 -9.90852e-20)
(0.00322945 -0.0152427 8.83562e-20)
(0.0030781 -0.0151216 -7.20683e-20)
(0.00856465 -0.0334935 0)
(-0.0508952 -0.119692 0)
(0.000218594 -0.000272102 0)
(5.55142e-05 -0.000780583 0)
(-9.78123e-06 -0.000864175 0)
(5.48979e-05 -0.000861663 0)
(3.49744e-05 -0.000834612 1.53182e-19)
(-0.00013545 -0.000284083 -1.49623e-19)
(-0.000558969 0.00111507 0)
(-0.00114449 0.0037452 -1.73449e-19)
(-0.00152368 0.00711829 1.32804e-19)
(-0.00148101 0.0103213 0)
(-0.00110287 0.012698 0)
(-0.000582443 0.0139586 0)
(-8.06813e-05 0.0140712 0)
(0.000316938 0.0132199 0)
(0.000646595 0.0116865 0)
(0.000968654 0.00951613 0)
(0.00132199 0.00674557 0)
(0.00172243 0.00341754 0)
(-0.000141847 -0.000274057 0)
(0.000166383 -0.000442405 0)
(0.000472082 -0.000495348 0)
(0.000790504 -0.000428729 0)
(0.00104559 -0.000199996 -0)
(0.00109589 0.000181652 -0)
(0.000855582 0.000640309 1.43436e-20)
(0.000352745 0.00107203 -1.64306e-20)
(-0.000346844 0.00138732 0)
(-0.00114962 0.00154662 -9.51476e-21)
(-0.00197923 0.00156262 0)
(-0.00277123 0.00146403 0)
(-0.00348031 0.00128661 0)
(-0.00408118 0.00106074 4.65717e-21)
(-0.00456222 0.00080715 0)
(-0.00491887 0.000537625 0)
(-0.00514857 0.00026049 -4.03576e-21)
(-0.00525545 -3.00834e-05 -0)
(-0.00521473 -0.000331236 0)
(-0.00502495 -0.000621623 -0)
(-0.00469504 -0.000881107 4.34875e-21)
(-0.00423691 -0.00108928 -0)
(-0.00366878 -0.00122488 5.16161e-21)
(-0.00301827 -0.00126822 0)
(-0.0023237 -0.00120477 -0)
(-0.00163501 -0.0010315 8.44829e-21)
(-0.00101097 -0.000765689 0)
(-0.00050992 -0.000455123 -1.41502e-20)
(-0.000162963 -0.000176853 0)
(5.33241e-05 5.82841e-06 2.36238e-20)
(0.000193199 0.000108125 0)
(0.000276323 0.00019305 0)
(0.000274193 0.00029949 0)
(0.000170327 0.000449231 0)
(-7.06771e-05 0.000652799 0)
(-0.000477316 0.000867772 -1.54285e-20)
(-0.00103136 0.00101412 0)
(-0.00164383 0.00101693 1.80102e-20)
(-0.00219575 0.000865412 0)
(-0.00259112 0.00060723 -1.42156e-20)
(-0.00278754 0.000322851 0)
(-0.00280418 8.71853e-05 0)
(-0.00269629 -4.59096e-05 1.40818e-20)
(-0.0025454 -5.20009e-05 0)
(-0.00242704 6.58777e-05 1.47895e-20)
(-0.00235794 0.000256776 -1.49514e-20)
(-0.00229098 0.00040526 0)
(-0.0021139 0.000288073 -1.60581e-20)
(-0.00158681 -0.000284288 -1.84259e-20)
(-0.000441584 -0.00101529 0)
(0.00121837 -0.00162695 0)
(0.00303072 -0.00226777 0)
(0.00512041 -0.00291502 0)
(0.00744981 -0.00338609 -0)
(0.00991731 -0.00364432 3.69617e-21)
(0.0124023 -0.00369892 0)
(0.0148401 -0.0036483 -2.88198e-21)
(0.0171953 -0.00355152 -0)
(0.0194395 -0.00337824 -0)
(0.0215504 -0.00319552 2.18807e-21)
(0.024303 -0.0030628 0)
(0.0265207 -0.00284306 -2.04122e-21)
(0.0291109 -0.00261307 -0)
(0.0293998 -0.00224917 0)
(0.0319961 -0.00215305 -0)
(0.0338941 -0.00198697 1.83036e-21)
(0.0358299 -0.00185702 0)
(0.0376376 -0.00173695 -0)
(0.0394133 -0.00163136 1.78146e-21)
(0.041093 -0.00153693 0)
(0.0427414 -0.00145339 1.75863e-21)
(0.0443206 -0.00137835 0)
(0.0458668 -0.0013109 0)
(0.0473616 -0.00124942 0)
(0.0488239 -0.00119292 -1.72482e-21)
(0.0502446 -0.00114044 -0)
(0.0516339 -0.00109124 0)
(0.0529868 -0.00104469 -1.70328e-21)
(0.0543092 -0.00100019 -1.6962e-21)
(0.0555976 -0.000957421 -0)
(0.0568554 -0.000916005 -1.68172e-21)
(0.0580803 -0.000875727 0)
(0.0592743 -0.000836269 -3.33302e-21)
(0.0604354 -0.000797505 -0)
(0.0615646 -0.000759198 -3.30057e-21)
(0.0626605 -0.000721174 -0)
(0.0637227 -0.000683304 3.26562e-21)
(0.0647508 -0.000645243 0)
(0.0657429 -0.000606894 0)
(0.0666987 -0.000568188 0)
(0.0676171 -0.000528609 -3.18612e-21)
(0.0684964 -0.000487981 -0)
(0.0693346 -0.000445914 3.14067e-21)
(0.0701297 -0.000402288 0)
(0.0708797 -0.000356641 -3.09107e-21)
(0.0715816 -0.000308642 -3.06464e-21)
(0.0722324 -0.000258425 -3.03715e-21)
(0.0728301 -0.000206117 -0)
(0.0733718 -0.000152911 0)
(0.0738569 -0.00010076 0)
(0.0742856 -5.29784e-05 0)
(0.0746641 -1.25502e-05 0)
(0.0749951 2.32278e-05 0)
(0.0752812 5.8732e-05 0)
(0.0755205 9.37081e-05 0)
(0.0757136 0.00012882 2.73072e-21)
(0.0758589 0.000163699 2.68756e-21)
(0.075957 0.000198608 0)
(0.0760064 0.000233259 0)
(0.0760076 0.000267731 0)
(0.0759599 0.000301853 2.49246e-21)
(0.0758633 0.000335696 0)
(0.0757176 0.00036902 0)
(0.0755229 0.000401878 0)
(0.0752794 0.000434061 0)
(0.0749876 0.000465637 -2.19317e-21)
(0.0746474 0.000496515 0)
(0.0742595 0.000526582 0)
(0.0738245 0.000555867 1.9818e-21)
(0.0733429 0.000584236 -1.90591e-21)
(0.0728155 0.000611826 0)
(0.0722425 0.00063835 -1.74594e-21)
(0.0716257 0.000664043 0)
(0.0709646 0.0006887 1.57509e-21)
(0.0702612 0.000712459 0)
(0.0695156 0.000735155 0)
(0.0687296 0.000757054 0)
(0.0679033 0.000778011 0)
(0.0670413 0.000798127 0)
(0.0661445 0.000816987 -1.99725e-21)
(0.0652035 0.000834616 -1.78653e-21)
(0.0642401 0.000851728 0)
(0.0632258 0.000867741 0)
(0.0621923 0.000882246 0)
(0.0611222 0.000894245 8.90687e-22)
(0.060027 0.000901261 0)
(0.0589071 0.000900213 0)
(0.0577636 0.000890166 0)
(0.0565893 0.00088995 -9.45977e-23)
(0.0553849 0.000902552 3.56789e-22)
(0.0541511 0.000912868 0)
(0.0528925 0.000922287 0)
(0.05161 0.0009308 1.18694e-21)
(0.0503059 0.000938753 1.47972e-21)
(0.048981 0.000946142 0)
(0.0476367 0.000953366 0)
(0.0462736 0.00096023 -2.41558e-21)
(0.044894 0.000967097 2.74942e-21)
(0.0434982 0.000973992 0)
(0.0420869 0.000981057 0)
(0.0406603 0.000988199 3.82815e-21)
(0.0392193 0.000995251 0)
(0.0377638 0.00100196 0)
(0.0362971 0.00100858 5.04184e-21)
(0.0348176 0.00101494 0)
(0.033329 0.00102119 5.94136e-21)
(0.0318307 0.00102742 0)
(0.0303245 0.00103362 0)
(0.0288109 0.00104001 0)
(0.0272905 0.00104651 -8.01292e-21)
(0.025764 0.00105325 0)
(0.0242316 0.00106021 0)
(0.0226938 0.00106742 0)
(0.0211509 0.00107481 0)
(0.0196036 0.00108241 0)
(0.0180524 0.00109024 0)
(0.0164979 0.00109842 -1.29476e-20)
(0.0149403 0.00110703 -1.38548e-20)
(0.0133801 0.00111619 0)
(0.0118175 0.00112587 0)
(0.0102526 0.00113607 0)
(0.00868596 0.00114647 1.82863e-20)
(0.00711872 0.0011565 0)
(0.00555314 0.00116597 -4.23327e-20)
(0.00399289 0.00117276 4.56717e-20)
(0.0024459 0.00117199 4.93834e-20)
(0.000920323 0.00115201 -5.35165e-20)
(-0.000505239 0.00109979 5.47671e-20)
(-0.00208427 0.000935572 -5.28268e-20)
(-0.00248913 0.000556673 0)
(-0.00448831 0.00117693 -3.13496e-18)
(-0.00756998 0.000951819 -2.83325e-18)
(-0.0106266 0.000611644 -3.00927e-36)
(-0.0137917 0.000291157 -4.80397e-18)
(-0.0171654 -4.68016e-05 -8.92474e-18)
(-0.020748 -0.000404383 -4.16115e-18)
(-0.0245493 -0.000781935 3.89129e-18)
(-0.0285931 -0.00118307 -4.81482e-35)
(-0.0329001 -0.00161049 3.00927e-36)
(-0.0374885 -0.00206757 3.21648e-18)
(-0.0423763 -0.00256042 3.02359e-18)
(-0.0475836 -0.00304526 0)
(-0.0531135 -0.00355048 0)
(-0.0590324 -0.00413704 0)
(-0.0653921 -0.00478622 -2.66132e-35)
(-0.0722057 -0.00548814 3.98728e-35)
(-0.0796129 -0.00624432 7.22224e-35)
(-0.0874885 -0.00706068 -3.74159e-18)
(-0.0963695 -0.0079466 -3.40703e-18)
(-0.105377 -0.00890715 6.01853e-36)
(-0.116815 -0.00996231 5.35375e-18)
(-0.126346 -0.0111228 8.87935e-18)
(-0.14356 -0.0123461 6.01853e-36)
(-0.150997 -0.0138471 -4.2686e-18)
(-0.185187 -0.0161732 -9.0278e-36)
)
;
    }
    frontAndBack
    {
        type            empty;
    }
}


// ************************************************************************* //
